71.122215	21.923229	617.062500	0.354338	1.188453	-1.137370
67.986580	23.316166	618.554443	0.401210	1.171620	-1.089859
65.538994	21.357525	618.852783	0.423651	1.149651	-1.057008
67.148247	20.890182	619.383606	0.408561	1.165800	-1.094067
66.593262	19.421352	619.679749	0.396813	1.175590	-1.103369
66.547668	19.602150	620.724731	0.379551	1.177341	-1.127049
62.258945	18.636858	622.628601	0.453114	1.174561	-1.049766
62.614151	19.643883	620.526184	0.407953	1.170104	-1.096356
60.753819	19.649485	621.115723	0.451980	1.157858	-1.044905
60.241158	19.334791	621.407166	0.452001	1.167032	-1.062617
61.984619	18.985456	620.716064	0.429896	1.176476	-1.079334
61.329826	19.949387	619.430176	0.416249	1.166936	-1.101960
61.296585	19.352249	620.361755	0.458651	1.165178	-1.054879
62.158043	21.282013	619.378235	0.412979	1.164976	-1.119882
60.140800	22.151030	618.632324	0.431749	1.141803	-1.076723
62.395618	16.127848	620.004578	0.391085	1.186180	-1.124357
60.915020	13.381287	619.740112	0.415608	1.178183	-1.092846
60.166348	10.733419	619.659912	0.390770	1.176992	-1.101356
55.877399	10.749439	619.351440	0.495373	1.166881	-0.997823
52.359432	11.197380	619.405457	0.470369	1.167405	-1.029810
51.852589	9.322107	622.479004	0.519091	1.170847	-0.992781
51.524952	11.803375	622.649536	0.476883	1.175407	-1.046082
50.787376	13.732040	623.102661	0.486796	1.157385	-1.037618
47.845154	16.255001	622.073425	0.476318	1.126679	-1.072971
48.428833	19.004648	622.006042	0.438733	1.124080	-1.115614
47.407219	22.301651	622.318359	0.452769	1.132272	-1.115819
47.431911	20.696030	622.160034	0.455530	1.127632	-1.116110
45.227356	19.365028	621.449341	0.499259	1.107229	-1.071987
45.261600	18.946123	622.948486	0.479511	1.121569	-1.103794
45.039597	18.835815	625.120300	0.458054	1.126941	-1.122449
40.034546	23.095203	622.023621	0.472054	1.121913	-1.125811
34.824142	24.048082	623.450806	0.467179	1.105879	-1.124103
35.203346	31.283575	622.358032	0.361971	1.075958	-1.223965
33.038155	34.790874	621.664001	0.337053	1.056420	-1.248596
32.887157	36.463448	621.451050	0.314719	1.050699	-1.276804
31.953793	34.637154	622.082581	0.303524	1.066002	-1.291732
29.108315	37.538403	621.049438	0.297466	1.039690	-1.308621
27.743500	38.991024	621.265381	0.310872	1.044654	-1.295987
26.673418	41.767567	621.477539	0.305820	1.049279	-1.315979
27.423937	43.135506	621.877136	0.305833	1.059649	-1.331107
24.540512	43.131817	621.778809	0.313123	1.056177	-1.307299
26.710247	44.796501	621.544800	0.284952	1.050576	-1.341395
26.814672	42.607319	622.677795	0.275278	1.054730	-1.342265
24.956413	41.621098	622.019226	0.280310	1.038099	-1.323237
27.513533	39.556950	623.269836	0.258469	1.044925	-1.358182
24.951403	31.278463	623.404907	0.277245	1.050030	-1.333685
25.571064	24.825214	623.273376	0.297149	1.073040	-1.322654
25.025513	24.261709	619.803894	0.275518	1.036935	-1.305422
28.661955	18.389986	620.468262	0.261068	1.054877	-1.316577
27.534971	13.421890	621.617737	0.320005	1.059871	-1.248856
29.577711	11.152363	621.820557	0.332624	1.066268	-1.254664
30.559805	11.134445	621.320496	0.319738	1.053006	-1.259616
32.161263	10.195316	622.064453	0.298127	1.072526	-1.291977
31.573631	7.660393	622.103027	0.342095	1.073858	-1.245131
34.511581	8.376444	621.092712	0.296357	1.073563	-1.302883
32.514824	-0.763271	623.383057	0.350075	1.110148	-1.227082
35.323246	-1.133156	621.942993	0.301315	1.098480	-1.288384
35.351776	-0.696304	621.174438	0.312174	1.104349	-1.269572
34.635017	0.787659	622.948547	0.290692	1.098480	-1.296274
31.463030	2.591763	621.561218	0.345057	1.087128	-1.212795
33.038643	2.868835	621.696716	0.320807	1.090783	-1.255382
32.398567	2.531586	622.879089	0.309722	1.095744	-1.261631
32.748215	4.286839	621.867004	0.307973	1.069603	-1.260118
33.252590	3.379799	621.440491	0.319692	1.084045	-1.265541
31.263609	3.162716	620.496460	0.328393	1.085096	-1.243066
32.563492	2.704472	621.234009	0.326103	1.078555	-1.253254
32.092651	1.878712	620.610291	0.335867	1.088217	-1.233795
34.611984	3.417412	620.084900	0.284838	1.074921	-1.288947
34.764084	1.758835	619.493835	0.316528	1.085416	-1.283680
34.418015	0.691395	621.965698	0.306304	1.098948	-1.282411
36.307510	3.008358	619.909912	0.267785	1.070258	-1.311414
35.981297	2.659485	620.076172	0.277125	1.075102	-1.303657
33.856049	2.347012	619.843201	0.317685	1.069247	-1.245115
36.284538	4.164688	618.689453	0.280876	1.064628	-1.287794
35.488213	2.161602	619.624023	0.327320	1.089032	-1.255513
35.766041	4.505169	618.945190	0.286238	1.070706	-1.274141
35.504913	4.093987	620.081726	0.308379	1.074628	-1.261157
34.548233	4.504726	620.017090	0.348479	1.073020	-1.209161
36.511055	4.268116	619.963745	0.303791	1.071193	-1.257324
36.855450	4.825794	620.091064	0.307119	1.075195	-1.245386
35.621567	5.119640	618.965088	0.309797	1.071374	-1.243719
38.380692	4.507492	619.416077	0.292081	1.083451	-1.259972
37.738243	3.115448	618.542236	0.339292	1.114046	-1.224907
38.604469	3.565582	617.389771	0.332709	1.109741	-1.233652
38.919422	3.180088	616.507996	0.355935	1.112581	-1.212581
39.076653	5.586586	615.340637	0.362964	1.108213	-1.224853
40.679993	6.636600	614.219666	0.381475	1.132924	-1.205780
40.699318	4.942575	612.604065	0.454627	1.174935	-1.134620
40.551762	4.096697	612.849609	0.468556	1.183370	-1.112348
41.509850	6.068596	611.878967	0.446225	1.184157	-1.117706
40.686081	7.602146	610.089417	0.517940	1.189923	-1.049698
42.049763	8.777061	609.331787	0.466681	1.197495	-1.097865
43.174469	8.525694	609.767761	0.468215	1.212770	-1.084919
43.062126	11.517611	607.628540	0.489436	1.206199	-1.065030
41.001839	11.877678	607.565308	0.541201	1.204035	-1.016155
43.629852	13.439934	608.010498	0.501066	1.220233	-1.067558
43.770294	15.206993	606.799316	0.473535	1.211245	-1.086342
42.471916	15.911714	606.797119	0.498662	1.211590	-1.070834
44.420273	14.924192	607.198853	0.486270	1.225954	-1.066763
44.181236	15.659118	606.712036	0.490569	1.244419	-1.073989
44.191177	17.007572	607.000732	0.558662	1.255556	-1.020485
42.653774	18.228962	605.643005	0.588811	1.240377	-0.970444
40.726959	17.513523	605.667419	0.625020	1.241494	-0.927592
41.608978	16.263002	605.649170	0.685563	1.280614	-0.877617
38.803936	18.899433	604.335327	0.691482	1.265837	-0.872577
41.628059	19.484354	604.770630	0.630836	1.284794	-0.927818
41.302879	18.718052	605.082764	0.674054	1.299326	-0.868646
40.552055	19.517151	603.986450	0.647915	1.293873	-0.903297
38.483665	20.264662	601.694519	0.719500	1.279090	-0.834022
37.586868	18.325411	602.258667	0.755027	1.305779	-0.804742
39.098297	18.422245	601.580322	0.760472	1.320432	-0.802054
37.370430	17.312912	600.614014	0.899885	1.322826	-0.672455
40.547413	18.394276	601.203552	0.760923	1.354571	-0.806855
38.899143	21.348835	599.793030	0.762212	1.329401	-0.785514
40.496964	21.524065	600.827148	0.741314	1.332729	-0.812063
39.596584	23.436188	599.695007	0.707702	1.324488	-0.853548
					
39.030670	22.903397	599.515259	0.711313	1.315969	-0.844664
39.070679	21.786236	599.377319	0.687902	1.309325	-0.869057
37.722599	22.675079	599.322205	0.706326	1.305858	-0.852006
37.845787	21.802055	600.062378	0.686799	1.296134	-0.879755
38.694569	19.941708	600.010193	0.688417	1.294419	-0.872258
38.989342	18.675177	600.770874	0.688584	1.284020	-0.866224
38.782898	20.598490	601.397095	0.633740	1.268676	-0.936676
38.275524	18.088768	602.196899	0.643939	1.261011	-0.920625
40.246635	17.101112	603.561829	0.569679	1.237391	-1.005954
42.371300	18.236778	604.998169	0.527235	1.217735	-1.064116
42.840324	17.320320	605.509094	0.448901	1.200071	-1.119331
42.366817	16.693363	606.839355	0.444363	1.179436	-1.109354
41.857655	15.223347	610.608948	0.457245	1.142142	-1.107551
42.127769	13.611835	611.433899	0.403741	1.137125	-1.172933
40.958767	11.740282	613.131042	0.432605	1.128672	-1.138390
42.227947	11.777111	613.602783	0.356167	1.113570	-1.211086
42.183716	10.364147	617.084229	0.360108	1.100270	-1.193425
44.777229	12.047430	616.487244	0.333253	1.084418	-1.242274
41.116920	12.615891	615.567383	0.398445	1.059884	-1.166588
42.548607	13.015184	616.703979	0.354346	1.063157	-1.212237
45.120964	12.479267	618.256287	0.293795	1.052200	-1.275809
41.863621	10.877056	619.528748	0.343100	1.034461	-1.217937
45.396423	11.726086	619.797058	0.327374	1.017161	-1.268824
45.210651	10.260490	623.946960	0.340095	0.998376	-1.235374
47.843250	7.677959	628.860596	0.292978	0.996930	-1.277747
48.661488	9.265949	630.596497	0.299693	0.968648	-1.276070
48.855473	10.138725	632.744995	0.300521	0.950449	-1.270913
49.462231	9.190453	633.657349	0.288560	0.969860	-1.292047
49.160385	9.294323	635.658875	0.262975	0.948946	-1.290351
49.498428	10.419582	633.712830	0.281930	0.949090	-1.291032
48.514366	10.209854	633.966858	0.284201	0.934222	-1.285285
49.165276	9.047272	635.229431	0.266904	0.939913	-1.304124
48.836288	8.613705	634.063049	0.254994	0.936104	-1.325076
47.133369	10.787811	630.746704	0.276010	0.929486	-1.290464
47.943119	8.203625	633.130615	0.278605	0.916751	-1.282962
					
49.441395	8.270329	632.364136	0.258512	0.921946	-1.306542
48.090282	9.218323	630.312561	0.280100	0.920711	-1.281159
					
46.824142	6.731575	628.941833	0.279173	0.934016	-1.292884
47.635094	7.670597	627.426086	0.251888	0.943949	-1.328473
46.637115	5.444180	628.131653	0.263877	0.959745	-1.307163
45.987823	4.352646	627.054810	0.260417	0.979182	-1.306911
47.588779	3.216400	624.708496	0.250189	1.017848	-1.316522
48.657204	4.492573	623.113464	0.230126	1.003604	-1.342718
47.632103	2.674038	621.817261	0.256245	1.043707	-1.308309
47.109745	5.344715	620.360840	0.263327	1.032688	-1.303931
47.831577	8.625000	616.928650	0.265756	1.045391	-1.307722
47.786530	8.020500	615.872437	0.267291	1.069615	-1.302889
47.438839	9.845465	614.763062	0.280092	1.066289	-1.269624
46.790432	9.065313	613.129883	0.330451	1.102122	-1.233191
45.211357	11.454865	609.136841	0.355113	1.074977	-1.193366
48.370609	9.780441	609.774414	0.356323	1.119482	-1.216567
46.655479	13.598700	606.773438	0.340700	1.118557	-1.207907
47.163654	11.435093	604.624573	0.388520	1.174222	-1.170890
45.583569	16.074162	599.604980	0.316390	1.171860	-1.229963
43.718468	16.795855	597.965820	0.358197	1.183586	-1.197029
43.267853	18.999502	595.830688	0.389473	1.177870	-1.191931
45.747810	18.568577	595.253479	0.415548	1.192492	-1.158338
48.427670	18.515385	595.171509	0.377276	1.224777	-1.190730
47.617321	19.380159	594.148193	0.446894	1.222959	-1.093997
48.630379	21.477947	592.302673	0.408478	1.227512	-1.143010
47.332375	25.102619	591.124023	0.432711	1.220769	-1.105954
48.906796	25.726301	589.664124	0.421423	1.239867	-1.114525
47.805809	24.615728	589.113770	0.482163	1.256675	-1.045914
50.843723	24.844357	589.769470	0.482862	1.284387	-1.064920
49.964691	28.575649	586.738098	0.478841	1.280108	-1.054522
					
49.922180	29.843029	586.916626	0.609956	1.334284	-0.931715
					
					
					
47.892109	33.229164	586.280945	0.855042	1.351026	-0.648425
47.669998	36.331882	585.902954	0.779270	1.329055	-0.728709
					
					
					
					
					
					
					
					
48.148804	35.071999	587.998291	0.662646	1.336067	-0.854890
					
48.052628	34.460003	589.863098	0.578921	1.283710	-0.968873
48.556286	30.122856	590.725952	0.598828	1.278455	-0.950991
49.763588	28.070286	592.324707	0.457785	1.263729	-1.068701
47.683029	25.781471	594.856079	0.518973	1.246829	-1.012270
48.022324	24.910900	595.611511	0.502325	1.237410	-1.036741
48.701351	25.862648	597.593018	0.457648	1.201595	-1.069038
51.715321	23.393478	599.436829	0.402946	1.196847	-1.136553
51.125832	22.245262	601.184631	0.404861	1.189007	-1.151317
48.040138	23.887650	601.600525	0.437992	1.139447	-1.100668
47.759605	22.249819	603.799927	0.462229	1.145986	-1.083715
49.079765	20.184010	605.293945	0.423689	1.132403	-1.136717
49.104401	17.336134	607.067871	0.438165	1.126279	-1.108192
52.471481	13.860857	609.814026	0.363572	1.119783	-1.170150
55.891190	16.468590	612.361084	0.304942	1.080643	-1.256993
54.801311	16.405592	613.987244	0.314010	1.045922	-1.229818
58.009949	15.102201	617.167175	0.291069	1.026556	-1.265808
57.547295	14.770679	618.071167	0.319095	1.024188	-1.233045
57.765125	12.989220	622.089539	0.306302	1.002079	-1.229084
58.402489	10.528206	626.521484	0.323235	0.989546	-1.225863
59.710037	9.113300	629.013000	0.325387	0.978373	-1.227042
58.985790	10.734795	630.435608	0.330981	0.966024	-1.227286
60.808056	10.777451	631.127136	0.303413	0.958952	-1.272728
61.299660	10.693283	631.415344	0.281276	0.944265	-1.275918
60.454842	9.304214	632.573853	0.299089	0.948128	-1.269394
61.055054	10.486374	631.481628	0.305197	0.945335	-1.265959
62.799217	9.910282	632.362061	0.269001	0.943676	-1.293640
60.968040	9.974136	632.114868	0.284431	0.938057	-1.267162
					
					
					
					
					
64.442558	6.022163	647.256836	0.263083	0.921160	-1.283768
70.794411	5.385803	652.817932	0.233358	0.913074	-1.308933
					
67.040466	4.606102	661.061707	0.260430	0.917870	-1.243943
64.265709	4.845196	666.627991	0.258811	0.929293	-1.262244
59.770874	6.505978	670.750488	0.268087	0.930519	-1.257433
58.462399	7.210930	674.878052	0.270331	0.933289	-1.263941
					
63.572075	4.886993	680.420593	0.266624	0.967382	-1.267830
65.991722	4.194019	685.501526	0.268170	1.014244	-1.296616
65.020844	5.733433	685.609619	0.314037	0.993049	-1.236645
66.146492	6.747555	688.390869	0.311695	1.011084	-1.240833
66.105698	8.096634	689.777649	0.316227	1.019735	-1.226613
65.113029	10.743198	690.582458	0.344264	1.037616	-1.189944
65.323410	11.021404	692.223999	0.383441	1.053241	-1.136205
65.012398	11.639503	692.398376	0.394380	1.057407	-1.124103
67.338814	12.055670	693.735413	0.404121	1.066463	-1.120788
71.176460	16.682472	697.846863	0.363972	1.068022	-1.152148
73.526840	16.200008	701.082886	0.379877	1.075015	-1.156697
77.744057	14.719028	704.287842	0.380949	1.080906	-1.162917
82.762802	14.324688	705.673767	0.334378	1.091108	-1.182922
85.519974	12.692558	707.572510	0.330673	1.117291	-1.193790
84.290634	12.637417	709.253296	0.367064	1.108323	-1.152012
86.056122	14.825054	712.476990	0.346422	1.114012	-1.183493
86.293243	17.956747	713.519653	0.319428	1.087178	-1.205940
90.613701	17.903519	716.654602	0.288508	1.091390	-1.230993
93.027695	17.623135	719.025452	0.288703	1.129195	-1.234618
95.153503	15.868452	727.224609	0.329981	1.107970	-1.181576
95.938263	18.515720	725.690186	0.346521	1.118948	-1.174404
92.492470	19.648750	728.023315	0.338573	1.100882	-1.176277
90.478615	20.170881	729.024780	0.305174	1.100026	-1.212918
89.615143	16.057919	732.518982	0.363890	1.115664	-1.143771
89.685616	17.997585	732.849854	0.311259	1.124537	-1.174075
89.807434	18.468422	733.065796	0.321698	1.102259	-1.190534
88.431915	18.842804	732.378723	0.345263	1.109422	-1.166250
91.303879	16.161770	733.925293	0.288103	1.125781	-1.223738
90.140335	15.108337	736.724182	0.316566	1.120329	-1.209785
87.440399	17.122988	736.969055	0.339132	1.099768	-1.173702
87.158806	19.441729	735.419556	0.348256	1.083449	-1.178608
87.689102	24.911575	732.323120	0.316038	1.079851	-1.218367
86.850998	24.574203	733.437439	0.361619	1.110183	-1.170702
89.012184	22.242224	733.475708	0.373480	1.140514	-1.144675
90.547592	24.002098	730.724243	0.398228	1.146886	-1.132695
91.226624	23.903898	731.759033	0.403042	1.180130	-1.119721
88.643814	27.205414	727.611816	0.434969	1.172989	-1.075740
90.933594	25.296875	728.331177	0.427697	1.198287	-1.056711
94.103722	25.917376	727.200073	0.408711	1.228672	-1.081880
90.333282	24.904036	724.406921	0.536909	1.234477	-0.955132
91.553429	26.858374	723.042908	0.520696	1.258392	-0.958538
90.872711	28.530817	722.350037	0.510321	1.269448	-0.966801
88.970596	34.639606	720.689209	0.517973	1.281716	-0.978268
87.474831	37.253174	720.592224	0.609586	1.277661	-0.907745
89.796448	37.042084	720.341370	0.613686	1.312065	-0.881199
91.560387	37.109344	719.963806	0.646470	1.341900	-0.851280
90.615891	36.077877	720.017212	0.717242	1.343264	-0.773825
92.727707	41.125156	719.292114	0.611443	1.355706	-0.887295
87.421494	43.957497	718.532349	0.741503	1.314990	-0.752937
85.978027	42.130722	718.916992	0.858383	1.335862	-0.625431
87.376038	42.775024	719.249268	0.817271	1.353655	-0.652928
89.189964	43.964447	719.743408	0.690450	1.381613	-0.773320
88.599838	44.848503	719.853271	0.707179	1.387084	-0.775578
90.893806	44.887733	719.990601	0.634302	1.397092	-0.837338
90.539352	45.628395	719.716187	0.657604	1.377500	-0.798282
90.733376	42.715199	720.932861	0.745447	1.395011	-0.718204
92.828735	44.121613	721.697388	0.609130	1.379359	-0.875424
89.173698	43.548973	722.042480	0.728001	1.340429	-0.730600
88.734222	43.040558	723.950195	0.713980	1.336587	-0.754631
88.749329	44.349270	724.740967	0.678146	1.327074	-0.810406
87.616440	46.502441	727.939026	0.591037	1.288566	-0.874491
85.179718	43.290062	729.809753	0.737485	1.282795	-0.717665
85.157143	48.217243	729.962646	0.637939	1.247081	-0.821215
83.909889	49.788284	732.358826	0.581950	1.224270	-0.900637
80.605949	47.454292	733.705322	0.601069	1.201689	-0.884564
82.174271	41.678299	735.576294	0.568235	1.198786	-0.933451
84.320305	43.213425	738.373291	0.494154	1.160082	-1.014316
84.052582	43.066025	740.947144	0.456530	1.178950	-1.035627
82.423218	45.518456	742.627075	0.430439	1.137988	-1.065843
79.716743	43.635944	745.714539	0.451744	1.111564	-1.059784
81.390236	44.468792	747.909058	0.394028	1.117335	-1.133066
77.027229	44.820057	749.379883	0.447730	1.074877	-1.060948
80.289688	45.496269	752.777466	0.390073	1.060908	-1.114268
79.453339	46.411957	753.696716	0.441381	1.033703	-1.071555
81.625259	47.693058	754.203125	0.422415	0.998308	-1.086752
87.692566	42.979126	755.295654	0.329760	1.025143	-1.183570
88.477806	42.430317	753.876038	0.404302	0.992017	-1.104189
93.495758	43.782406	755.489380	0.331336	0.983706	-1.156018
93.474144	44.657391	757.914856	0.337330	0.971524	-1.163531
93.768295	47.012459	758.443237	0.323703	0.940156	-1.189642
91.151154	46.555248	761.102783	0.380846	0.933104	-1.142751
93.510605	46.113293	761.056213	0.330334	0.892150	-1.178003
92.723709	42.311142	762.101074	0.343814	0.893431	-1.173647
94.956345	39.729416	761.619446	0.326985	0.883881	-1.204104
104.763031	27.885889	811.505737	0.325467	0.904663	-1.234343
					
95.571716	25.732847	770.770569	0.360497	0.890127	-1.206302
96.062973	25.961618	770.754333	0.334111	0.889321	-1.217166
94.311615	26.287867	767.109985	0.358462	0.877054	-1.189981
94.608826	22.127020	767.908936	0.379102	0.874298	-1.158030
94.704178	24.597832	765.413452	0.368474	0.882433	-1.177803
94.874481	23.256479	765.106812	0.374877	0.877426	-1.157759
98.337517	22.912437	764.778625	0.373110	0.890880	-1.176668
101.017258	21.129223	766.349365	0.335095	0.902584	-1.184514
103.511223	25.894043	766.802124	0.330455	0.931746	-1.202485
103.737137	31.418152	767.430542	0.342138	0.922063	-1.208235
102.211258	32.566193	766.159241	0.372352	0.896369	-1.187801
99.623146	27.701809	765.820496	0.379394	0.931364	-1.165221
101.999054	23.467960	761.689819	0.337876	0.950191	-1.186087
104.503311	15.902054	762.287292	0.376928	0.964675	-1.150485
104.265236	15.616314	759.792908	0.380699	0.998376	-1.173065
101.346970	15.379696	758.903198	0.420871	0.999799	-1.097661
102.234116	13.860622	753.266296	0.424151	1.032175	-1.108056
101.035339	11.164707	753.953003	0.425935	1.050408	-1.085706
97.936455	11.111725	752.770264	0.448300	1.070270	-1.080657
94.008621	16.056589	750.797119	0.416466	1.070306	-1.088037
93.063362	18.607353	747.591431	0.440691	1.064071	-1.072281
94.627060	15.156765	748.356323	0.422719	1.084325	-1.081652
94.970039	13.697367	749.780579	0.444429	1.124096	-1.074473
92.406769	15.121244	747.743774	0.489305	1.122340	-1.011237
90.441681	13.905054	745.594788	0.523843	1.117779	-0.991441
90.612213	13.804235	743.705627	0.437044	1.148909	-1.097742
86.731041	15.491047	742.089783	0.465863	1.130545	-1.053375
88.256813	16.468004	742.931763	0.459512	1.156985	-1.074002
90.496407	14.361156	740.124084	0.451783	1.195043	-1.093475
90.182251	14.605295	739.080872	0.438960	1.192945	-1.099156
90.958244	16.378334	738.077942	0.383442	1.227147	-1.147002
85.958191	20.271984	733.694153	0.477063	1.210866	-1.090494
81.333504	20.895033	734.001648	0.553130	1.222689	-1.023113
80.031158	21.089411	732.382568	0.553063	1.234939	-1.011013
77.315399	22.640278	729.919617	0.589747	1.253828	-0.962281
74.351166	25.032101	732.661133	0.691731	1.282571	-0.855114
71.555389	27.941826	729.860352	0.749293	1.287806	-0.769615
70.883575	29.957291	729.210938	0.776572	1.304307	-0.738175
68.980736	30.058195	728.710754	0.852496	1.325978	-0.669416
65.839653	27.763908	728.899902	0.971486	1.335510	-0.548347
					
66.252365	33.415699	726.804382	0.855433	1.328399	-0.674714
66.295166	31.650444	726.859131	0.955104	1.330240	-0.566769
62.880573	35.226875	728.763000	0.945638	1.325070	-0.565500
62.825523	37.585083	729.601807	0.828841	1.318381	-0.694445
60.029633	36.712967	729.467590	0.839458	1.309571	-0.681868
62.056026	37.747009	729.653870	0.814873	1.319281	-0.706259
60.356602	38.928955	729.054016	0.910198	1.290049	-0.624985
60.136551	40.229584	728.028748	0.894615	1.287899	-0.630687
62.490604	39.138344	729.289673	0.788347	1.300649	-0.734727
63.187675	33.745811	729.543152	0.794069	1.313694	-0.718614
62.719452	31.833717	730.319153	0.811457	1.304424	-0.711411
62.678490	31.831232	731.005493	0.776873	1.291375	-0.738653
64.175201	33.071827	732.995361	0.686098	1.250522	-0.815956
63.957886	31.223545	735.007690	0.722634	1.252327	-0.780266
62.825581	28.086647	734.012695	0.760746	1.217202	-0.759295
64.483757	31.259487	735.418274	0.605245	1.162298	-0.932932
63.682243	29.062542	738.541992	0.588047	1.166303	-0.959233
61.889915	29.908804	739.732483	0.575001	1.143916	-0.994948
63.610405	28.786869	742.400085	0.464254	1.134089	-1.101198
62.025204	26.229740	744.080017	0.509814	1.124524	-1.072137
58.640125	25.387669	746.580200	0.497083	1.084202	-1.063920
62.827576	20.676010	753.872742	0.400198	1.121070	-1.143235
61.405724	22.364666	756.028870	0.415943	1.071208	-1.127377
59.269501	20.901508	756.408447	0.433189	1.054955	-1.122865
58.876480	21.318453	758.293884	0.425351	1.028447	-1.125591
59.585060	21.021122	760.211792	0.402366	1.003363	-1.162547
58.949123	17.616001	760.825378	0.413049	0.994621	-1.145046
57.562969	18.967678	761.822449	0.424139	0.972886	-1.151529
55.497997	16.166204	762.343079	0.466303	0.984007	-1.103462
57.343025	16.789791	759.624512	0.436879	0.989983	-1.149122
58.338478	13.676645	761.227722	0.407281	1.027765	-1.175476
57.850525	11.989393	760.722290	0.396352	1.016832	-1.177642
57.238350	8.719364	760.716187	0.455641	1.041457	-1.143477
61.444180	6.970818	756.935547	0.392537	1.072056	-1.223589
60.116570	3.710381	756.115234	0.412655	1.078261	-1.185685
58.033985	1.812210	752.824158	0.453029	1.096817	-1.125822
59.591995	4.541925	747.369141	0.416426	1.109483	-1.188392
56.130802	5.120707	746.037170	0.517359	1.128804	-1.069280
56.059143	5.892864	744.304810	0.467960	1.166305	-1.118720
53.539448	9.134087	741.942017	0.530573	1.153965	-1.044399
53.945683	7.712536	742.818420	0.519376	1.182172	-1.069682
55.745613	5.521893	740.918823	0.495652	1.185675	-1.088869
56.147911	3.352787	741.510864	0.538245	1.207066	-1.034246
55.182281	6.422112	740.662354	0.532909	1.177397	-1.035105
53.578773	8.787626	739.628906	0.572988	1.144630	-0.985497
54.976372	10.157606	739.856018	0.554401	1.151306	-1.021209
58.592014	10.624960	740.281372	0.546667	1.163779	-1.025450
59.728760	11.187115	743.331909	0.553017	1.167345	-1.008242
60.924328	10.134447	743.671326	0.587153	1.177220	-0.982088
64.629471	11.518211	744.650085	0.589825	1.175131	-0.987920
64.627243	12.536808	744.790405	0.672462	1.148632	-0.896495
67.394737	16.495846	745.591248	0.683949	1.114464	-0.883727
70.962181	15.969696	746.916138	0.707085	1.123103	-0.830396
83.928711	19.832439	786.243530	0.803580	1.078973	-0.775220
86.169800	19.888981	788.160278	0.888099	1.050633	-0.688923
92.847565	18.772535	794.956848	0.844160	1.071801	-0.728087
91.231079	20.688740	797.196045	0.973091	1.003915	-0.618624
94.980286	19.575691	801.525818	0.976692	0.988519	-0.607973
					
					
					
					
					
					
					
					
					
					
					
					
					
					
					
					
76.163399	18.197737	747.786743	0.980694	0.950453	-0.642753
84.323608	17.359674	794.716919	0.981255	0.972038	-0.667986
76.380844	11.664484	754.349426	0.864396	1.109735	-0.731086
67.549232	15.737587	747.515625	0.903267	1.034754	-0.708267
69.798546	15.517246	746.470337	0.821510	1.084431	-0.813069
67.065231	14.714050	747.669617	0.772258	1.063415	-0.835297
65.597382	12.659565	747.312134	0.772088	1.107268	-0.853784
62.860847	15.789272	746.616211	0.672200	1.087816	-0.946407
60.734615	13.192221	747.146484	0.670568	1.128870	-0.934745
59.221230	14.479639	746.430664	0.626344	1.136988	-0.963789
58.120918	16.075741	746.832092	0.573268	1.149969	-1.032095
57.053558	17.915375	744.450562	0.507340	1.168194	-1.069842
53.474331	19.301918	743.848389	0.450302	1.179151	-1.138041
54.689388	15.994619	744.969971	0.401342	1.218918	-1.188260
50.509872	17.828205	741.733704	0.391457	1.207951	-1.178745
47.186039	18.718777	740.917908	0.375643	1.214476	-1.192201
45.938015	21.398670	740.221313	0.240374	1.224249	-1.317230
43.054756	21.700073	739.914490	0.294919	1.214293	-1.259764
42.092850	-41.014038	760.465576	-0.999453	1.117192	-2.508933
42.731518	-41.858887	757.873840	-1.117301	1.126774	-2.576598
40.496803	21.755163	734.793396	0.116321	1.243770	-1.432533
41.332035	21.034803	734.115967	-0.038578	1.256275	-1.604177
36.133221	20.981949	734.108459	-0.011807	1.256749	-1.578696
35.510441	18.365747	734.145935	-0.145513	1.258819	-1.696743
32.212399	17.291010	733.134705	-0.146873	1.257542	-1.704572
30.167965	17.059050	731.799561	-0.187831	1.242869	-1.752594
27.401382	15.752970	732.769592	-0.213248	1.243167	-1.775598
26.756632	15.870857	732.078369	-0.293703	1.217746	-1.867111
26.263708	17.876244	730.726074	-0.309088	1.204184	-1.880010
21.333103	15.481484	731.203125	-0.327472	1.221403	-1.880633
21.144547	14.248344	731.016663	-0.498172	1.214092	-2.047567
17.987640	12.714426	729.161133	-0.502386	1.217119	-2.061908
14.175279	11.095106	729.771973	-0.503551	1.239001	-2.074698
15.236032	12.661432	729.199585	-0.584695	1.218609	-2.139532
14.234097	9.703955	731.690918	-0.611792	1.237708	-2.177797
13.759109	12.448311	729.105652	-0.615536	1.215079	-2.167570
12.362377	13.833906	728.232300	-0.669877	1.217813	-2.211673
13.703424	15.680979	728.098755	-0.741950	1.179450	-2.293479
15.303099	12.401957	727.972229	-0.824127	1.174942	-2.353377
11.992057	13.070440	727.740356	-0.822127	1.167456	-2.340187
6.974873	12.590715	729.985474	-0.789531	1.176392	-2.338074
7.564131	12.029463	728.028992	-0.818994	1.176274	-2.366225
6.181362	11.448391	728.589294	-0.796702	1.195010	-2.347392
7.769015	15.129205	727.343445	-0.784191	1.155450	-2.327783
7.850036	14.296928	727.588867	-0.801952	1.162624	-2.347117
7.510235	16.402754	726.431946	-0.785152	1.156256	-2.319304
7.535774	16.296844	726.462341	-0.786662	1.157077	-2.322127
7.806598	14.572626	727.516418	-0.805518	1.160347	-2.340095
6.955896	12.677420	727.975708	-0.786810	1.175840	-2.337356
9.062744	10.644932	728.295532	-0.812346	1.186100	-2.354070
9.743423	12.496702	728.140808	-0.769561	1.215244	-2.297930
12.572618	14.763140	726.258301	-0.673680	1.218072	-2.226291
14.872581	19.178066	724.156067	-0.641522	1.215360	-2.176014
18.002970	18.509785	723.011780	-0.612715	1.245409	-2.173832
17.981476	20.324287	722.678223	-0.508239	1.273054	-2.069070
17.035919	22.559206	722.877686	-0.298373	1.282233	-1.876017
21.593994	23.311722	721.364014	-0.289956	1.304779	-1.852486
26.763149	23.307741	721.406128	-0.295025	1.307266	-1.841034
28.903027	25.031307	721.373474	-0.104259	1.306627	-1.675992
29.778496	26.518982	720.941711	0.101778	1.287038	-1.454144
32.416298	25.741123	722.987427	0.254786	1.290159	-1.317077
33.851452	24.836988	722.764648	0.327872	1.279984	-1.229079
38.259258	23.881931	725.803284	0.418559	1.284949	-1.160393
39.368809	24.447479	725.157776	0.541004	1.257646	-1.038693
44.434479	24.539892	727.118164	0.542112	1.257932	-1.046473
46.161186	21.313915	728.773376	0.656679	1.245129	-0.918934
47.973854	21.131504	728.841309	0.729185	1.210918	-0.865714
55.047947	22.413382	732.040100	0.681126	1.185757	-0.909888
56.122498	19.599045	732.759155	0.778071	1.176474	-0.799677
65.015419	19.933321	734.734802	0.839653	1.144589	-0.743553
68.231285	20.919773	735.784180	0.836838	1.177590	-0.757349
67.164902	22.649933	736.546936	0.841819	1.111127	-0.740831
68.219292	20.521238	736.765198	0.918235	1.117152	-0.671593
69.060204	21.515745	736.321045	0.895637	1.104914	-0.687876
69.622299	20.691376	735.993286	0.881849	1.095578	-0.684693
70.111176	21.645741	734.878540	0.910147	1.066103	-0.683780
68.638260	24.063807	732.738586	0.894336	1.062743	-0.670334
70.493271	24.196903	733.511353	0.911124	1.032806	-0.670883
71.686363	24.260494	734.251709	0.937376	1.050732	-0.623783
					
88.656281	18.016500	739.836548	0.888715	1.215698	-0.655936
76.734215	23.802164	732.954712	0.998556	0.996743	-0.582679
					
86.308273	18.748850	738.722107	0.931463	1.148305	-0.619663
77.722878	25.991955	731.082581	0.973210	0.976951	-0.627819
77.483231	26.220697	729.316162	1.004691	0.982643	-0.606068
79.319916	21.777164	730.243042	0.999489	1.026878	-0.597600
80.741280	20.196985	731.755554	0.979198	1.040108	-0.626254
75.840744	23.452879	728.174866	0.986973	0.979512	-0.617764
79.883209	20.078926	731.116394	0.920698	1.049953	-0.671744
79.154053	19.540882	727.450012	0.871115	1.032863	-0.702719
79.518921	16.937546	729.305237	0.863271	1.079762	-0.709069
84.206863	12.989978	770.388000	0.847032	1.083228	-0.704755
82.588577	12.388538	769.843140	0.855949	1.094868	-0.712343
					
74.281151	16.221809	764.309204	0.734817	1.135960	-0.832920
64.617477	14.650921	729.341248	0.666790	1.165783	-0.891321
58.781410	12.860315	728.178467	0.573389	1.193459	-0.973806
51.026840	11.027739	728.322327	0.372359	1.198216	-1.199530
46.070709	9.315393	728.214600	0.309866	1.228715	-1.244649
45.693306	9.382383	726.184753	0.161349	1.227119	-1.400203
45.105541	9.239386	724.011108	0.013680	1.219834	-1.555812
40.613731	6.330875	723.616028	0.041516	1.243441	-1.519963
40.074413	6.941639	721.440918	-0.085133	1.235804	-1.636732
38.595978	5.032560	719.693359	-0.139316	1.244171	-1.715901
35.425610	8.126610	718.944580	-0.148330	1.218231	-1.712824
32.372154	6.962706	717.785095	-0.190711	1.247416	-1.744320
30.074076	7.728508	716.211365	-0.257176	1.263557	-1.807606
29.271936	7.556595	714.258301	-0.286767	1.264343	-1.834956
27.319710	7.408154	714.171387	-0.338312	1.260919	-1.893691
25.750961	14.275224	710.564575	-0.413790	1.198298	-1.984279
19.674730	13.569328	711.556824	-0.358918	1.234264	-1.916008
18.803642	17.187454	709.800354	-0.439001	1.204444	-1.981287
18.673679	14.982306	710.986145	-0.497900	1.212373	-2.028806
18.835432	17.307329	709.718018	-0.606621	1.167763	-2.141241
17.434996	16.620470	710.767883	-0.638777	1.169451	-2.173428
17.620689	16.044119	713.016968	-0.724681	1.146839	-2.267591
15.656893	15.339226	713.865112	-0.771785	1.141681	-2.311588
12.279632	13.219002	715.179932	-0.740299	1.151009	-2.281968
11.872729	15.540564	715.219971	-0.743880	1.121844	-2.298201
11.551476	12.091509	717.440857	-0.809538	1.159307	-2.362419
10.097423	14.762576	717.081421	-0.753453	1.147220	-2.320779
8.912519	17.475628	716.951843	-0.759746	1.142981	-2.309691
9.385536	16.840206	717.050110	-0.782466	1.144962	-2.333288
8.377319	16.910437	717.348633	-0.766059	1.153678	-2.309294
7.222367	18.691780	719.108276	-0.752574	1.147207	-2.293663
6.396197	17.267490	719.825928	-0.767059	1.169217	-2.303982
9.399707	18.045118	718.630066	-0.770436	1.132662	-2.307610
11.093883	17.323418	718.663574	-0.747637	1.133651	-2.287663
12.650703	17.664574	719.155823	-0.744200	1.148012	-2.287747
13.779997	18.744884	720.242981	-0.645458	1.152576	-2.164453
18.783512	14.799200	719.093445	-0.459550	1.214387	-2.018401
24.364799	14.672509	720.869019	-0.427035	1.208755	-1.962981
25.561747	17.348804	721.212769	-0.267975	1.221941	-1.804990
32.296803	14.427534	723.383911	0.071402	1.269071	-1.463586
38.305969	16.016418	722.571838	0.102112	1.276581	-1.424918
41.183064	14.724781	720.370605	0.261506	1.269362	-1.276205
47.854607	13.786382	720.603943	0.274836	1.281231	-1.262294
48.438686	13.504994	718.911560	0.383516	1.253157	-1.128164
50.255333	12.951830	718.998169	0.431902	1.256596	-1.098290
50.223572	12.021625	718.876587	0.420779	1.254014	-1.100323
51.811180	13.917113	717.788147	0.389545	1.249364	-1.140288
50.859573	13.587723	716.435364	0.402529	1.234576	-1.119867
51.525448	13.477456	716.558167	0.485757	1.240511	-1.049323
51.644413	14.245949	714.231567	0.481049	1.192897	-1.041804
51.208263	11.233423	712.779846	0.529238	1.211511	-0.994166
53.873829	10.204752	712.506287	0.496791	1.203890	-1.036879
54.281136	7.431801	712.953003	0.476159	1.220303	-1.073979
53.829105	7.278854	711.845276	0.500510	1.216476	-1.042575
52.216156	6.785873	710.588928	0.492233	1.207423	-1.041690
53.293549	6.870659	710.444153	0.500289	1.202632	-1.026879
52.805569	3.714148	712.275208	0.524522	1.233522	-1.023939
55.168705	3.444826	712.760254	0.424206	1.251783	-1.099006
54.800644	4.162617	715.210327	0.467887	1.232101	-1.058738
55.240547	5.374838	715.195435	0.472256	1.229541	-1.053464
58.225529	7.087240	716.593323	0.416929	1.244243	-1.092706
61.484268	8.603979	718.550171	0.464741	1.242364	-1.029124
64.305588	16.821514	718.538452	0.484464	1.204584	-0.969132
65.254219	17.669220	720.254272	0.526290	1.194477	-0.919072
65.766495	17.459452	723.030029	0.533996	1.187119	-0.885892
66.847717	21.459095	722.467285	0.543267	1.167642	-0.860820
73.253769	19.969860	729.287842	0.448681	1.231944	-0.923005
71.303429	23.818573	728.107605	0.492464	1.188249	-0.867583
72.495224	25.254978	727.908875	0.501509	1.180559	-0.860375
74.194580	26.178326	730.233643	0.459091	1.191183	-0.880733
75.226257	27.723181	731.405823	0.409344	1.197188	-0.921737
71.887466	31.925892	729.060059	0.492417	1.151849	-0.831028
76.132660	33.764755	729.691467	0.397054	1.171729	-0.920095
77.130814	33.582741	729.739868	0.386317	1.172816	-0.912510
76.143730	33.772827	730.150024	0.429703	1.186167	-0.843896
78.641975	33.254738	731.357422	0.453157	1.193421	-0.837882
75.464783	34.982857	730.896851	0.436241	1.177835	-0.824077
77.703018	36.824482	730.062073	0.389188	1.182280	-0.870854
76.199684	40.728233	728.965698	0.374270	1.147807	-0.913159
77.856262	37.515587	729.444763	0.367977	1.162641	-0.907251
79.044586	37.041374	729.501343	0.330022	1.164889	-0.950084
75.922318	35.238762	728.876038	0.412119	1.147156	-0.865776
76.883858	34.302700	727.123718	0.405160	1.153363	-0.892383
79.182045	33.027603	727.217957	0.406778	1.190182	-0.941083
78.496979	30.890654	726.876343	0.350238	1.179544	-0.977274
74.127228	29.800922	721.925293	0.475013	1.149393	-0.885918
70.643478	28.029415	721.643921	0.523611	1.141713	-0.836589
72.834610	26.342894	723.141968	0.400742	1.189001	-1.013219
71.083923	24.074436	723.261353	0.401794	1.193877	-1.032808
67.605751	22.349873	722.801941	0.465568	1.179042	-1.007476
61.056068	25.018394	720.080627	0.545853	1.155423	-0.948528
64.298813	22.472183	720.037476	0.430200	1.185117	-1.117785
63.089745	20.352966	720.709473	0.389090	1.209138	-1.170982
53.958004	21.135685	717.240601	0.530634	1.160417	-1.067895
54.759007	16.491001	718.450745	0.434023	1.200519	-1.172575
51.525589	16.828535	716.250122	0.471127	1.191888	-1.149986
51.453857	13.634403	717.434998	0.434404	1.201097	-1.220029
47.723457	14.983637	715.566833	0.516514	1.170826	-1.156157
47.452255	11.320757	715.299500	0.520724	1.194889	-1.170432
47.540478	11.196846	715.492188	0.511521	1.202365	-1.207255
46.043159	11.949858	715.126953	0.537215	1.191078	-1.204182
43.074043	9.288332	715.036316	0.578453	1.220951	-1.148095
42.773514	10.560648	712.468445	0.481041	1.236805	-1.271242
40.022263	11.068119	711.470947	0.553956	1.237775	-1.208609
41.226604	7.871834	711.365723	0.502430	1.274015	-1.268502
39.621979	10.887024	709.759888	0.511766	1.248801	-1.276071
36.842243	10.375748	708.291931	0.610626	1.229862	-1.186810
37.030235	9.536112	706.499390	0.553098	1.237802	-1.274063
35.502876	8.670052	705.276489	0.618301	1.229843	-1.229458
31.947292	7.787865	704.899048	0.696423	1.216239	-1.156241
29.244474	8.641283	702.869141	0.643004	1.214572	-1.221887
30.905247	8.027061	702.404480	0.546262	1.233974	-1.315152
29.224829	9.115721	701.013123	0.570294	1.218708	-1.307588
26.158615	8.653885	700.945984	0.648408	1.216882	-1.234275
26.562340	7.781673	701.385986	0.621512	1.234410	-1.280097
25.184076	7.412794	699.821167	0.689682	1.248740	-1.222276
24.700630	6.828844	699.074036	0.682313	1.259054	-1.236328
27.247089	8.249306	696.819641	0.621594	1.248252	-1.315782
27.511311	6.187077	698.116333	0.612300	1.261699	-1.316048
24.771622	7.871534	698.100891	0.691469	1.259972	-1.238276
29.252960	7.588335	697.825500	0.563757	1.289749	-1.366860
27.798861	9.620968	697.983154	0.656100	1.255907	-1.283563
26.154549	12.971262	697.075745	0.689793	1.220491	-1.249866
23.951595	13.547695	696.998047	0.741875	1.217206	-1.171674
29.718380	12.759933	698.662537	0.621370	1.241804	-1.282315
26.422443	10.370739	698.845642	0.705880	1.248308	-1.183742
29.237337	9.233707	700.125488	0.590592	1.260653	-1.286181
30.754808	8.732605	699.873535	0.603119	1.250898	-1.267829
30.683289	8.908501	702.115540	0.592612	1.261393	-1.254609
29.507427	13.098816	698.948303	0.695373	1.215494	-1.125153
33.268822	12.580803	702.138000	0.621323	1.260880	-1.169631
33.624855	13.362848	702.164978	0.625508	1.260726	-1.137198
35.366581	16.219677	703.028687	0.589496	1.256039	-1.172967
33.624352	17.729733	702.303162	0.702076	1.227230	-1.040905
33.881432	21.704792	701.711792	0.709499	1.205918	-0.995098
33.054741	22.978109	700.875305	0.717900	1.209802	-0.953090
35.093788	23.793531	702.556396	0.626211	1.235340	-1.044170
33.793121	24.133114	702.203735	0.634396	1.221724	-1.005631
35.291092	23.848553	701.783569	0.624068	1.241827	-0.998702
40.517303	23.898157	702.721680	0.475406	1.280298	-1.126277
41.378376	25.792601	702.760498	0.479826	1.282376	-1.112177
41.453907	26.299820	702.913025	0.459459	1.289615	-1.103745
39.062485	30.005375	701.984314	0.516755	1.249617	-1.008035
40.682854	30.739487	701.901001	0.470720	1.245430	-1.040606
42.232597	30.298038	703.066223	0.468592	1.252784	-1.043089
43.839241	31.209993	702.286987	0.447441	1.259052	-1.062267
43.366631	32.857956	702.675415	0.426923	1.236201	-1.072830
43.989849	33.076797	703.061584	0.414931	1.249598	-1.073430
44.883835	34.311707	703.973267	0.408989	1.246638	-1.069421
49.028297	35.795555	706.101074	0.330628	1.252619	-1.135733
47.830608	38.250114	706.501770	0.358289	1.229144	-1.111634
50.510860	36.574821	710.530273	0.351310	1.269412	-1.103643
52.666389	37.111889	711.335571	0.347279	1.262383	-1.106082
53.182922	39.334316	711.099731	0.386956	1.251010	-1.041034
53.779121	39.670769	712.069214	0.355525	1.250217	-1.063303
53.083199	40.722942	712.001953	0.380745	1.246487	-1.038060
50.899738	40.182602	712.709045	0.469076	1.236815	-0.955781
52.613255	40.131275	712.093079	0.388306	1.249929	-1.010102
52.611404	40.493778	712.963196	0.388273	1.245938	-1.017730
52.851097	41.706085	713.007080	0.381676	1.246694	-1.027511
52.384296	43.194054	713.929016	0.376504	1.243800	-1.042247
51.327530	41.101868	713.810120	0.400307	1.237670	-1.018360
50.030533	40.995277	715.674622	0.416275	1.234556	-0.996368
50.470360	39.830807	715.787720	0.397124	1.237624	-1.004041
49.539238	38.742065	715.925476	0.466959	1.242675	-0.950874
53.028404	39.964272	715.822449	0.397829	1.239438	-1.022134
53.616425	37.681271	715.906311	0.399565	1.244003	-1.040499
58.891621	32.168736	718.164368	0.241202	1.299682	-1.202169
54.051117	30.843124	716.783569	0.386671	1.281921	-1.051507
55.671394	30.578356	716.759766	0.316558	1.281791	-1.131705
49.838936	31.625175	713.586365	0.509293	1.233813	-0.963214
50.932434	33.393250	713.230408	0.459672	1.221784	-1.033152
50.967354	31.292179	713.193848	0.466684	1.220690	-1.036154
50.627243	28.144993	715.700012	0.474788	1.240971	-1.066081
48.036671	27.103022	713.355103	0.458681	1.228122	-1.092788
44.073494	26.167578	711.027527	0.546530	1.214810	-1.039784
46.600639	25.005678	712.326965	0.431859	1.227894	-1.203672
44.568714	19.188110	711.838562	0.542775	1.247799	-1.097746
42.748577	21.333683	709.917725	0.566191	1.213091	-1.082795
43.154667	21.263727	710.170044	0.537444	1.222172	-1.126279
42.073887	20.548061	709.491089	0.617487	1.198741	-1.037855
43.618515	21.458158	708.659424	0.552939	1.203696	-1.129527
42.709118	19.721333	708.896973	0.567678	1.213267	-1.129906
39.296478	20.353184	706.912109	0.636593	1.179332	-1.089178
37.085594	21.842772	704.068359	0.626957	1.183626	-1.137061
36.267143	20.746288	705.450806	0.659181	1.197825	-1.126191
33.476181	20.426682	705.467468	0.694001	1.198004	-1.102718
33.445343	20.935722	705.080872	0.656821	1.184540	-1.158683
33.759392	21.001415	704.721130	0.622377	1.205902	-1.196531
32.540741	19.354298	705.610413	0.590621	1.202905	-1.231262
29.312326	20.284739	703.551819	0.633884	1.199700	-1.191682
32.426022	18.895704	704.428345	0.570773	1.231723	-1.288498
29.203072	19.183483	704.250610	0.636708	1.190381	-1.236249
28.968391	17.019688	704.486572	0.678675	1.197959	-1.184749
28.378193	15.171808	707.166443	0.703813	1.188589	-1.161330
30.409657	16.367008	707.995361	0.635738	1.182193	-1.236452
29.737194	17.679668	708.925232	0.634145	1.180677	-1.249014
26.906677	13.978937	709.092224	0.720426	1.185295	-1.144011
29.805296	13.065922	710.792114	0.660674	1.211090	-1.224080
28.647320	13.747177	709.448853	0.696584	1.197421	-1.194816
26.280643	15.235977	709.430298	0.727462	1.165513	-1.139537
26.640434	14.500061	709.015137	0.707933	1.182829	-1.173012
27.984356	15.508032	708.658691	0.685917	1.172129	-1.195798
28.400759	13.265478	709.381042	0.714487	1.196389	-1.145771
27.946835	15.378136	708.000000	0.700028	1.182347	-1.148721
31.033522	14.788209	708.341919	0.666365	1.194498	-1.167950
27.906437	14.803357	707.772217	0.736517	1.175941	-1.074434
31.900694	13.186799	708.878174	0.663545	1.212850	-1.137721
29.506298	12.523468	709.847778	0.704978	1.212155	-1.082966
31.532101	12.791134	710.093384	0.609708	1.220767	-1.152825
35.026054	11.881614	710.563965	0.555757	1.238638	-1.183708
31.566261	12.869053	710.286743	0.637186	1.227014	-1.101224
33.808537	14.827431	709.602600	0.592071	1.203789	-1.133182
33.301384	9.837038	710.917419	0.514548	1.252421	-1.187313
27.084103	7.680538	710.618835	0.669342	1.241064	-1.027813
29.259205	6.585911	710.780701	0.548220	1.247778	-1.161373
26.045612	5.592972	710.764709	0.610323	1.247815	-1.073159
24.447163	5.964808	709.400879	0.671827	1.233179	-1.026612
24.963783	5.669640	709.378296	0.667486	1.232655	-1.001575
24.220312	4.599991	709.398438	0.660955	1.234055	-1.009787
25.557991	6.570759	709.425964	0.614063	1.233385	-1.074604
22.215601	6.009817	710.958618	0.654349	1.217324	-1.038672
23.427641	4.769112	711.215698	0.617207	1.226201	-1.071761
25.234066	5.309248	712.289734	0.650714	1.229791	-1.048658
25.646172	4.239508	712.152344	0.665750	1.224691	-1.027077
26.377432	5.632751	711.790649	0.695462	1.211836	-0.990131
26.106625	4.313986	712.327148	0.700935	1.231724	-0.986076
26.552130	4.976658	711.042664	0.699626	1.221549	-0.984839
25.441992	4.676825	709.272583	0.749339	1.195145	-0.933187
31.219784	3.686634	705.970520	0.658549	1.218979	-1.024015
28.050089	4.349747	703.341797	0.716102	1.197276	-0.973409
30.945393	6.880051	700.356628	0.619967	1.198672	-1.066345
30.589413	6.332947	695.599365	0.622885	1.206981	-1.053118
31.864368	3.740162	690.808533	0.644991	1.213684	-1.039756
33.777344	6.082439	686.600830	0.584928	1.206671	-1.088347
36.475365	5.932774	682.796021	0.575373	1.213651	-1.098043
35.210541	7.879932	675.486328	0.572842	1.202311	-1.092090
36.789589	6.971798	670.521790	0.576893	1.203575	-1.094820
39.981445	7.333157	665.576843	0.556600	1.206296	-1.120168
40.217350	6.455328	660.117859	0.534660	1.224979	-1.136762
41.778084	7.172235	654.343201	0.528791	1.233070	-1.139944
40.469097	9.896343	647.469055	0.531800	1.236901	-1.119327
42.000961	10.601425	643.429443	0.495620	1.236346	-1.170903
43.626953	10.615583	638.513611	0.494529	1.239494	-1.175963
42.155128	13.592028	630.755615	0.516556	1.209703	-1.152817
44.275089	13.590247	627.010986	0.448491	1.219941	-1.208336
43.968105	13.636448	621.464355	0.467289	1.235119	-1.208192
42.203468	15.402061	617.070312	0.471774	1.221224	-1.181752
43.161835	16.611446	612.966431	0.482273	1.217466	-1.172361
46.011810	19.046335	605.357056	0.398642	1.195529	-1.247241
48.033501	19.098381	602.534790	0.374211	1.201945	-1.298334
45.287125	17.882725	599.899536	0.501056	1.214840	-1.160676
47.725685	18.170752	599.140015	0.401116	1.222950	-1.246964
48.505764	18.583473	597.372803	0.394365	1.230493	-1.247111
47.384689	18.718761	597.164124	0.432649	1.223898	-1.209517
47.820045	17.310722	597.253052	0.455885	1.227815	-1.186432
47.551628	18.855042	597.162354	0.417725	1.223833	-1.222250
48.464645	18.725821	598.282227	0.405836	1.227626	-1.242069
45.908787	18.402702	599.980835	0.489870	1.217067	-1.140557
49.195908	20.066339	601.030884	0.407978	1.218821	-1.225368
50.416363	17.237680	604.612915	0.445688	1.241071	-1.194713
49.098858	19.086876	607.819397	0.460682	1.212329	-1.185698
48.508518	18.644691	610.709900	0.459759	1.244012	-1.181565
48.651024	19.984051	614.318359	0.419655	1.229690	-1.222790
47.840755	20.127052	618.719299	0.440995	1.208398	-1.189842
47.248970	18.821136	622.143860	0.477013	1.223305	-1.169314
47.663807	20.811659	625.261414	0.471031	1.191067	-1.156264
49.300392	18.590092	631.347168	0.428161	1.230854	-1.214742
45.664757	18.211170	636.251343	0.480105	1.227921	-1.165300
45.371586	15.891886	640.528931	0.539669	1.238147	-1.115862
45.673687	14.362663	645.448975	0.518324	1.234872	-1.144525
46.339748	12.284513	651.391296	0.496830	1.234129	-1.143372
47.181995	11.496981	656.419128	0.468466	1.235772	-1.188218
46.474953	9.976336	666.155640	0.536955	1.225492	-1.108451
47.346428	7.074867	671.541443	0.513401	1.240679	-1.137953
47.169331	4.435390	678.622559	0.518837	1.245514	-1.138648
47.715084	5.433178	683.353333	0.474972	1.235113	-1.184440
48.259277	4.906549	687.579285	0.454772	1.242892	-1.202368
46.717270	6.302319	693.216797	0.495257	1.230736	-1.169728
48.122272	5.663679	696.286072	0.516645	1.232506	-1.131987
45.678680	5.164101	699.238220	0.554537	1.229891	-1.084164
48.065620	5.488495	703.785095	0.476083	1.251184	-1.157157
44.904900	8.176664	704.901794	0.539656	1.217331	-1.099823
46.774544	8.609360	708.459717	0.462652	1.238580	-1.178136
41.862175	9.041912	709.810547	0.626195	1.213844	-0.998024
42.252819	10.342193	713.506714	0.593167	1.238628	-1.052574
45.195404	12.178532	715.527283	0.531248	1.239468	-1.120014
42.961647	13.739252	714.478271	0.593848	1.200186	-1.039375
43.059689	12.897905	715.731384	0.612520	1.210387	-1.027483
42.529877	12.209406	715.849365	0.624591	1.214258	-0.998792
44.463749	16.097235	714.659058	0.541628	1.173814	-1.085701
44.637642	12.750834	715.484253	0.568515	1.201269	-1.054968
47.744297	10.218140	715.725220	0.544404	1.210541	-1.076524
46.096706	12.189770	714.870850	0.618949	1.181913	-1.009740
52.771313	12.827318	714.330933	0.490171	1.197484	-1.121806
53.179550	11.445555	714.063354	0.534746	1.189632	-1.062687
57.989571	11.816433	710.195984	0.518476	1.192733	-1.095549
60.695633	9.067501	710.438538	0.509280	1.202247	-1.102027
63.455070	8.775909	709.841248	0.553344	1.216770	-1.066009
69.397217	8.870190	708.943237	0.522658	1.219961	-1.085845
74.532791	11.445734	707.723816	0.533884	1.214875	-1.085340
81.369263	11.362015	705.872864	0.506536	1.220512	-1.102564
90.597809	9.192989	705.992798	0.433366	1.262946	-1.166328
95.026810	11.386105	704.975586	0.488785	1.225162	-1.125421
101.920166	6.354181	705.081787	0.662972	1.230375	-0.941172
106.798592	5.837976	704.770630	0.674270	1.221099	-0.932671
113.054329	7.080997	704.520081	0.607443	1.212145	-0.984231
118.013336	5.367672	707.501343	0.640228	1.213005	-0.949693
					
131.142090	4.498173	707.908142	0.554496	1.229868	-1.038195
134.800674	2.992874	708.207031	0.526924	1.240573	-1.060360
137.594543	1.675913	709.191833	0.543555	1.241674	-1.048192
140.256714	1.717497	707.737061	0.536462	1.226174	-1.057588
140.175262	-1.185423	708.261047	0.591551	1.246011	-1.018624
139.148560	-1.005928	708.334717	0.656978	1.211904	-0.962477
					
140.337204	-0.059580	709.543335	0.639947	1.219830	-0.987208
138.712280	0.522102	709.361450	0.681096	1.212673	-0.929408
142.965271	0.548422	709.709229	0.530624	1.263363	-1.093257
139.463089	2.312618	710.969360	0.531769	1.234344	-1.069287
135.742355	3.119837	710.455017	0.560474	1.215110	-1.035585
134.405365	2.835377	711.296021	0.524047	1.208987	-1.069554
132.701599	3.962065	711.375610	0.507064	1.211768	-1.086072
					
119.444008	7.441517	709.910828	0.675329	1.193217	-0.946294
118.549088	4.883701	712.170898	0.579055	1.202634	-1.034201
115.116104	6.853329	710.134583	0.523771	1.199070	-1.074486
111.562111	7.837440	710.343384	0.516407	1.206821	-1.104257
107.815201	10.006393	710.014465	0.489890	1.194047	-1.122212
104.793938	8.740988	709.970032	0.530132	1.192447	-1.102344
96.902748	7.032015	711.090759	0.593464	1.196158	-1.004814
94.325333	8.946548	711.186218	0.522261	1.199263	-1.073935
89.014702	9.986607	710.495850	0.505299	1.208496	-1.113481
83.824020	9.791218	711.101990	0.579089	1.194618	-1.036274
76.481812	11.886816	709.429321	0.598966	1.171044	-1.003559
73.497467	14.250137	708.934753	0.524874	1.185391	-1.071976
68.892708	13.770432	709.632019	0.528607	1.175313	-1.071513
65.943298	15.774734	709.588074	0.486363	1.173306	-1.127451
58.080437	14.630816	709.793945	0.530001	1.179255	-1.075166
54.535473	16.530836	709.827454	0.452104	1.180658	-1.140521
48.976768	16.910582	708.388000	0.537591	1.164362	-1.089516
44.544426	15.496500	708.479614	0.523096	1.167841	-1.084287
38.915451	15.659809	709.361389	0.519073	1.163886	-1.080655
32.319298	20.221821	707.256653	0.431211	1.127982	-1.157468
31.423542	15.601377	708.294434	0.480050	1.159942	-1.136194
29.274555	14.734274	709.742493	0.446958	1.176149	-1.155940
24.063076	15.587345	708.174072	0.492865	1.155482	-1.115418
22.514856	12.586927	709.732300	0.446942	1.174365	-1.153048
19.557533	13.972958	709.502686	0.447194	1.166632	-1.135001
19.939436	13.061485	709.697083	0.417537	1.172188	-1.181196
16.809441	11.182178	709.968384	0.418479	1.181916	-1.171403
15.572389	10.392345	710.210449	0.424564	1.190895	-1.157169
16.798729	4.547482	712.244385	0.423150	1.227977	-1.161425
17.701462	6.302280	709.364868	0.387068	1.164653	-1.223894
15.691490	3.604925	708.000305	0.391006	1.152980	-1.203388
16.475410	-2.501036	709.244507	0.393391	1.163390	-1.220050
13.936137	-5.464039	708.026184	0.366953	1.157548	-1.210773
16.041256	-10.513847	707.472900	0.362127	1.172198	-1.240185
13.726367	-16.632959	707.793701	0.413249	1.153153	-1.175480
15.063705	-23.552578	707.249756	0.359918	1.169057	-1.245652
14.678646	-26.730316	705.701172	0.364926	1.154031	-1.246436
15.350672	-32.527241	703.411621	0.337944	1.146239	-1.273051
15.645809	-40.998413	703.681824	0.364338	1.156785	-1.247066
15.916019	-44.490433	702.937195	0.327473	1.166416	-1.284214
16.059353	-50.408573	702.794800	0.392981	1.163827	-1.220404
17.046795	-56.569923	701.782104	0.375386	1.164143	-1.249834
15.252016	-61.575470	700.901611	0.398524	1.168750	-1.218967
14.205429	-67.705109	701.310364	0.449749	1.153034	-1.166337
15.917003	-72.019394	699.658203	0.391463	1.134759	-1.236708
16.988209	-78.588928	700.086853	0.388977	1.149384	-1.227128
16.123600	-84.514778	699.178894	0.426064	1.153408	-1.194675
17.631729	-89.683304	699.234985	0.400549	1.157163	-1.243567
17.788074	-96.213226	698.821411	0.361321	1.176237	-1.270210
17.253531	-98.889206	698.589844	0.355347	1.169995	-1.287332
17.179321	-101.041618	696.368469	0.347596	1.164111	-1.293960
18.693621	-105.587166	696.342468	0.374447	1.165257	-1.279494
17.408794	-108.462784	695.958313	0.408230	1.154941	-1.244527
21.056435	-111.306717	697.080322	0.304424	1.191495	-1.342269
18.985058	-112.431709	699.506714	0.394343	1.205972	-1.251749
18.995209	-113.624031	703.407471	0.429506	1.238453	-1.207620
17.255798	-91.531326	695.982788	0.354218	1.149478	-1.271794
14.640039	-89.263054	698.204529	0.383369	1.155801	-1.256283
15.445578	-87.989105	699.609070	0.352905	1.168149	-1.271531
13.988955	-86.163765	700.008057	0.408087	1.179974	-1.209450
15.708317	-80.329765	700.427795	0.370093	1.161045	-1.241596
16.572922	-76.982597	703.146179	0.386622	1.151926	-1.239079
16.909803	-72.012634	702.419373	0.409098	1.157739	-1.212652
18.617016	-68.086220	703.654175	0.393393	1.164259	-1.225282
18.373119	-58.336384	702.841614	0.390579	1.136614	-1.239814
20.442791	-44.906509	705.900879	0.335621	1.135560	-1.295231
22.244194	-38.662914	707.315735	0.335032	1.116453	-1.259497
20.555906	-35.835354	708.403931	0.358634	1.118493	-1.238148
21.858658	-34.236740	707.976746	0.338374	1.134091	-1.270176
21.440306	-23.883141	707.867371	0.400820	1.101108	-1.211816
25.261074	-12.078098	708.444519	0.420348	1.087407	-1.202473
25.857971	-1.996212	706.845581	0.354762	1.094630	-1.238590
24.647388	3.839520	708.516846	0.364437	1.084920	-1.219665
25.311756	13.577343	706.188721	0.373838	1.073541	-1.221285
26.264076	22.196301	707.710327	0.350526	1.059438	-1.221367
24.420816	23.927067	707.458618	0.381073	1.077821	-1.191167
24.440559	27.395805	706.660278	0.378201	1.081750	-1.220495
22.879414	29.386883	706.456360	0.400139	1.077403	-1.182300
22.940350	33.218712	704.732910	0.370731	1.056942	-1.201660
21.495724	35.700443	705.304382	0.360403	1.070927	-1.207916
22.816891	39.809635	704.254883	0.318578	1.068721	-1.254083
24.741308	44.066246	702.140625	0.304048	1.039984	-1.270804
23.750988	43.671188	703.918335	0.339103	1.059715	-1.255031
21.579870	45.919918	702.331360	0.398393	1.044389	-1.185048
23.127567	47.969658	702.077454	0.366726	1.038387	-1.224855
23.978649	45.849960	703.228271	0.358870	1.042469	-1.249780
23.412846	47.115631	702.029968	0.356555	1.036591	-1.233382
21.631567	49.256721	701.392700	0.426244	0.997671	-1.208727
22.302696	49.230927	701.349609	0.419508	0.997356	-1.205771
22.890850	49.084888	701.787842	0.392178	1.006933	-1.237048
24.637644	51.081348	701.817444	0.417830	1.007231	-1.223238
25.217203	56.050385	700.375122	0.391451	0.997010	-1.219012
24.645554	55.814991	701.379150	0.400098	0.997106	-1.202372
24.975903	56.444012	698.581421	0.424739	1.000464	-1.189084
25.800022	58.075596	698.384033	0.405351	0.996496	-1.206763
25.734756	58.160652	700.971497	0.394100	1.010253	-1.194160
29.530903	58.553913	701.780701	0.366529	1.028641	-1.223666
29.835669	58.343903	702.711243	0.392798	1.027240	-1.200974
29.648647	59.537682	703.315552	0.406457	1.018361	-1.170759
29.256157	62.419327	702.298828	0.405498	0.993799	-1.185616
28.363800	60.502129	701.754028	0.426299	1.004200	-1.175576
30.277454	59.955311	702.570557	0.404714	1.000447	-1.195371
28.353294	59.362629	702.433838	0.436187	0.997466	-1.149094
29.197897	59.179966	701.815552	0.412980	1.005633	-1.167699
30.015766	59.468052	702.816956	0.421917	1.006330	-1.187920
31.191174	58.472099	701.713013	0.384035	1.026845	-1.207920
33.076633	59.335163	699.873047	0.370717	1.030564	-1.209374
30.874496	58.151760	701.940491	0.433924	1.032923	-1.143441
32.511871	61.337494	699.104980	0.379543	1.012356	-1.194315
33.454571	59.838188	700.242432	0.360801	1.040077	-1.216252
33.248535	56.221542	699.338379	0.362085	1.042746	-1.205658
33.253330	52.677803	700.438049	0.376997	1.046091	-1.203496
34.895859	49.460037	700.065430	0.348138	1.038066	-1.251237
34.946156	45.863197	699.386719	0.338411	1.022240	-1.233158
34.412773	42.118858	698.817993	0.340926	1.010476	-1.226078
37.985447	34.421349	699.220764	0.310734	1.021902	-1.281297
36.805687	27.501043	701.790649	0.373544	1.013698	-1.219083
36.760727	19.315279	701.267090	0.362918	1.026389	-1.237959
37.790039	12.775816	701.341370	0.345097	1.029660	-1.265021
37.984947	4.325962	701.126404	0.324468	1.026367	-1.277162
35.923820	-2.348129	697.931824	0.346476	1.024025	-1.259193
35.892746	-15.597691	697.286621	0.323011	1.033975	-1.280304
36.574341	-21.177616	696.327393	0.300980	1.060680	-1.315978
38.418758	-24.449837	696.667480	0.291360	1.046163	-1.338478
38.309700	-29.873875	695.802124	0.258951	1.050147	-1.361698
36.424416	-40.868740	700.217407	0.298785	1.089431	-1.326711
34.814907	-44.850403	699.959961	0.295857	1.083148	-1.323868
34.225632	-47.130608	699.079834	0.312701	1.086385	-1.324187
32.842365	-46.791237	698.377075	0.281336	1.068913	-1.353374
30.740196	-48.818195	697.798218	0.322005	1.080094	-1.318238
30.372047	-49.473145	697.566345	0.325092	1.073511	-1.317053
30.661057	-49.586693	698.715698	0.309175	1.077383	-1.349920
28.958385	-46.240089	697.700500	0.306553	1.076030	-1.331386
28.465734	-45.675072	697.951599	0.309731	1.082408	-1.336848
28.521420	-43.289783	697.064392	0.314492	1.085206	-1.334602
28.025755	-40.297401	696.650146	0.306275	1.072221	-1.340551
27.206497	-36.983303	698.366089	0.322619	1.064655	-1.316992
25.960102	-33.058475	698.724976	0.356195	1.048169	-1.284577
26.100739	-30.141548	699.048828	0.350304	1.055101	-1.292823
26.916454	-27.851887	700.516846	0.353871	1.066422	-1.279919
26.155760	-23.229244	702.650391	0.339658	1.044476	-1.295072
23.158932	-19.347912	702.209717	0.339330	1.032323	-1.275901
25.438614	-15.639912	702.229187	0.308372	1.032319	-1.311121
25.505028	-12.425953	703.881348	0.320906	1.047397	-1.301124
24.929893	-8.900120	706.019043	0.362532	1.049859	-1.251094
24.243847	-1.451656	703.822144	0.341225	1.042987	-1.268765
24.363100	2.679089	704.813232	0.363654	1.042298	-1.246555
23.385286	8.533016	704.510071	0.393112	1.032774	-1.224501
24.050125	9.610949	706.822998	0.389754	1.065397	-1.219251
21.927240	15.617817	705.459473	0.403083	1.054562	-1.199029
23.249084	20.671875	707.285645	0.368829	1.049972	-1.227505
24.303850	22.799307	709.364746	0.367576	1.050748	-1.228551
21.767250	28.496393	706.160278	0.398536	1.043679	-1.200599
20.326849	32.806313	709.072144	0.404514	1.041458	-1.185825
23.758410	37.756672	710.306946	0.345287	1.046622	-1.244438
22.693047	40.471371	709.499207	0.380652	1.049471	-1.211982
23.153603	43.110157	709.226929	0.361578	1.042705	-1.209870
23.031281	46.620781	709.071533	0.368340	1.038699	-1.204180
22.538704	46.894402	710.067444	0.417583	1.062330	-1.174458
24.374462	47.795578	710.679138	0.393633	1.053803	-1.197781
23.528294	48.291046	710.128845	0.401121	1.063443	-1.198479
22.292915	50.187519	709.696899	0.385655	1.052702	-1.205212
20.926289	47.680237	710.363159	0.403140	1.069876	-1.185996
19.523893	47.633373	709.498962	0.422674	1.047991	-1.163404
21.402205	45.119442	711.796509	0.363011	1.082011	-1.219344
18.334623	44.135788	710.519775	0.417296	1.049108	-1.157756
19.942774	44.759560	709.574341	0.374014	1.050930	-1.207595
17.257519	43.065826	708.837463	0.425755	1.032678	-1.165613
19.140154	40.789570	707.743225	0.412477	1.055087	-1.182760
18.810822	42.867054	705.712891	0.393861	1.029696	-1.212978
20.653158	43.950706	704.978027	0.362520	1.035907	-1.240372
21.071245	43.397980	704.273926	0.356010	1.043135	-1.234705
19.825203	43.758186	704.314819	0.395583	1.044693	-1.188951
21.943935	44.544559	704.279663	0.366422	1.068957	-1.199784
24.188782	44.740059	704.387329	0.355057	1.072060	-1.229473
22.734573	46.181366	703.200317	0.337452	1.066159	-1.226287
24.788803	43.973476	703.199585	0.307889	1.120168	-1.255177
24.040668	42.647549	704.021301	0.251504	1.143901	-1.284054
21.006962	44.526463	701.718628	0.287360	1.105632	-1.217918
22.860775	40.963150	703.262085	0.187581	1.122121	-1.294651
23.618904	40.983089	701.289673	0.139264	1.094731	-1.330949
23.680647	38.992008	703.325439	0.166035	1.071289	-1.300609
28.356119	34.466473	704.159058	0.140999	1.043913	-1.325230
32.542820	29.476976	704.236145	0.184710	0.998742	-1.306123
37.041534	23.654171	709.880493	0.184477	1.016510	-1.299004
39.257751	19.060112	713.812561	0.290420	0.992623	-1.191383
44.384201	22.904266	714.616699	0.330634	0.903698	-1.177835
49.568489	22.604233	718.650696	0.367244	0.905305	-1.129020
62.085800	19.730562	761.234192	0.426266	0.878251	-1.055326
					
					
					
54.273212	23.510590	716.910156	0.746693	0.909510	-0.753187
54.823570	22.284130	717.083008	0.770252	0.933439	-0.711458
52.694813	23.442543	715.844543	0.806917	0.948813	-0.708493
51.706913	22.676291	712.943787	0.840249	0.994635	-0.689657
					
					
42.090347	24.253405	706.119080	0.762217	1.124599	-0.780937
39.210655	24.388350	703.127197	0.710010	1.124458	-0.841378
35.788925	23.837639	700.870728	0.659714	1.146190	-0.912726
32.835060	24.694906	700.453979	0.533332	1.164165	-1.018968
28.318211	25.273346	698.833679	0.444822	1.144288	-1.114611
24.513554	23.990417	699.922791	0.345862	1.118208	-1.219047
18.567287	24.284718	700.387085	0.330717	1.075519	-1.285407
15.353710	23.846462	703.309937	0.268657	1.024407	-1.356961
10.963013	20.232239	705.701965	0.282630	1.010788	-1.357460
9.018025	19.852234	708.647583	0.298189	0.964406	-1.374022
8.425161	18.618229	712.256348	0.264299	0.934627	-1.434428
8.404970	17.759037	716.159119	0.253468	0.912603	-1.481951
4.845325	17.051525	719.412354	0.341185	0.917917	-1.442898
5.895360	17.735054	720.322083	0.420348	0.915855	-1.373570
11.332348	14.698238	764.508240	0.447709	0.881394	-1.336465
11.072769	12.717751	767.037231	0.548069	0.872537	-1.255229
13.630259	11.826645	767.430603	0.605230	0.880554	-1.228701
15.168362	8.213028	764.847961	0.631299	0.869469	-1.190730
					
					
					
10.024752	10.917828	716.861145	0.624622	0.949979	-1.166409
9.933416	12.593479	712.204773	0.683131	0.978266	-1.099229
12.680599	14.015934	710.277283	0.699405	1.002323	-1.066390
17.948391	14.694996	710.342712	0.770396	1.027065	-1.006425
					
25.004143	22.206043	707.389160	0.818442	1.051805	-0.905374
23.405470	25.322449	704.178528	0.878564	1.044669	-0.797323
35.291237	19.590412	706.655151	0.793337	1.239262	-0.793599
30.299610	31.761284	696.768555	0.834909	1.083941	-0.780827
31.887749	36.475800	690.120178	0.790665	1.092284	-0.814124
30.546188	34.904915	684.277283	0.783695	1.123970	-0.820211
31.888685	35.883404	678.680664	0.713952	1.135999	-0.895600
29.521599	37.935680	671.071106	0.714533	1.118166	-0.899678
28.716812	38.060123	664.248230	0.697619	1.122846	-0.923108
27.041960	36.347843	659.407471	0.679324	1.128516	-0.958841
26.485607	35.558041	654.481812	0.580841	1.102412	-1.050247
26.508642	36.540066	652.706665	0.542998	1.081788	-1.091004
28.653614	33.186287	650.988464	0.480594	1.089833	-1.166226
24.395947	32.921139	649.787476	0.527300	1.034469	-1.119838
24.638145	31.017820	652.070251	0.522318	1.018140	-1.129716
26.394888	28.905640	655.659851	0.535315	0.986347	-1.136693
25.072536	29.454838	655.827576	0.555694	0.946154	-1.150269
23.364834	29.465942	657.929016	0.561255	0.928096	-1.153026
23.402704	24.851315	660.595276	0.558921	0.921442	-1.168422
					
24.119398	20.555042	667.463989	0.580281	0.919795	-1.172750
23.952892	15.096405	677.239990	0.628548	0.937100	-1.126943
23.845516	14.376726	678.154114	0.652461	0.934593	-1.090296
21.990347	16.037148	683.043701	0.651150	0.932380	-1.074268
24.975163	14.243258	688.191833	0.692631	0.936324	-1.062631
					
23.922733	10.673475	700.561340	0.751458	0.944130	-0.998634
29.455240	9.932457	707.124207	0.769631	0.956502	-0.968359
34.626297	9.847683	755.979797	0.806792	0.933359	-0.920938
35.868675	10.783796	762.041138	0.888969	0.913875	-0.828123
27.594643	12.015423	722.103394	0.951153	0.913209	-0.736818
34.524399	12.220463	734.259338	0.945249	0.896600	-0.735662
35.932613	9.298670	741.531982	0.976797	0.923122	-0.690316
37.925095	10.949881	746.420471	0.980740	0.941294	-0.667839
43.512096	16.210930	788.036621	0.979124	0.911743	-0.643011
					
					
35.481354	18.343851	748.226868	0.978248	1.000698	-0.638786
36.556427	13.256203	748.473816	0.986990	1.055853	-0.623475
36.887802	15.600557	745.433716	0.912968	1.105752	-0.693227
35.358803	9.361893	742.976501	0.891137	1.152281	-0.695297
28.951633	11.705481	736.672180	0.837918	1.172484	-0.751722
24.637230	9.614475	732.190430	0.757015	1.190450	-0.857207
23.713650	10.197552	727.905273	0.553066	1.214864	-1.042237
20.407459	10.382105	723.159546	0.425413	1.223139	-1.186093
17.090477	11.640442	717.811462	0.289142	1.210078	-1.341480
13.383713	12.541847	710.665771	0.240150	1.203629	-1.387258
11.671469	13.278664	707.011169	0.227617	1.182016	-1.420166
8.270781	11.552982	703.328552	0.278348	1.160097	-1.397572
9.844929	10.415268	702.770996	0.317296	1.144596	-1.386564
9.284391	10.234655	701.340759	0.322120	1.103268	-1.416693
6.554983	11.247702	699.340820	0.398768	1.051562	-1.360941
1.917302	11.085587	697.817505	0.453865	1.014544	-1.314085
1.246612	10.971191	697.575256	0.415370	1.008899	-1.379290
-3.196556	10.188454	697.172974	0.480491	0.999117	-1.349903
					
					
					
-12.797367	6.841751	700.531860	0.672237	0.963944	-1.267464
-7.831607	2.960060	702.348389	0.634297	0.982563	-1.323466
					
-7.541086	0.459656	704.514771	0.686465	0.986617	-1.243339
-2.851014	-3.559502	709.851196	0.689991	1.018674	-1.201949
-3.751028	-1.690216	708.990356	0.761902	0.998537	-1.107417
2.360685	-1.633968	710.699951	0.745068	0.991782	-1.096154
					
					
34.611526	-2.554062	656.062012	0.000000	-0.000000	0.000000
26.197639	-4.703382	717.320740	0.864371	1.165680	-0.839756
26.263273	-1.149660	713.713196	0.968152	1.146506	-0.720778
35.689484	2.685469	749.863403	0.905294	1.182717	-0.749791
27.892979	15.594921	700.787903	0.911898	1.062955	-0.785491
40.481697	12.322838	736.851868	0.832598	1.180518	-0.797238
					
25.388031	29.330526	672.950317	0.843442	1.038741	-0.804785
28.071728	29.716938	667.009033	0.877154	1.065288	-0.789894
29.448944	32.132164	659.054443	0.773335	1.041239	-0.872406
29.820704	30.883947	652.553345	0.762879	1.053723	-0.888357
					
34.594803	24.283867	648.679321	0.625959	1.059736	-1.043417
					
					
35.558350	15.827721	647.243042	0.556312	0.959033	-1.151024
43.039551	3.344425	699.770508	0.582492	0.951962	-1.135758
43.300613	2.257244	707.984253	0.620941	0.856131	-1.133177
59.993408	-4.200779	610.934875	0.000000	-0.000000	0.000000
46.491154	0.134224	724.308167	0.731771	0.844711	-1.065281
49.058498	-0.874149	731.132507	0.758931	0.840767	-1.044537
67.883316	-6.610997	630.901611	0.000000	-0.000000	0.000000
					
47.543003	2.232895	746.700989	0.792444	0.797054	-0.957202
					
46.584015	2.675884	756.609985	0.797921	0.849987	-0.953251
					
45.425316	-3.410759	720.541931	0.526513	1.116596	-1.130313
					
					
25.890434	0.693626	725.330627	0.579699	1.054759	-1.099633
26.074913	-1.894817	728.922119	0.517767	1.095845	-1.153494
27.605061	-1.254749	731.909241	0.465018	1.070940	-1.205617
29.961811	-2.941738	738.034058	0.448074	1.049004	-1.184949
32.584618	-4.405220	741.622314	0.490522	1.015374	-1.128963
37.552223	-6.580158	746.561890	0.571794	0.969503	-1.032216
46.491280	-9.566246	754.490601	0.612534	0.948009	-0.981914
53.398323	-10.672836	764.482361	0.640748	0.888034	-0.920493
58.632309	-8.580124	766.221436	0.677793	0.844421	-0.845720
					
					
					
83.364098	-7.997025	788.408936	0.608070	0.888047	-0.974668
89.403755	-8.134899	847.270020	0.596674	0.793410	-0.940621
89.147926	-10.844517	848.791870	0.590449	0.821392	-0.975042
86.463737	-7.697613	847.317993	0.591769	0.794325	-0.995103
82.416634	-5.334763	839.310425	0.522168	0.742208	-1.018413
77.473503	-9.134422	833.222107	0.586271	0.774095	-1.009942
67.489258	-6.974777	822.503296	0.565242	0.727336	-0.997984
62.284882	-6.101482	811.628052	0.525344	0.728940	-1.033803
59.065445	-5.368240	806.295471	0.531137	0.773692	-1.073534
52.281895	-6.481949	798.117981	0.528237	0.805991	-1.107782
48.314041	-6.604038	790.992676	0.486495	0.821876	-1.166857
41.954422	-4.325672	781.316711	0.448691	0.863813	-1.225882
37.924618	-5.905792	772.726807	0.415684	0.871336	-1.269999
29.186930	0.743942	723.112122	0.406063	0.877126	-1.307908
25.219988	-7.909241	755.806152	0.479154	0.912326	-1.272975
14.311247	-5.263622	709.738464	0.439337	0.929065	-1.345106
					
8.159384	-5.116329	701.221558	0.395913	0.981569	-1.385195
8.151645	-2.699936	695.940063	0.363149	1.021114	-1.409110
7.057745	-2.355350	693.895569	0.370557	1.068976	-1.405187
					
0.054285	5.029091	687.448486	0.500986	1.107519	-1.263588
-2.269098	17.102705	682.299622	0.374452	1.073337	-1.373059
-5.424761	14.893639	683.441467	0.380869	1.103818	-1.362208
-6.693462	15.533377	683.495483	0.248057	1.104429	-1.505672
-7.520341	11.783117	684.687744	0.098922	1.110318	-1.661436
-10.591647	10.824818	686.134521	-0.027627	1.068529	-1.769078
-14.402428	6.965832	691.931030	-0.097391	1.064261	-1.835622
-14.563958	7.255146	695.978638	-0.195509	1.015657	-1.945735
-16.175755	9.589142	700.609863	-0.240257	0.961532	-1.981504
-13.775145	10.699711	705.587708	-0.220258	0.939524	-1.974894
-11.711888	13.304386	707.561401	-0.132332	0.918229	-1.886506
-11.425568	13.750786	708.070312	-0.062792	0.929484	-1.800310
-8.984187	14.328770	710.168518	0.049004	0.931664	-1.707359
-3.721973	14.633884	713.025391	0.090407	0.928969	-1.653416
-2.014729	16.449966	712.585876	0.128690	0.920953	-1.591848
5.887031	15.435314	722.005432	0.180813	0.929362	-1.539347
10.990751	13.313629	730.115112	0.259758	0.933590	-1.446396
21.527746	13.937119	735.064758	0.285101	0.933710	-1.411975
22.188837	17.873562	736.322510	0.432426	0.877285	-1.265226
31.321293	13.966866	749.222351	0.389324	0.916615	-1.272418
35.384056	18.234825	753.657654	0.387525	0.865598	-1.225875
50.884506	10.645905	764.748535	0.151920	0.971329	-1.336033
60.821251	8.425129	770.508423	0.075842	0.989672	-1.382622
					
67.144760	-2.699657	829.562317	0.501109	0.832095	-1.034979
78.124908	-4.746185	830.524109	0.500259	0.778070	-1.024526
89.375038	-7.669735	837.744690	0.519196	0.818390	-0.958475
97.926758	-6.534798	842.737793	0.549607	0.783781	-0.911105
107.133278	0.288147	844.280518	0.542870	0.775468	-0.930487
122.419128	0.284882	851.617371	0.524083	0.836258	-0.961351
126.905098	-0.016033	851.161682	0.510478	0.792655	-0.930354
129.699738	-1.514435	846.698364	0.538588	0.820907	-0.909721
133.319153	-3.135994	841.956665	0.467983	0.862774	-0.997945
128.129700	-0.275093	837.970520	0.440350	0.825180	-0.980761
118.853172	-0.237980	789.535034	0.043653	0.974475	-1.273082
113.012581	2.514038	780.585632	0.086617	0.973603	-1.351131
106.737427	1.791676	777.545532	-0.036001	1.018785	-1.452778
98.944031	7.721691	765.838928	-0.018864	0.977120	-1.481901
96.725166	7.724182	762.853821	-0.240147	0.999706	-1.631938
66.313156	14.157818	746.924072	0.300737	0.892974	-1.263549
59.524872	16.297974	742.932190	0.295272	0.892567	-1.316750
48.006325	21.604588	735.893433	0.309817	0.870511	-1.331573
41.916584	25.685400	727.471375	0.242773	0.860858	-1.412518
32.432205	29.136152	721.812256	0.248652	0.866743	-1.427909
23.303612	29.197498	719.006958	0.277972	0.850554	-1.448959
13.813860	28.588692	716.765076	0.331095	0.863735	-1.475075
0.746603	28.686596	709.799683	0.335697	0.863933	-1.463866
					
-21.708965	25.194942	707.006714	0.451377	0.867159	-1.452092
-30.887701	26.936295	701.646057	0.515299	0.840630	-1.453965
					
					
-63.664085	11.605118	750.331970	0.667096	0.853966	-1.416004
-73.090263	13.956532	707.303833	0.736418	0.871851	-1.367332
-76.834290	-3.022858	762.651062	0.723870	0.920701	-1.389293
-78.319473	0.013443	761.997498	0.742747	0.886919	-1.369594
-81.345322	-2.749516	764.685364	0.854469	0.880876	-1.242997
-71.097977	-2.501377	769.315002	0.758959	0.836542	-1.296120
-63.301208	-4.570656	778.482483	0.807334	0.859923	-1.278713
-58.154236	-4.582973	778.565186	0.776906	0.806832	-1.251399
-52.390270	1.129646	733.011963	0.807211	0.814157	-1.191542
-45.844872	-5.787582	785.622192	0.791421	0.790862	-1.184864
					
-33.021412	-5.893433	792.290588	0.793856	0.785748	-1.084391
-6.650934	-12.512014	687.103210	0.000000	-0.000000	0.000000
-6.546486	-13.816614	692.089355	0.000000	-0.000000	0.000000
-6.468153	-13.844599	693.108704	0.000000	-0.000000	0.000000
-6.389818	-13.946392	697.089050	0.000000	-0.000000	0.000000
-6.363707	-13.995594	699.098755	0.000000	-0.000000	0.000000
-6.285374	-14.069397	702.099121	0.000000	-0.000000	0.000000
-6.259262	-14.118597	704.074402	0.000000	-0.000000	0.000000
					
					
53.266006	23.641178	764.100708	0.354996	0.934202	-1.005629
					
55.431393	28.437250	796.824646	0.580709	0.795020	-0.881500
					
48.535980	27.503098	777.884705	0.472699	0.831574	-0.962593
					
36.563717	26.369705	725.706604	0.327973	0.904496	-1.146641
27.653133	24.780676	717.137085	0.305418	0.913130	-1.194668
26.769053	26.387550	710.767151	0.182054	0.904828	-1.332310
25.577015	22.021048	711.181274	0.127075	0.913719	-1.402359
24.861597	15.869236	716.845703	-0.005197	0.928050	-1.562272
20.903027	13.465000	716.922791	0.008275	0.929858	-1.552006
20.682980	13.700623	716.826782	-0.005720	0.907280	-1.582587
20.578352	14.383018	718.214233	0.006765	0.875666	-1.602435
20.132198	13.717045	718.647705	-0.006102	0.864469	-1.633867
17.505547	15.391098	718.087036	-0.006142	0.834785	-1.643906
16.335272	16.825390	717.540466	-0.007106	0.824101	-1.683478
15.060404	15.958866	721.129883	-0.007034	0.816826	-1.686263
11.476074	20.159939	718.165039	0.004579	0.763607	-1.676965
12.453375	17.238625	721.008240	-0.041985	0.778375	-1.771300
7.590927	18.245502	721.635559	-0.030773	0.754304	-1.784639
4.233649	17.397526	724.091309	-0.053386	0.761428	-1.809033
1.986875	19.112923	720.360413	-0.065520	0.748782	-1.829988
-1.056923	22.020302	717.393921	-0.066829	0.765757	-1.821558
0.885537	22.661167	714.004272	-0.076109	0.759130	-1.813660
-0.632952	25.734207	710.835693	0.027652	0.790844	-1.712085
8.234280	24.086521	710.825745	0.042128	0.846114	-1.677794
11.472864	26.515619	707.155518	0.120183	0.870986	-1.571376
16.196058	29.854534	703.168762	0.181080	0.872049	-1.493703
17.350351	30.278149	704.017273	0.247315	0.908310	-1.381312
21.740641	28.515476	705.343018	0.322950	0.935949	-1.278273
25.134661	26.737957	707.227173	0.393379	0.999384	-1.195911
26.399920	31.373667	701.226074	0.447041	0.975913	-1.119145
29.763889	32.463394	700.304932	0.441275	0.977773	-1.122221
29.389280	32.496895	699.488281	0.495702	0.982450	-1.081474
31.810364	30.764212	700.567627	0.513094	0.984044	-1.057469
					
37.127823	29.664623	701.983276	0.644714	0.929169	-0.938388
49.092026	25.293591	749.188538	0.660558	0.915075	-0.878320
					
					
45.498745	24.164175	708.375671	0.647646	0.840557	-0.916507
					
					
					
30.546885	24.617569	703.391113	0.409844	0.878398	-1.235464
28.401493	20.837679	704.284485	0.379501	0.896037	-1.275018
25.855637	20.770193	703.923889	0.334174	0.908764	-1.325949
21.060656	21.824665	700.565430	0.333556	0.900614	-1.365448
19.333492	22.715305	699.082886	0.268936	0.911439	-1.406518
19.766617	22.281662	699.706848	0.244987	0.924119	-1.460870
19.437870	22.228203	699.795959	0.252046	0.925970	-1.475122
20.412128	22.481358	696.362793	0.264024	0.958081	-1.452653
20.152153	26.641708	689.424377	0.334206	1.003329	-1.343011
23.309002	27.586315	685.141968	0.417488	1.043661	-1.263023
26.893177	29.143003	683.220947	0.475571	1.071168	-1.186152
32.127766	36.332443	680.122559	0.658053	1.066424	-0.977520
32.925510	40.284172	679.782959	0.730757	1.056654	-0.880703
35.366623	40.666595	679.983826	0.755231	1.087739	-0.848234
34.841343	41.348534	680.862244	0.871351	1.083517	-0.704051
35.858337	40.673317	683.897888	0.873725	1.084753	-0.680967
34.243088	36.272842	686.808289	0.917256	1.083211	-0.635488
36.377697	36.340626	690.359680	0.845732	1.071133	-0.690841
					
					
40.476021	44.226357	708.862610	0.596849	0.884077	-0.941405
41.230488	43.657349	716.585022	0.585699	0.860720	-0.958441
41.269814	45.533443	721.801941	0.583458	0.772982	-0.959709
53.196346	45.075062	782.368713	0.593271	0.733452	-0.944129
58.843727	43.662937	793.469421	0.604175	0.734989	-0.944928
70.819038	42.306866	802.879944	0.325422	0.849257	-1.087434
					
					
56.302425	47.446175	791.062683	0.674513	0.679373	-0.950447
57.606400	42.539371	788.051086	0.635229	0.678838	-0.954382
52.256851	34.668118	783.084106	0.709505	0.745534	-0.915932
47.567322	33.461323	773.188416	0.675326	0.765005	-0.970992
					
					
33.580849	27.316366	713.506165	0.642951	0.940446	-1.046414
33.235252	27.655117	709.024109	0.664486	0.972835	-1.046097
29.551865	25.400717	709.018555	0.625840	0.995313	-1.053239
27.807775	26.223944	705.750061	0.603396	1.011609	-1.081289
29.371048	25.340044	705.713257	0.545910	1.059181	-1.130015
26.016548	26.888081	704.239624	0.621363	1.047104	-1.052087
27.733963	28.446562	702.500610	0.576193	1.052786	-1.092467
27.702637	31.471174	700.075562	0.616618	1.042833	-1.044779
31.606068	32.273899	697.391113	0.642377	1.026430	-0.998905
33.300362	31.563349	695.941833	0.685808	1.015450	-0.941311
35.480820	34.646694	690.076355	0.698500	1.018230	-0.926299
36.432674	35.623039	684.928223	0.707495	0.991590	-0.907987
					
43.411018	38.981495	673.439758	0.634062	0.979982	-0.970068
44.606411	38.581223	667.698059	0.623969	0.964609	-0.962037
48.766670	36.011993	665.602112	0.613035	0.985001	-0.986581
48.883919	39.578114	660.616333	0.601368	0.962910	-0.996298
50.072708	36.531361	659.348633	0.648628	0.936610	-0.944430
62.893238	32.971737	703.734131	0.655442	0.905561	-0.933447
68.050331	31.641308	705.345154	0.666499	0.878318	-0.919789
78.803032	26.811506	671.423706	0.332524	1.008107	-1.106672
84.668098	24.440523	678.626953	0.389315	0.991652	-1.107378
					
					
					
					
					
86.040092	1.896603	756.695984	0.526130	0.816842	-1.133695
					
80.816994	3.019550	762.491760	0.457842	0.742750	-1.216381
79.582611	0.937878	770.344543	0.448660	0.757579	-1.237379
76.172455	-2.587677	779.141479	0.466128	0.754952	-1.216462
75.299866	-4.035740	785.433167	0.472493	0.777531	-1.223764
72.250519	-2.057690	788.911560	0.461445	0.750378	-1.209476
73.042633	-2.229885	797.059937	0.475833	0.788316	-1.195230
74.007950	-0.303394	802.356262	0.456700	0.792637	-1.193701
73.978561	0.977985	807.990295	0.452873	0.802860	-1.173628
62.369522	7.728951	760.872742	0.506635	0.817079	-1.137758
64.401649	7.418182	768.195496	0.498185	0.879770	-1.134047
62.983047	13.069637	769.137878	0.505511	0.857933	-1.056445
56.988785	19.187412	768.210999	0.550596	0.877528	-0.997679
56.224571	21.756292	769.881897	0.552598	0.870699	-0.949612
					
53.788162	30.700535	772.747498	0.623856	0.925467	-0.886769
49.463356	36.341934	767.926514	0.689408	0.887173	-0.813951
50.963428	38.817421	767.295105	0.684023	0.913467	-0.815630
51.262341	43.142292	764.306152	0.554670	0.954472	-0.891050
47.145218	49.572517	758.397888	0.631820	0.955582	-0.917672
41.962749	54.082386	753.212036	0.595867	0.929007	-0.945878
38.362442	55.294220	747.892456	0.595056	0.942825	-0.976818
35.881256	56.778160	740.705688	0.518991	0.938083	-1.078894
34.597504	57.086342	737.286011	0.447111	0.972316	-1.143776
32.258453	58.208771	730.958496	0.376246	0.965193	-1.267066
24.388538	54.310921	723.596863	0.358833	0.978949	-1.310154
19.502125	54.340603	718.605652	0.244898	0.978705	-1.467733
15.619733	48.862816	714.333313	0.183119	0.995655	-1.592605
12.128412	42.477257	711.194275	0.117021	1.016158	-1.725111
10.375179	38.694431	708.816345	0.140644	0.985099	-1.759456
8.529214	30.733383	707.420349	0.110671	0.999236	-1.799217
5.690250	26.460100	707.242493	0.122058	0.974544	-1.824978
6.926929	21.836214	707.078674	0.139220	0.971578	-1.854174
2.953118	19.249067	707.040039	0.197654	0.971392	-1.786299
4.943396	16.955389	708.139404	0.259285	0.995901	-1.738316
6.060311	19.271715	711.174561	0.312427	0.997850	-1.682320
11.369966	20.923288	711.669922	0.297715	1.008751	-1.653398
14.249618	23.452938	714.270142	0.304433	1.022377	-1.583079
19.224632	25.856514	719.714844	0.315372	1.033884	-1.514313
23.292032	29.184589	721.284119	0.347776	1.047038	-1.437552
28.961365	33.070572	724.057251	0.370662	1.066426	-1.369023
					
41.537979	45.365013	734.655579	0.495851	1.029886	-1.080773
48.512539	48.226852	736.525574	0.510870	1.050565	-1.050785
46.883141	48.420227	737.911804	0.610107	1.010753	-0.907424
43.516258	49.740654	738.445190	0.661007	1.000407	-0.849777
					
44.754051	52.054047	766.069824	0.614837	0.991178	-0.990381
					
22.165283	45.569260	723.083557	0.602025	0.990968	-1.084297
					
1.616577	40.969997	727.656250	0.300056	1.027420	-1.541572
-8.001245	37.861847	727.128540	0.253032	1.037582	-1.642731
-16.726656	36.957798	725.375977	0.262060	0.996111	-1.700302
-22.205372	37.670380	722.213074	0.326188	0.970252	-1.674834
-25.324734	36.045036	720.525513	0.408437	0.999092	-1.580840
-27.848465	37.805016	720.098633	0.511037	0.967534	-1.449428
-25.470825	34.534119	722.773010	0.605813	0.983400	-1.318549
-20.403223	39.650421	721.087524	0.595954	0.989936	-1.300483
-18.543938	37.505516	723.596924	0.630875	1.001926	-1.199579
-14.880054	35.613659	725.184326	0.635003	1.016431	-1.139057
-9.907618	39.338619	725.949463	0.605949	1.058441	-1.180124
					
-0.962503	39.607738	727.512146	0.718822	1.023756	-1.011536
13.978592	39.918137	765.993164	0.711518	1.060810	-1.013134
19.893814	39.698265	768.057007	0.743560	1.014589	-0.939156
23.892242	35.907925	732.059082	0.757691	1.039417	-0.937764
35.958351	36.310879	734.322754	0.700206	1.046741	-0.972859
					
51.563923	36.235004	736.189148	0.681928	1.045814	-1.021081
57.812004	38.927891	733.552856	0.631504	1.007145	-1.039918
64.827461	38.901665	733.417236	0.595244	1.027979	-1.099432
					
65.507263	36.884212	730.325562	0.652616	1.026300	-1.046870
65.109482	35.825459	729.847534	0.592094	1.038456	-1.088791
59.362434	34.326588	730.259644	0.589277	1.049008	-1.106413
52.682102	36.476372	727.839600	0.596493	1.037036	-1.121765
41.091835	39.833763	725.556824	0.541504	1.028751	-1.154956
30.591471	38.949635	725.094055	0.575408	1.040828	-1.149438
18.757996	40.067795	723.995239	0.500274	1.062322	-1.246077
7.394034	43.165047	720.679016	0.411660	1.051953	-1.376809
-6.122574	44.097584	717.671570	0.380201	1.075897	-1.438334
-19.564167	44.052639	716.797668	0.348156	1.077786	-1.469126
-31.028177	43.253242	716.437378	0.436071	1.068122	-1.404561
-38.185055	43.518024	715.420898	0.524346	1.040866	-1.345579
-45.014591	44.053001	718.193909	0.517038	1.036211	-1.373961
-53.202084	42.467442	718.352295	0.577103	1.038364	-1.310519
-66.100464	48.319645	718.985840	0.624577	1.004474	-1.260973
-70.120430	47.292938	718.717163	0.628782	1.045189	-1.306182
-77.828545	49.799309	719.263916	0.642311	1.057738	-1.305145
-80.561752	51.604362	718.975098	0.638506	1.050404	-1.325311
-77.925049	45.267609	720.591919	0.665106	1.092724	-1.315863
-79.425781	46.842785	719.384644	0.697015	1.060922	-1.260838
-72.269066	42.998028	722.829895	0.651174	1.074319	-1.299009
-68.641563	44.048306	723.141357	0.609394	1.056732	-1.285307
-61.609386	41.756638	728.802063	0.588939	1.074832	-1.287874
-56.113716	42.200394	731.155151	0.565908	1.058717	-1.231861
-36.070694	35.661446	741.279968	0.182357	1.211205	-1.495459
-40.391144	52.034466	732.237122	0.598893	1.060457	-1.058797
-34.651199	56.629951	729.501648	0.624132	1.065775	-1.019460
-30.921932	58.988731	728.445496	0.651503	1.063536	-0.961999
-24.250174	63.230934	726.466553	0.619239	1.039482	-0.987004
-18.097410	64.650208	724.844788	0.597735	1.074132	-0.996392
-13.127380	65.052559	724.299683	0.616713	1.086526	-0.997693
-10.794016	65.913376	721.722595	0.635050	1.046879	-0.981795
-5.656157	66.609909	720.579529	0.605523	1.043349	-1.007813
-4.222105	69.593704	717.893433	0.609144	1.025795	-0.998746
3.082838	67.411255	719.501038	0.635780	1.066703	-1.002573
4.621609	66.824165	716.304626	0.689202	1.060609	-0.962798
9.449755	72.942688	717.002197	0.642884	1.029172	-1.003478
14.054081	75.697678	717.111084	0.596612	1.031751	-1.035890
15.522202	77.686829	717.469788	0.622866	1.015758	-1.024276
18.933544	77.974945	719.331177	0.625375	1.012492	-1.022531
23.796190	80.112053	723.718628	0.669035	1.046513	-1.000136
27.138399	83.901497	722.569458	0.715330	1.041874	-0.956192
30.745562	84.982956	725.108459	0.727226	1.030405	-0.915047
38.370491	89.856445	726.400269	0.680803	1.012848	-0.973684
39.208035	92.564331	726.281860	0.739855	1.010869	-0.904332
41.668365	92.507431	726.940552	0.720044	1.025792	-0.929767
42.801460	92.332306	731.519226	0.708023	1.039942	-0.938204
37.529911	94.780807	729.954956	0.672527	1.024660	-0.995706
					
34.776035	99.395859	728.376770	0.601568	1.058644	-1.054249
32.919151	102.267578	728.644958	0.592926	1.065148	-1.060407
29.957260	106.231339	725.925720	0.619960	1.045382	-1.037605
31.483318	105.266739	725.624634	0.577097	1.089121	-1.078965
33.295059	108.121414	725.001892	0.498417	1.099127	-1.162366
31.850441	108.806168	723.767944	0.481965	1.092569	-1.188627
32.742157	105.156616	724.387329	0.483775	1.110572	-1.173445
31.581234	107.421738	723.571533	0.504305	1.088016	-1.157658
34.549477	106.284874	722.774292	0.505313	1.092730	-1.177697
37.166435	101.491470	723.425537	0.508729	1.112678	-1.171589
36.085972	96.279282	722.928528	0.592770	1.100320	-1.075529
37.735016	93.382339	722.836182	0.581043	1.098287	-1.097362
40.434517	92.295929	721.523804	0.593907	1.064044	-1.105363
44.244270	85.796967	721.403809	0.557467	1.063475	-1.121117
48.913998	75.043762	720.741089	0.524861	1.101114	-1.166655
51.562340	67.506523	722.023499	0.653384	1.139484	-1.058133
54.613380	67.322678	718.795654	0.668192	1.133222	-1.035898
57.095219	63.062099	717.340454	0.668326	1.180938	-1.037117
61.174202	66.156860	716.337646	0.685970	1.216066	-1.031890
62.920013	77.770004	708.238464	0.657538	1.175761	-1.078784
58.699081	77.274414	702.860291	0.725638	1.193900	-0.992765
59.342377	75.246681	703.815735	0.765254	1.193587	-0.936117
60.385773	72.231720	705.501709	0.725459	1.218568	-0.974440
61.202206	70.958603	706.316162	0.708162	1.213001	-1.012165
57.851105	68.368912	705.997314	0.768200	1.201787	-0.936031
58.298706	68.930565	704.938599	0.738795	1.198887	-0.967016
58.996773	71.982765	704.505859	0.744510	1.185712	-0.973711
60.877045	72.763916	703.253113	0.732151	1.209815	-0.978186
57.763725	76.326187	701.063538	0.768575	1.201981	-0.920101
59.081581	77.908066	698.018738	0.803542	1.234771	-0.890978
57.942833	82.867737	695.481506	0.806081	1.251018	-0.873368
64.193054	83.307831	695.903076	0.749470	1.312969	-0.949120
59.303360	84.550941	692.199158	0.798261	1.279153	-0.908485
60.086403	83.058502	691.475769	0.843818	1.292196	-0.865088
62.415565	83.660736	691.354980	0.798986	1.287863	-0.889088
62.706501	80.899361	690.777893	0.847870	1.307482	-0.857772
63.096748	79.512833	689.288269	0.852841	1.286263	-0.837735
66.544128	80.396103	688.129333	0.809547	1.279922	-0.871590
69.811935	77.221939	686.574036	0.801401	1.300937	-0.899016
72.347527	80.163818	684.226990	0.725238	1.285193	-0.983408
71.082718	78.268188	681.045898	0.786495	1.277503	-0.906030
71.331505	77.208969	680.162415	0.831874	1.282117	-0.858551
73.279770	78.812782	680.551514	0.722666	1.300062	-0.981797
70.777458	78.589310	679.181824	0.827881	1.283532	-0.893427
72.361572	76.948776	678.665466	0.819360	1.305594	-0.883675
71.361145	77.479446	677.581665	0.830653	1.300550	-0.901038
71.190109	76.330231	678.348694	0.835008	1.291539	-0.854737
68.855446	76.046555	677.160461	0.877232	1.282865	-0.803685
70.839615	77.557243	675.782227	0.778641	1.266262	-0.914100
76.364113	76.125198	677.222290	0.669441	1.332641	-1.066614
70.809898	78.256805	676.498535	0.754775	1.296700	-0.950468
70.800629	78.762726	677.353027	0.743579	1.290930	-0.954287
68.208549	78.998604	676.074524	0.822661	1.276798	-0.914350
71.061462	78.517433	676.491516	0.762833	1.295808	-0.966866
71.178200	79.935837	674.978333	0.721220	1.274095	-0.977447
72.265755	79.669533	674.301575	0.732216	1.289182	-0.965026
74.299538	80.884583	673.021057	0.701247	1.275846	-0.993437
73.202248	80.369293	673.252014	0.840383	1.286652	-0.859892
71.761917	79.453255	672.395264	0.867185	1.291960	-0.818821
73.147675	82.630211	672.190674	0.760928	1.282185	-0.927827
73.864243	82.892372	672.265869	0.742167	1.284896	-0.960218
74.788139	82.944344	672.203064	0.747212	1.283518	-0.957110
77.052177	81.031418	673.006470	0.721473	1.320547	-0.995382
71.371529	82.204445	671.958679	0.837123	1.271947	-0.856578
75.244644	82.116669	672.885803	0.735909	1.314349	-0.964436
74.845261	80.793594	672.724365	0.781680	1.306387	-0.900490
76.113167	83.394348	672.431396	0.731808	1.291998	-0.953418
76.691933	81.514465	672.699463	0.752423	1.304957	-0.941621
75.623383	84.049393	672.196167	0.732984	1.281350	-0.952535
71.916832	82.978256	672.133789	0.810721	1.279208	-0.866964
77.657867	81.368782	673.233948	0.690545	1.332351	-1.002303
74.278770	82.256500	671.586426	0.778247	1.299031	-0.898992
77.731224	81.200401	672.174194	0.754358	1.327262	-0.955432
72.911079	83.226273	670.843811	0.855501	1.266550	-0.842270
74.309532	84.528633	671.090515	0.793616	1.276820	-0.891987
73.461937	86.326332	669.724792	0.782538	1.261449	-0.896204
74.458778	86.368973	670.684265	0.783463	1.260272	-0.887204
77.773727	85.845863	669.687744	0.712156	1.302790	-0.972521
71.995804	85.951492	668.522461	0.804622	1.253363	-0.849614
80.522751	83.146248	669.628235	0.670782	1.351350	-1.028343
74.177094	84.925087	668.474609	0.809428	1.292881	-0.872391
73.215195	87.709465	667.001892	0.833474	1.271040	-0.843596
76.745766	89.468651	667.516846	0.763615	1.294830	-0.920586
73.186722	96.927597	663.778137	0.739422	1.259166	-0.957439
72.305634	104.656067	663.141113	0.678884	1.232905	-1.016028
71.782646	107.598549	660.778687	0.703622	1.254344	-0.978257
69.347710	110.064911	660.384705	0.730368	1.238979	-0.942338
69.532509	109.744293	659.983826	0.768289	1.261940	-0.908861
68.471001	109.019318	659.881531	0.771797	1.258492	-0.914516
67.117729	111.066986	658.517700	0.738251	1.244650	-0.947140
64.828537	111.987854	656.794189	0.748655	1.253973	-0.922287
67.234642	112.181824	656.454895	0.692170	1.280558	-0.995047
63.620518	114.887466	655.011963	0.730714	1.260918	-0.965276
60.559269	117.671745	652.959961	0.753636	1.256337	-0.940615
59.993065	121.379517	653.007446	0.654726	1.257557	-1.047892
55.812840	123.620132	651.330444	0.764831	1.230371	-0.921641
54.869583	124.621918	651.173584	0.805794	1.224274	-0.842403
59.113235	125.533806	651.126709	0.757915	1.261790	-0.932893
59.293098	126.519318	649.173157	0.737999	1.261382	-0.942710
59.957214	125.164803	648.514771	0.771886	1.237713	-0.890456
62.207256	127.606262	646.207947	0.729503	1.225692	-0.945943
61.504745	126.350418	644.311584	0.749626	1.229061	-0.914463
63.391140	125.068108	644.480164	0.767914	1.236818	-0.901802
65.599442	122.913132	643.209106	0.734343	1.227738	-0.941047
72.191910	117.434303	643.821167	0.617394	1.293844	-1.072800
69.437248	116.148689	643.030151	0.712965	1.261238	-0.968528
70.591339	115.400490	643.974609	0.722063	1.260339	-0.968989
70.885300	112.974777	644.334656	0.734232	1.276182	-0.948425
