5.783329	128.089096	567.706421	0.595739	1.032730	-0.835200
5.452133	126.981361	566.817505	0.577341	1.035553	-0.831574
4.885561	126.257362	566.514404	0.592980	1.028441	-0.823680
					
5.685774	124.267853	565.264709	0.589897	1.047061	-0.817117
8.226662	126.613724	565.038147	0.553994	1.041352	-0.861065
7.868769	126.812302	564.470093	0.565985	1.027899	-0.849271
8.973864	121.501770	563.835144	0.580916	1.061572	-0.838458
9.993221	122.701180	565.564819	0.574816	1.055226	-0.845380
					
10.458429	123.799408	565.156860	0.569818	1.044975	-0.847940
					
					
					
					
15.381918	122.028938	562.611206	0.534721	1.057086	-0.891738
16.550245	114.335266	566.973633	0.596858	1.043241	-0.813964
16.225737	113.590675	565.749878	0.600963	1.037686	-0.807024
17.260572	118.036446	565.411316	0.573915	1.029324	-0.840059
20.930225	121.745575	566.591492	0.541135	1.032858	-0.888425
27.334070	114.127228	566.393188	0.482584	1.080676	-0.954952
36.387150	103.441727	567.667236	0.536464	1.040310	-0.922690
41.658920	111.657303	567.718506	0.528196	1.040690	-0.951787
47.411610	116.646866	566.768616	0.474315	1.016802	-1.027923
50.859734	110.960052	566.585388	0.491933	1.014071	-1.005015
61.715458	107.424973	567.965881	0.445177	1.025142	-1.065706
71.218414	105.365685	566.540649	0.403080	1.016094	-1.102061
					
73.756454	103.757584	567.834595	0.400063	1.000619	-1.139038
79.536484	102.075287	565.871155	0.392329	1.001951	-1.173962
83.965576	97.110718	567.651367	0.423005	1.022078	-1.159145
84.343140	98.121918	567.239624	0.407021	1.012128	-1.175772
83.138771	100.439743	566.470337	0.403122	0.994005	-1.188191
85.261475	97.303864	568.527893	0.386568	0.996027	-1.211483
86.397133	83.662430	569.490967	0.384517	1.045413	-1.215989
86.526970	76.861885	571.287476	0.389314	1.041859	-1.201344
85.175278	77.332253	570.762451	0.397117	1.029141	-1.174271
					
					
76.950005	53.824543	573.657959	0.470596	1.030883	-1.132475
					
71.249069	55.725239	575.713745	0.468778	1.081189	-1.120891
67.058685	65.936462	576.213684	0.444596	1.040773	-1.148713
					
53.207962	64.825363	579.389771	0.366859	1.068897	-1.197274
45.934784	56.331154	585.898499	0.456715	1.083811	-1.098030
38.575356	47.696281	580.831665	0.524567	1.009986	-1.067200
37.206772	39.378643	582.028870	0.526862	1.040159	-1.054768
38.476967	32.610355	581.815186	0.520892	1.036958	-1.063452
38.794502	22.956707	580.572754	0.525033	1.057535	-1.091427
39.681839	7.875761	579.967468	0.598831	1.097239	-1.027008
42.927391	-3.630928	578.542603	0.520989	1.116038	-1.091175
42.303215	-15.286930	579.259583	0.605849	1.140035	-1.004705
45.885117	-19.222160	577.955933	0.539770	1.162326	-1.057858
50.099976	-24.345182	570.200317	0.458934	1.140583	-1.148644
					
68.561401	-47.877842	569.474609	0.531368	1.224287	-1.062389
66.191666	-46.174107	563.992065	0.502753	1.205491	-1.105651
70.768524	-51.180672	561.865723	0.485635	1.204784	-1.151815
72.762939	-60.563400	562.309631	0.557783	1.223302	-1.096169
72.309631	-61.489098	564.731323	0.544946	1.238782	-1.080908
75.012001	-58.686142	564.983398	0.494905	1.246897	-1.149639
76.203644	-54.025925	564.285339	0.483460	1.220683	-1.161782
					
					
64.527878	-39.344959	569.335754	0.406380	1.216168	-1.238427
57.981422	-29.565050	571.027161	0.458444	1.201093	-1.188048
53.323368	-27.455641	574.453674	0.458417	1.214397	-1.180687
46.451672	-20.421219	575.995667	0.402102	1.194930	-1.249083
34.345726	-14.736622	576.765503	0.475635	1.185416	-1.157872
26.875912	-21.078232	580.840454	0.581983	1.188412	-1.056692
16.899067	-23.687531	582.348206	0.538751	1.204927	-1.082600
4.349775	-23.264847	582.802429	0.577067	1.185610	-1.034433
-5.207954	-19.063482	582.062378	0.613486	1.160499	-0.980482
-8.568628	-15.979950	581.211914	0.651065	1.133269	-0.963328
					
-6.792162	-20.428371	582.094299	0.644134	1.161019	-0.955862
-9.509529	-20.419195	580.867065	0.673144	1.153657	-0.928507
					
4.624786	-8.494944	577.648682	0.666758	1.116116	-0.962944
9.043671	-3.186535	576.414978	0.687981	1.109296	-0.943328
15.673613	6.346817	574.378235	0.584197	1.106916	-1.061868
					
28.070312	0.479813	572.608459	0.526041	1.115612	-1.093992
30.816715	-1.160973	572.213745	0.477875	1.133155	-1.112580
					
					
46.918053	19.648817	570.063110	0.413681	1.125242	-1.186686
47.600914	20.275978	567.778015	0.394681	1.116912	-1.187697
					
57.440582	18.186089	566.481628	0.347791	1.110650	-1.260328
64.112747	11.369137	566.742676	0.338407	1.148751	-1.266765
67.528488	13.551388	565.780579	0.263134	1.149746	-1.320288
65.893883	17.688372	566.742615	0.314768	1.147016	-1.284777
66.858696	19.416010	567.759888	0.296464	1.147791	-1.294479
67.298302	21.843763	567.520935	0.256542	1.140394	-1.312773
66.708870	24.032230	567.628052	0.272199	1.142423	-1.287074
74.479256	25.484592	569.988708	0.117730	1.183351	-1.427678
73.923866	30.989120	567.857788	0.221277	1.147532	-1.335493
73.600243	33.752834	570.477905	0.192176	1.136272	-1.371293
73.565323	38.025482	571.064880	0.222148	1.122859	-1.350850
72.693672	39.329014	573.344299	0.209109	1.130136	-1.360942
69.410332	39.976288	574.923340	0.222949	1.117496	-1.329006
65.897949	39.174446	577.590576	0.185082	1.109076	-1.377630
60.040295	33.643723	578.974243	0.225945	1.120167	-1.333742
58.810040	31.294260	577.928589	0.192182	1.119351	-1.365563
60.026566	22.976509	580.021179	0.208985	1.124346	-1.367524
61.283432	23.614079	579.070618	0.230420	1.098483	-1.328142
64.036491	23.035423	578.491089	0.202353	1.109959	-1.350875
63.650715	22.841139	577.660645	0.202571	1.114378	-1.363339
					
58.962353	23.381639	575.847412	0.204926	1.119369	-1.359618
57.811745	24.104233	575.686401	0.270526	1.114655	-1.302540
58.054394	23.901894	574.536011	0.235334	1.110502	-1.342491
56.619915	24.440811	574.173401	0.247273	1.100796	-1.325776
54.982590	20.966022	573.669250	0.239090	1.114622	-1.332097
52.512829	18.624956	574.691223	0.240862	1.144172	-1.304691
50.109535	22.081310	574.684143	0.274310	1.114579	-1.271212
51.115250	22.469007	574.055908	0.244401	1.124680	-1.289611
51.974586	22.352749	573.020264	0.244638	1.123801	-1.268757
51.564171	22.459942	571.648804	0.206699	1.112958	-1.289146
52.821381	22.064095	566.967957	0.161318	1.121720	-1.295682
					
					
					
					
					
					
					
					
					
32.199551	10.464733	555.810425	0.266409	1.119301	-1.192911
					
					
					
					
					
					
9.404644	28.152687	553.481384	0.153879	1.103086	-1.330171
6.777279	33.151260	554.501709	0.177234	1.075707	-1.310107
5.203866	38.570545	553.900208	0.185502	1.059170	-1.318894
5.045399	40.394836	553.436584	0.188480	1.071845	-1.329349
3.539288	45.821217	553.710876	0.184409	1.052360	-1.325161
0.218236	49.301117	558.349426	0.241079	1.067584	-1.266403
-1.437499	52.757904	555.439575	0.241228	1.043525	-1.284298
-4.206510	52.360737	553.496948	0.277189	1.044633	-1.259249
-5.280980	46.916904	557.029053	0.205726	1.058838	-1.306856
-2.742455	44.688774	556.332336	0.229039	1.042692	-1.315803
					
					
-4.388052	40.501984	555.319397	0.193410	1.068327	-1.325465
-3.819899	39.528446	555.352295	0.210105	1.069333	-1.317543
-2.301286	39.292995	554.997559	0.233867	1.060590	-1.318741
-1.143355	37.042507	550.318848	0.211252	1.044724	-1.320836
0.209280	15.070902	555.413940	0.258730	1.104081	-1.298510
					
					
1.336127	-11.874409	552.552124	0.260740	1.173685	-1.323562
0.361142	-17.582359	550.775330	0.260570	1.151190	-1.335716
0.142001	-22.357582	549.936890	0.305011	1.157744	-1.302347
1.425207	-24.783434	548.979980	0.286599	1.160508	-1.317282
2.496753	-25.532822	548.026733	0.288194	1.161931	-1.324286
5.039805	-30.054893	548.587158	0.260011	1.181066	-1.345151
6.264074	-31.731176	548.682800	0.202966	1.184740	-1.384531
					
4.527134	-28.969196	547.432373	0.281195	1.175229	-1.306408
					
6.023581	-32.478691	548.133911	0.254135	1.167337	-1.330511
7.920949	-31.871960	548.265076	0.254659	1.171036	-1.336587
9.440319	-29.491482	548.655273	0.265788	1.182922	-1.325492
7.219372	-25.077370	549.344910	0.319380	1.171677	-1.277185
7.359240	-22.765102	553.132385	0.333642	1.164482	-1.254125
5.986923	-20.210760	551.397949	0.280529	1.171845	-1.292228
4.810069	-17.749508	550.947083	0.328460	1.156823	-1.264034
5.292456	-16.540667	551.206055	0.299285	1.164751	-1.274354
7.440516	-13.870083	551.541260	0.258611	1.143679	-1.327164
9.216115	-14.193045	552.989563	0.265914	1.157875	-1.319966
8.175524	-12.393652	551.699829	0.223048	1.148339	-1.345016
7.633968	-12.774933	553.015930	0.287294	1.158297	-1.292800
8.385162	-11.608713	552.018066	0.263531	1.157840	-1.317421
7.497646	-11.679018	552.988708	0.267367	1.157359	-1.316044
6.532896	-10.462070	553.397827	0.257357	1.139466	-1.322223
5.564431	-10.882383	552.044983	0.271346	1.158050	-1.307279
7.243333	-10.702328	554.254272	0.273951	1.165489	-1.302842
7.342088	-9.895424	554.243347	0.275509	1.164554	-1.301197
7.701582	-9.252438	553.908081	0.286292	1.154280	-1.292236
9.147863	-8.161434	553.445374	0.276840	1.140208	-1.302500
9.765735	-8.551847	553.697632	0.262577	1.148304	-1.313902
9.992160	-9.026337	552.857849	0.286857	1.152493	-1.292048
12.532087	-10.232649	554.372192	0.276999	1.169706	-1.302880
14.503376	-10.782471	555.252319	0.253982	1.165792	-1.315072
18.000225	-10.827656	557.252136	0.248654	1.166232	-1.336769
20.448135	-9.510502	558.319763	0.272187	1.167318	-1.309672
21.331259	-9.419361	562.773682	0.283954	1.182727	-1.289624
25.489126	-7.949413	563.012207	0.189272	1.158088	-1.377381
28.216251	-10.870579	565.620605	0.261009	1.178202	-1.312393
30.073372	-8.154064	564.824768	0.259959	1.152653	-1.316010
29.896870	-7.825521	568.159119	0.310466	1.163648	-1.275661
30.800417	-3.224728	567.440552	0.256138	1.140600	-1.319490
30.643467	-3.422422	567.869507	0.284089	1.154102	-1.306425
31.345331	-1.048000	567.196411	0.269740	1.133452	-1.313738
32.303825	-0.693729	567.537292	0.238117	1.143469	-1.337861
33.569366	-2.255520	569.788208	0.246422	1.151262	-1.319339
35.305832	-2.674664	569.667358	0.303018	1.147375	-1.258681
40.812515	-2.009094	571.432251	0.235396	1.170793	-1.333652
41.577099	0.337421	571.383545	0.273828	1.168809	-1.298035
41.759640	-0.170635	571.550537	0.296709	1.175093	-1.275880
40.828613	0.240234	570.907776	0.317087	1.154743	-1.259719
43.416161	0.193954	572.148193	0.249725	1.162088	-1.329062
42.023159	1.033770	572.430298	0.292136	1.170917	-1.287948
					
40.937962	-0.137733	576.514465	0.258075	1.174176	-1.311696
40.718773	0.811167	576.101196	0.267372	1.160915	-1.312696
39.939621	-0.025631	577.424072	0.274663	1.170770	-1.304913
38.423977	-0.004385	579.144470	0.326048	1.161600	-1.251530
37.384911	-1.030434	580.241760	0.308927	1.165072	-1.268038
36.985062	1.583027	581.460815	0.293593	1.140606	-1.291162
35.155296	0.554510	583.257629	0.326066	1.164889	-1.268560
34.033100	1.456291	583.299561	0.305140	1.165689	-1.276412
31.305019	4.265392	584.304199	0.321708	1.135076	-1.267218
30.668375	3.667744	584.843811	0.354296	1.150991	-1.235546
33.315567	5.277843	585.769775	0.298804	1.148852	-1.293486
32.777767	7.346783	585.172729	0.318962	1.129754	-1.276742
33.380920	6.732466	588.413940	0.291237	1.137545	-1.286427
31.698414	5.048763	589.725952	0.297303	1.147026	-1.279888
31.239468	6.422155	591.382996	0.326156	1.136496	-1.264571
31.388561	7.764473	592.980164	0.338207	1.124979	-1.237432
31.930929	6.561605	593.525391	0.334768	1.140090	-1.227319
32.257652	7.224510	595.051025	0.344966	1.126244	-1.211753
					
					
					
36.551456	19.543421	603.541992	0.329971	1.109756	-1.258423
36.163666	22.057795	604.571899	0.342995	1.109573	-1.239119
36.194035	23.387856	607.752197	0.345537	1.114724	-1.228428
36.424427	24.907013	609.672485	0.379477	1.111604	-1.188884
38.686096	26.215054	611.607788	0.349878	1.109933	-1.210776
39.810215	29.926935	613.751953	0.315271	1.086219	-1.235551
41.894611	31.081470	616.157837	0.320879	1.096643	-1.234328
43.205154	30.242641	620.512695	0.346248	1.107014	-1.224982
43.614197	30.855572	622.952515	0.377556	1.118720	-1.186233
48.360802	31.996601	626.257446	0.309010	1.127504	-1.252804
47.465179	34.833801	628.041748	0.325440	1.120536	-1.207301
49.462608	37.373611	631.270447	0.341879	1.099079	-1.220753
51.611252	38.304699	634.751404	0.349103	1.111873	-1.203310
55.164742	46.734146	634.593994	0.403724	1.078641	-1.157185
57.034187	49.734943	638.196655	0.358639	1.068269	-1.171555
60.453766	51.592911	641.870728	0.303687	1.085263	-1.241799
62.422462	53.275391	651.691711	0.292882	1.107213	-1.240042
63.819443	55.205124	654.441040	0.269311	1.100011	-1.270690
65.546722	54.692959	659.127625	0.296294	1.092234	-1.247072
65.299606	55.123974	661.789673	0.310396	1.082839	-1.226502
65.375031	55.230213	665.882324	0.301292	1.085579	-1.241320
67.260460	56.821995	669.818359	0.251358	1.083662	-1.276194
66.129753	57.922668	670.774780	0.264258	1.081864	-1.265276
64.195274	56.227898	678.034973	0.285242	1.089119	-1.236684
64.000061	56.695137	681.863586	0.300035	1.084541	-1.240655
64.315002	57.645134	682.992493	0.286289	1.087568	-1.243036
65.593002	59.076378	686.314819	0.217868	1.095652	-1.321120
61.027519	60.753254	697.261108	0.329416	1.093860	-1.229975
58.995277	61.595253	698.766663	0.343948	1.080032	-1.208477
61.044048	62.579880	701.021790	0.347027	1.086252	-1.222594
60.881634	65.124924	705.077393	0.372923	1.062174	-1.212623
61.697788	64.759193	708.569031	0.370103	1.100592	-1.199612
63.010704	71.085182	710.327026	0.335620	1.066741	-1.242679
69.294914	71.025414	713.483948	0.337220	1.071393	-1.258518
72.026985	72.290649	714.531067	0.325609	1.072482	-1.268639
78.662567	74.117889	714.384094	0.269792	1.068810	-1.310271
82.838295	71.922386	716.301636	0.289443	1.067868	-1.292365
91.217697	65.641640	720.243164	0.352288	1.094580	-1.254005
92.769386	63.554966	717.785767	0.364509	1.083297	-1.226335
95.435829	65.146225	714.272766	0.297926	1.068792	-1.288924
94.089722	63.331627	716.562988	0.320883	1.077054	-1.267040
91.465393	60.466850	719.618958	0.340562	1.079720	-1.238135
90.922951	61.582005	719.810730	0.336210	1.083977	-1.251947
90.254601	58.823605	723.324585	0.310072	1.126299	-1.259682
87.274734	56.472664	724.323120	0.293792	1.126379	-1.254574
75.807396	57.793640	724.339905	0.419773	1.071111	-1.159117
71.095703	51.923897	733.391663	0.476293	1.127576	-1.077708
					
53.965431	56.381523	741.844971	0.529077	1.109839	-1.048561
50.755188	63.889820	743.204407	0.496412	1.117394	-1.115419
48.603653	75.620193	740.249939	0.477077	1.062217	-1.121528
44.314384	80.598877	739.786499	0.512499	1.049041	-1.089530
46.531567	86.502144	740.353516	0.470354	1.062748	-1.152066
47.146767	98.802536	740.309631	0.437054	1.058192	-1.169957
49.249382	109.920761	739.392029	0.427074	1.033229	-1.182619
49.448479	112.751129	741.489624	0.364215	1.035178	-1.210393
47.742401	113.168915	743.797974	0.378914	1.018832	-1.226529
46.756500	114.326218	743.348145	0.414507	1.007684	-1.178852
49.087437	116.370003	743.524109	0.446420	0.989002	-1.161652
53.787560	114.747047	744.294861	0.416822	1.007577	-1.204906
58.915161	112.448578	744.154968	0.414742	1.004622	-1.187939
72.967155	109.930801	742.658936	0.238164	1.067217	-1.351640
77.900986	111.320892	741.566223	0.282391	1.040272	-1.313672
73.617126	102.528229	741.759399	0.321697	1.046086	-1.268674
71.371613	86.754486	748.022156	0.339329	1.108088	-1.267234
64.264275	68.490051	751.663818	0.379897	1.131081	-1.239465
55.206665	50.638466	750.786621	0.427274	1.138370	-1.168713
50.705776	31.700609	748.431030	0.510736	1.162092	-1.109877
52.304298	15.120214	748.482910	0.478702	1.169462	-1.133969
50.963741	3.443773	744.229187	0.507148	1.164440	-1.105181
52.177601	-8.403257	738.443481	0.495643	1.174967	-1.122658
52.691990	-19.310648	735.414185	0.484059	1.176858	-1.152375
48.568596	-30.512592	736.790649	0.528191	1.191858	-1.089231
46.664646	-32.359348	739.064026	0.532055	1.202479	-1.090790
43.035683	-30.758434	735.766907	0.556009	1.190613	-1.060772
39.427612	-33.796181	736.046021	0.631571	1.168623	-0.998828
38.063526	-36.895798	736.999390	0.625053	1.199269	-0.997180
35.720833	-31.511454	735.044495	0.552954	1.198975	-1.047054
34.548138	-30.042126	736.222290	0.563553	1.205145	-1.023188
34.512325	-28.335602	738.654663	0.531229	1.186493	-1.059078
34.133347	-27.595371	739.122559	0.472768	1.201517	-1.112972
29.066320	-23.944008	739.422241	0.545209	1.175816	-1.030544
27.238575	-19.901377	742.148926	0.604545	1.166256	-0.963784
28.363205	-13.875364	742.451843	0.569389	1.174215	-1.003490
26.167324	-5.596966	743.688171	0.573550	1.148993	-0.991350
28.992950	1.201790	743.785156	0.527490	1.149826	-1.050262
28.717253	2.355675	743.460022	0.551735	1.138541	-1.010830
27.342518	3.733555	743.748779	0.568950	1.147258	-0.991328
31.914871	11.927912	746.232666	0.546037	1.130051	-0.997061
33.369438	17.539696	745.704163	0.560980	1.113677	-0.993277
34.780441	18.950701	745.673401	0.578437	1.112725	-1.002730
36.973373	21.628958	743.894287	0.542039	1.118514	-1.037674
41.214279	23.738426	745.876648	0.481291	1.117959	-1.092781
41.155876	24.697437	746.391663	0.465296	1.104791	-1.100738
42.257248	22.345209	747.144958	0.453859	1.127133	-1.116755
43.862701	21.469465	747.115784	0.447700	1.126049	-1.131765
43.802979	23.318726	746.536438	0.481800	1.108411	-1.102529
44.891750	20.754360	748.345093	0.471919	1.133133	-1.115925
42.313766	19.707283	748.220825	0.471942	1.129245	-1.108277
41.725388	22.016167	747.866455	0.441857	1.118559	-1.137882
38.886818	22.220726	747.689148	0.454812	1.112970	-1.127827
39.242992	21.033609	747.991211	0.408435	1.121620	-1.167617
38.370407	21.278572	749.380920	0.376632	1.104862	-1.190798
38.568657	19.208050	750.024414	0.363493	1.123299	-1.218066
37.847198	20.101562	747.732849	0.337535	1.114208	-1.241771
37.104706	18.775307	749.627197	0.351402	1.112008	-1.221072
36.245800	21.087008	748.949585	0.371463	1.093047	-1.206435
36.726295	22.183718	748.484375	0.347723	1.080256	-1.229148
38.108486	19.529963	749.010498	0.388851	1.094960	-1.190796
40.017376	19.036015	747.506226	0.331745	1.108833	-1.219561
41.129906	17.496601	749.097717	0.310433	1.098144	-1.231863
40.652077	17.362965	751.994263	0.353042	1.096083	-1.212712
40.949852	18.965612	752.039917	0.287872	1.096835	-1.251880
41.349644	19.474047	751.643616	0.316239	1.085983	-1.236498
41.784519	19.870203	752.253479	0.272528	1.102020	-1.262940
42.902718	19.929386	753.085571	0.285003	1.097573	-1.243308
43.735947	19.586096	753.196045	0.289948	1.100563	-1.231102
43.986298	19.793846	753.161926	0.282618	1.100123	-1.245590
46.018154	20.579105	752.420532	0.288657	1.106859	-1.251677
45.012070	19.847109	752.607300	0.332004	1.112137	-1.217942
43.981083	19.751461	752.490845	0.344496	1.109056	-1.189342
46.537960	23.413090	752.179321	0.318924	1.099861	-1.244413
47.086159	22.890953	752.392395	0.327478	1.105683	-1.232868
47.875168	23.670504	750.493530	0.338487	1.108004	-1.215749
50.375130	22.988962	748.167358	0.299745	1.126667	-1.257961
49.209927	22.891365	748.022888	0.336177	1.122769	-1.225068
49.878330	20.913065	748.956665	0.336768	1.150980	-1.219888
47.522186	24.968939	747.066406	0.331426	1.124094	-1.208166
46.935276	25.809210	746.174622	0.369421	1.126210	-1.192172
44.529907	26.987055	743.778259	0.413948	1.114615	-1.135196
45.252354	26.605665	743.132202	0.391264	1.124382	-1.152712
44.927948	25.839520	742.920410	0.430201	1.147605	-1.123192
45.091629	28.124323	739.586853	0.382978	1.137062	-1.151827
45.685589	26.073744	739.550110	0.398341	1.167615	-1.149566
44.248188	27.074284	738.404175	0.429931	1.162884	-1.113279
45.689690	26.249365	736.181091	0.374369	1.187693	-1.178534
43.381020	28.564375	732.110107	0.387988	1.184029	-1.158208
41.860409	28.115662	730.250610	0.393240	1.188229	-1.144229
41.632515	28.122513	727.512695	0.433154	1.197793	-1.104361
43.914780	24.850657	726.953674	0.398301	1.250853	-1.130977
43.777016	24.763288	724.979858	0.400155	1.251860	-1.128821
44.778702	23.268999	723.758545	0.443163	1.283259	-1.084055
45.048531	26.620996	720.471863	0.448260	1.269128	-1.097896
48.601204	26.645515	720.232910	0.447000	1.303397	-1.111232
48.487953	28.278786	717.984497	0.459375	1.291559	-1.082568
47.850014	29.588976	715.465881	0.524209	1.312521	-1.026464
47.063011	31.513117	714.285645	0.596333	1.303027	-0.948477
46.311607	30.778589	712.790588	0.628131	1.325712	-0.913915
47.964699	32.269104	712.758789	0.587158	1.326750	-0.954707
48.238274	32.461296	711.076904	0.679389	1.341267	-0.860906
51.274830	35.035576	709.209045	0.607959	1.347151	-0.930552
52.269688	35.275524	708.680603	0.620409	1.375490	-0.914965
48.889778	34.846287	707.624268	0.761276	1.372056	-0.757119
49.207596	36.001896	704.886108	0.789898	1.386280	-0.735587
49.394249	36.365707	702.089050	0.779962	1.397751	-0.727505
49.877693	38.723740	701.138184	0.750477	1.401273	-0.772862
49.410629	38.936295	700.346436	0.758387	1.415815	-0.764458
48.160023	38.967495	699.516357	0.874867	1.429906	-0.628408
50.581787	41.778980	698.559814	0.696583	1.430283	-0.825038
47.703934	41.833462	698.554504	0.925233	1.430282	-0.596614
48.800861	44.260792	697.681274	0.686162	1.439537	-0.825707
49.310104	43.052662	697.705872	0.924883	1.445629	-0.585728
48.142761	43.983803	695.607422	0.978787	1.435108	-0.526463
48.227463	44.658886	694.693604	1.031860	1.438482	-0.498139
48.845619	45.101704	693.867920	1.146908	1.455907	-0.380748
49.738091	46.750782	692.859009	1.085572	1.452258	-0.442381
52.900391	48.772057	692.944153	1.022064	1.465752	-0.497096
52.010544	51.382732	691.925781	1.087479	1.460151	-0.406069
52.275360	53.853695	689.881897	1.081275	1.450543	-0.419343
52.272430	54.937439	688.887512	1.308229	1.447168	-0.192358
51.943523	56.851433	687.744507	1.331265	1.432229	-0.160223
52.150848	56.749687	685.865662	1.423109	1.439889	-0.074481
51.733704	59.664604	683.838501	1.420550	1.440194	-0.068776
52.895737	61.031071	683.011841	1.479310	1.457003	-0.018585
54.227676	58.381046	681.154724	1.238379	1.466330	0.423911
55.298725	57.529335	680.086121	1.058238	1.456972	0.613683
59.050865	59.167488	680.273621	1.102470	1.485780	0.558594
58.532616	61.173950	679.126038	1.352993	1.463176	0.300431
58.643002	61.723980	679.212341	1.255639	1.474668	0.405960
58.476368	62.541451	678.222961	1.233460	1.473910	0.419596
58.592979	62.355209	677.289124	1.015862	1.481065	0.637624
57.822086	62.405613	677.207275	1.072095	1.474938	0.584646
55.019844	61.947357	676.056152	1.152324	1.453779	0.510486
56.465382	61.067398	676.268066	1.001628	1.480922	0.660222
55.484268	57.638138	675.207520	0.866748	1.472130	0.802479
54.267220	57.628735	675.110046	0.949945	1.460050	0.712037
54.148781	57.787552	675.148010	1.079395	1.468662	0.581765
56.076675	56.421875	675.223022	0.786020	1.475391	0.874669
54.796333	55.834038	675.149719	0.942718	1.468121	0.718961
55.822060	56.261471	675.106201	0.900743	1.462943	0.770735
54.047440	56.766022	674.184326	1.085835	1.469171	0.583021
54.635616	57.763905	674.260010	1.155466	1.482005	0.511177
53.857517	55.324173	673.199829	1.165600	1.473301	0.501794
52.592907	54.674034	674.023132	1.282231	1.459338	0.387484
53.095062	52.438099	673.104614	1.217289	1.465869	0.435024
55.259960	51.695618	674.174866	1.321882	1.485240	0.329095
54.752815	50.461067	674.123657	1.307054	1.478053	0.343307
56.101166	49.556789	674.269897	1.249115	1.492344	0.400511
54.710815	49.409473	674.286926	1.376986	1.502473	0.272877
53.568619	48.414738	674.274353	1.374299	1.501304	0.260068
53.302044	49.242992	675.169128	1.438956	1.487227	-0.053294
52.366890	49.399509	675.159851	1.270858	1.484285	-0.238896
52.468273	47.837830	676.146118	1.339041	1.487050	-0.155040
50.212555	43.538582	675.942017	1.487980	1.459581	0.025403
50.328362	41.597630	676.919556	1.503891	1.459219	0.017207
50.303810	43.541290	677.985474	1.289843	1.467910	-0.212018
49.975391	42.019615	678.915039	1.355649	1.463116	-0.146887
49.318665	43.897163	679.736267	1.088218	1.443293	-0.416386
50.834167	40.058712	680.926147	1.236717	1.467350	-0.282974
51.288300	42.033279	681.825378	0.899088	1.456180	-0.613989
49.386536	39.350410	682.713257	1.019027	1.446571	-0.486118
48.933216	40.560287	682.635864	0.813437	1.436793	-0.700931
45.919979	40.608841	683.274353	0.851052	1.409144	-0.664990
46.363163	37.956345	685.335022	0.889923	1.414423	-0.626141
48.350357	39.962082	686.227722	0.715630	1.407189	-0.791262
50.523579	37.163460	687.501038	0.639426	1.431333	-0.875119
49.716309	35.737064	688.178772	0.719562	1.408166	-0.788190
52.169949	35.308136	689.230225	0.607728	1.413194	-0.892407
52.107670	36.677711	690.035950	0.549979	1.398229	-0.941937
49.656403	37.546284	689.594116	0.551468	1.367897	-0.942654
51.671638	36.056042	690.752502	0.526989	1.378698	-0.967866
51.073372	36.580292	690.712524	0.488965	1.376332	-1.011985
51.478523	35.306774	691.561523	0.464783	1.368996	-1.053195
51.420322	35.435165	691.536377	0.457068	1.367204	-1.053996
50.788387	34.217106	692.298950	0.471738	1.353296	-1.047700
49.597294	31.527203	693.507507	0.545011	1.367364	-0.967428
48.932777	31.760712	693.022095	0.506384	1.338356	-1.016652
49.475384	30.660154	693.608948	0.434895	1.318053	-1.087862
49.007694	30.828220	696.599426	0.437829	1.316788	-1.093572
51.197105	31.038628	698.464111	0.326162	1.312450	-1.211964
49.461418	31.909920	698.907654	0.414790	1.286675	-1.102235
51.185421	32.425758	698.701782	0.341846	1.277077	-1.199368
50.453773	29.716955	700.992310	0.387127	1.291591	-1.129765
51.196873	30.574081	702.809692	0.350739	1.283856	-1.164802
51.556602	28.993858	703.647644	0.321625	1.277845	-1.183592
51.944424	28.731878	704.315186	0.334970	1.263686	-1.164194
51.286774	28.773899	705.020386	0.321953	1.251395	-1.192833
53.222034	29.529217	705.953491	0.244161	1.250425	-1.275385
53.189484	28.649094	705.638123	0.308094	1.237535	-1.191330
53.096909	29.527981	706.314209	0.298848	1.226246	-1.200196
53.320900	28.550171	706.667480	0.288841	1.238735	-1.189639
54.752502	26.019499	709.738892	0.312554	1.243072	-1.186687
52.946766	28.321146	709.814941	0.324389	1.209018	-1.179929
52.743008	27.041695	709.839233	0.325178	1.210106	-1.170917
53.469017	26.767805	709.515991	0.320906	1.198733	-1.174600
52.846817	26.976368	710.374207	0.337143	1.194871	-1.170254
54.021790	26.266266	711.395020	0.291569	1.195689	-1.212542
53.528076	26.087349	711.045715	0.283074	1.183601	-1.221248
54.013847	25.618399	713.758667	0.274554	1.175398	-1.230592
53.171196	25.153635	711.859009	0.316137	1.177324	-1.199633
55.071411	22.966282	714.878113	0.303521	1.179619	-1.219970
54.720650	23.763878	714.507690	0.308633	1.167928	-1.218124
55.749653	24.227707	714.322205	0.300453	1.131844	-1.239365
54.460396	22.313766	714.938538	0.338230	1.150286	-1.182904
55.133232	22.641193	715.870056	0.317888	1.148582	-1.201865
54.231316	22.535019	715.961914	0.332763	1.150954	-1.206872
54.013371	21.857489	717.336426	0.304620	1.163062	-1.221821
53.290588	22.935869	716.288757	0.324191	1.160971	-1.204019
53.961403	22.258621	717.145874	0.302368	1.157665	-1.224479
54.494026	21.062065	717.086243	0.341063	1.155898	-1.206553
54.500847	20.531937	717.033142	0.299249	1.153367	-1.245482
54.333107	22.657234	717.045044	0.297218	1.154177	-1.239492
52.158691	21.099480	719.487000	0.335025	1.168636	-1.191766
52.572884	20.488970	718.713867	0.332763	1.144740	-1.189815
52.827919	21.032482	718.464844	0.327609	1.137269	-1.195560
52.855774	20.737190	716.691650	0.330765	1.143075	-1.200439
55.042191	21.415401	717.007446	0.300357	1.153545	-1.226495
53.079472	21.268461	716.007507	0.334671	1.152439	-1.204241
53.716949	21.641077	716.407471	0.311432	1.165252	-1.214537
53.728271	22.467920	716.076538	0.303152	1.154721	-1.223784
52.256264	22.947762	714.181396	0.328149	1.157289	-1.181933
51.286404	22.000044	714.372131	0.371867	1.164045	-1.142064
52.474903	23.443701	713.516235	0.316011	1.168692	-1.192975
52.398674	22.057453	710.763550	0.296290	1.175838	-1.212270
52.198982	20.944649	710.855713	0.281776	1.177968	-1.222804
52.507423	20.425098	711.600891	0.292106	1.171028	-1.234601
53.046043	21.087463	711.410339	0.268398	1.164832	-1.257614
51.170601	23.141388	712.638794	0.330161	1.141613	-1.201190
51.605572	23.165287	712.533569	0.343218	1.137903	-1.182612
53.544010	24.249363	713.145386	0.320714	1.127378	-1.213114
55.389187	23.384659	713.177979	0.264540	1.127555	-1.235652
56.216129	23.306047	714.751343	0.239528	1.115657	-1.260279
55.431988	23.846264	716.692627	0.271949	1.087426	-1.243322
55.259808	21.139317	718.602051	0.320036	1.085107	-1.199554
55.931580	21.479031	718.707947	0.296409	1.062271	-1.199000
58.802677	21.846115	719.933838	0.285632	1.042997	-1.220353
59.616341	21.858429	721.058472	0.259565	1.046717	-1.239577
60.266026	21.373640	720.813965	0.238742	1.040449	-1.260166
58.778503	23.262505	722.095459	0.265835	1.023500	-1.237322
57.680260	23.870922	721.511658	0.281787	1.008842	-1.218172
57.730667	23.594604	721.857971	0.247187	1.017128	-1.235909
57.961037	24.582291	723.086731	0.251148	0.999610	-1.226744
57.533817	22.616789	723.571655	0.269207	1.010327	-1.217568
57.777412	23.390444	725.120605	0.243362	1.000366	-1.229373
57.158466	23.763445	725.705566	0.248077	0.991361	-1.219264
57.290184	26.297310	724.836914	0.259770	0.971295	-1.228668
58.357903	25.172596	727.739746	0.250399	0.991751	-1.243452
59.480881	26.906387	726.867065	0.218992	0.971696	-1.279644
59.282639	25.081776	728.301453	0.208308	0.981742	-1.277420
56.739185	24.291273	728.421936	0.294197	0.962491	-1.220454
57.091705	23.656324	730.779968	0.272487	0.970577	-1.217506
58.195694	21.260786	732.968628	0.242840	0.975172	-1.234175
57.767712	23.237446	730.488586	0.245917	0.964135	-1.240050
57.500671	20.910355	731.413086	0.229087	0.962711	-1.234569
57.237335	20.974726	731.454346	0.240159	0.942289	-1.235174
59.099152	20.078394	733.558533	0.212397	0.944775	-1.269186
60.537720	19.309681	733.562500	0.184117	0.945265	-1.300914
59.615540	17.055149	735.840088	0.216631	0.972917	-1.264995
57.244774	15.264442	735.983337	0.237928	0.976068	-1.235063
57.132790	14.129192	737.590515	0.241856	0.990336	-1.221291
57.682747	16.017361	736.073120	0.261684	0.978473	-1.216625
57.727913	15.985302	736.366943	0.239601	0.984967	-1.242035
57.713230	16.710159	734.965332	0.233011	0.975777	-1.249720
58.619205	17.768475	732.177979	0.225659	0.979950	-1.252022
56.424538	16.469992	732.504761	0.279726	1.010506	-1.213711
58.494682	16.054981	731.060974	0.238796	1.023553	-1.236683
58.030174	18.039957	729.195068	0.242952	1.026839	-1.222807
60.446121	19.341797	727.436279	0.228844	1.032417	-1.255933
57.638451	19.752911	725.415649	0.289377	1.031353	-1.195431
59.398167	20.831728	724.599243	0.261278	1.035985	-1.208537
58.492496	19.619429	722.147522	0.312097	1.048921	-1.173595
59.871773	20.424084	721.586548	0.283968	1.060364	-1.198736
60.304634	20.044876	717.511230	0.290737	1.084161	-1.192200
60.751373	19.887798	715.517822	0.257243	1.111056	-1.227311
60.698490	19.943081	713.132324	0.282282	1.127702	-1.227298
60.535828	20.683861	712.114990	0.302620	1.127450	-1.192598
59.856167	20.946260	708.525757	0.326773	1.139101	-1.180432
59.949234	20.782452	707.330261	0.290918	1.163278	-1.208599
59.274193	22.128841	704.222900	0.306103	1.159723	-1.204256
58.966385	21.633980	702.997192	0.283018	1.184780	-1.214027
59.793186	21.314625	701.541809	0.298386	1.203107	-1.197585
58.222931	19.625893	698.578125	0.365378	1.203634	-1.143137
57.571518	21.414089	695.922607	0.304807	1.215124	-1.176005
58.088905	21.203526	695.088623	0.290805	1.221208	-1.195336
58.199162	22.741848	693.350830	0.290720	1.230526	-1.195546
56.871075	23.426298	691.328430	0.341285	1.229268	-1.149213
57.537029	22.515127	690.753357	0.333519	1.244693	-1.163625
57.064800	23.438053	689.427124	0.324295	1.232650	-1.171279
57.833878	23.487677	689.275330	0.347274	1.227349	-1.141283
57.600037	22.279062	688.817688	0.337199	1.247318	-1.156511
58.893471	22.450666	688.638611	0.359208	1.240734	-1.129727
59.640862	22.574352	689.021667	0.346135	1.256202	-1.140703
59.571953	23.208580	688.661133	0.384031	1.241319	-1.105681
59.781143	25.635492	687.324341	0.441484	1.226979	-1.052155
62.065819	28.090082	687.262390	0.420829	1.224361	-1.063236
64.282761	28.191952	688.518188	0.438650	1.235059	-1.042946
63.773052	30.859434	688.105347	0.486142	1.219328	-1.008956
63.463882	31.447617	687.640015	0.527003	1.202148	-0.973429
64.213470	31.667177	688.829102	0.561817	1.209169	-0.947240
67.849945	33.292107	689.685120	0.556985	1.203910	-0.960948
67.537804	33.636024	690.289551	0.630655	1.189988	-0.874750
68.431099	33.639038	692.445190	0.667907	1.196102	-0.837240
69.426125	31.862595	692.943420	0.702757	1.213182	-0.791295
72.848854	32.715641	692.711914	0.679717	1.205005	-0.812855
71.789307	33.474403	692.230835	0.732472	1.187941	-0.753307
73.988159	32.237930	693.494812	0.718886	1.197071	-0.765271
74.244003	30.697659	694.311279	0.765056	1.191316	-0.729972
					
					
77.151077	32.238907	695.234558	0.792334	1.129052	-0.713146
77.704041	28.797829	696.435242	0.881012	1.134704	-0.633578
79.835876	26.478037	698.926697	0.849122	1.149913	-0.652208
80.226013	26.618259	699.537476	0.866300	1.138819	-0.638915
					
80.282700	29.926134	698.063904	0.884561	1.096099	-0.614949
80.299606	28.545547	698.396484	0.918798	1.104810	-0.579745
					
					
					
					
					
78.534637	29.910622	693.234314	0.941584	1.073419	-0.584507
80.795578	33.949860	693.128845	0.900224	1.070397	-0.606723
80.179817	30.886269	692.523315	0.914904	1.080659	-0.590336
					
					
					
76.514191	29.660446	691.464478	0.901273	1.079226	-0.585147
78.131241	32.402111	691.922363	0.877164	1.090741	-0.619482
77.482635	31.953913	693.190674	0.905688	1.099316	-0.616407
75.891762	31.427475	689.683838	0.858922	1.084568	-0.650776
76.273514	30.800884	690.529236	0.867961	1.108463	-0.665289
76.984268	31.811701	689.924866	0.852137	1.118840	-0.680572
78.869064	32.709061	690.634644	0.782025	1.139298	-0.753319
					
					
					
					
73.566086	30.526379	691.734802	0.727295	1.173263	-0.781524
73.209625	31.132008	691.757080	0.716133	1.174190	-0.811644
70.827225	33.151550	689.161438	0.662931	1.154848	-0.858302
70.683777	31.570049	689.591370	0.657656	1.168269	-0.870032
71.693024	30.824104	690.087097	0.645877	1.184780	-0.879674
70.984993	31.295971	689.660156	0.606614	1.171405	-0.920267
71.613792	30.826195	689.278931	0.578957	1.191432	-0.961414
71.427139	30.235462	689.666321	0.561847	1.204638	-0.974910
70.429482	31.132793	689.408630	0.527767	1.196357	-0.999383
68.776299	28.768616	687.986267	0.530396	1.215730	-0.993975
69.222977	29.050076	687.843811	0.456146	1.210607	-1.065077
68.281517	28.459377	688.037170	0.461406	1.218289	-1.058623
69.082169	28.433201	688.364258	0.397525	1.230094	-1.119008
69.722778	28.549122	687.477478	0.375178	1.233260	-1.148507
68.779358	31.456772	687.217346	0.365444	1.223247	-1.158781
70.351593	30.900890	687.590271	0.310218	1.237163	-1.199342
69.931999	31.070213	687.660767	0.279298	1.239580	-1.237148
70.185059	31.488998	687.653198	0.207993	1.240059	-1.296487
68.493950	31.083153	686.742004	0.231693	1.243371	-1.274901
68.559639	31.752876	685.633911	0.162463	1.239276	-1.329821
69.110153	28.889641	686.317566	0.119746	1.266579	-1.370410
66.034332	29.624828	685.046875	0.144465	1.254806	-1.344880
65.633232	29.687967	685.058472	0.118149	1.255779	-1.371302
65.361343	30.217308	683.017639	0.040808	1.253263	-1.460070
65.452721	32.272991	681.369141	-0.008921	1.227593	-1.516408
64.069725	32.572723	679.977966	-0.010014	1.251086	-1.517457
66.831406	33.537643	678.014771	-0.159032	1.250626	-1.674884
62.861301	33.263351	676.150269	-0.110195	1.255481	-1.612131
64.214516	34.618210	674.976135	-0.206906	1.248137	-1.711828
62.320034	32.241280	675.419800	-0.168917	1.266925	-1.684204
59.950382	32.761246	675.250244	-0.162188	1.260469	-1.670028
60.124996	31.856932	674.515869	-0.170790	1.271623	-1.686919
60.025928	30.105761	673.340820	-0.270138	1.263128	-1.771966
57.989162	31.142929	672.342834	-0.268836	1.262650	-1.778826
57.414032	31.356752	672.323486	-0.242599	1.261454	-1.753964
57.099072	31.919254	672.421021	-0.270341	1.265589	-1.781390
56.990067	32.060135	671.393738	-0.270458	1.263685	-1.781045
57.385323	34.386562	670.158203	-0.302346	1.216233	-1.806198
58.721767	33.676937	672.897583	-0.323300	1.208622	-1.840719
56.877525	30.934412	674.725342	-0.402647	1.238609	-1.911029
56.623100	31.410624	673.460083	-0.414381	1.228439	-1.936806
51.961452	31.130566	673.487732	-0.325436	1.229433	-1.836199
50.737865	31.893600	672.152344	-0.365084	1.216023	-1.862478
50.924156	32.756428	672.528992	-0.436969	1.195359	-1.927815
50.232479	31.780916	671.951416	-0.436251	1.210278	-1.920517
51.160328	31.180674	673.515015	-0.483693	1.196263	-1.971445
49.129128	31.580017	672.912109	-0.461147	1.208644	-1.951474
50.493275	29.247894	673.215881	-0.521860	1.217803	-2.011045
47.963253	29.130320	674.079102	-0.462111	1.214906	-1.944971
48.208286	31.176683	673.160339	-0.465053	1.182962	-1.959765
46.689911	28.059841	674.032959	-0.556555	1.212264	-2.051345
44.833138	27.941990	674.192017	-0.538628	1.218588	-2.027051
46.074135	27.850973	673.623413	-0.582974	1.198618	-2.057235
44.951614	27.703415	673.525635	-0.614122	1.194694	-2.085190
40.770454	28.572155	673.598206	-0.514001	1.197171	-2.007760
40.067257	27.938473	672.155396	-0.627371	1.181921	-2.122468
38.601036	29.883747	671.472107	-0.681147	1.159420	-2.151511
35.361214	28.910177	670.883362	-0.680884	1.171805	-2.168819
35.309551	31.101591	669.038452	-0.771525	1.144007	-2.243280
32.393448	32.909618	668.971680	-0.746055	1.142582	-2.208833
33.808273	32.184147	668.848877	-0.775377	1.138502	-2.255651
					
30.281826	32.924057	667.824280	-0.796187	1.136075	-2.275208
30.937323	33.234261	668.537720	-0.859270	1.127933	-2.326567
30.673262	34.202713	668.593140	-0.852407	1.100668	-2.303182
30.721724	33.637222	668.459229	-0.886393	1.096621	-2.334536
29.838392	31.234074	669.531616	-0.912481	1.098944	-2.342886
30.539436	30.727974	670.466125	-0.918608	1.097515	-2.365277
					
29.313169	28.792503	671.060303	-0.964786	1.086408	-2.418201
28.377857	29.880074	671.021545	-0.925758	1.085797	-2.379601
29.292707	29.525066	669.809509	-0.921812	1.079718	-2.403315
					
					
					
28.332392	29.472559	671.151184	-0.962416	1.089577	-2.425792
28.397287	30.450426	670.810669	-0.946395	1.079722	-2.407361
					
					
					
					
					
					
28.638721	30.234787	670.746704	-0.945905	1.078766	-2.416610
					
					
					
32.954910	32.466560	668.448364	-0.830026	1.125260	-2.276492
37.328606	33.045750	667.733643	-0.859366	1.107115	-2.294287
37.344925	33.574989	667.238647	-0.810436	1.149712	-2.257879
38.994728	35.097961	666.199036	-0.791149	1.148638	-2.236778
37.717033	33.418278	666.258606	-0.711900	1.181583	-2.167780
39.598595	33.771332	665.447449	-0.746003	1.189091	-2.179866
40.726028	35.553101	665.367676	-0.713088	1.187306	-2.139620
40.957050	34.125401	665.673523	-0.703339	1.197778	-2.124261
43.529434	35.486053	663.285522	-0.646825	1.184153	-2.091112
44.375534	34.817997	662.401855	-0.584888	1.223178	-2.024628
44.438957	34.301010	661.871216	-0.521798	1.240362	-1.965000
47.209908	34.968903	660.542786	-0.547162	1.228319	-1.980462
48.432545	34.276588	660.737549	-0.563908	1.235645	-1.998060
48.476105	36.449463	659.568604	-0.500216	1.230156	-1.919380
48.012329	34.495197	659.583069	-0.337319	1.270336	-1.776724
49.990211	33.961632	658.391418	-0.375518	1.262190	-1.806740
51.894279	34.187164	658.680054	-0.339459	1.274792	-1.772003
51.990669	34.983059	658.460205	-0.297072	1.266407	-1.733244
52.303097	36.740917	656.285156	-0.262381	1.257910	-1.700038
52.467003	34.971397	656.844543	-0.229921	1.282059	-1.678772
53.125496	34.914700	656.882812	-0.121624	1.284469	-1.574579
53.719765	36.489662	656.391174	-0.110341	1.263893	-1.557160
53.577881	35.517376	656.710266	-0.089668	1.276673	-1.544634
54.948891	34.408054	658.708679	-0.090096	1.278312	-1.554163
55.019794	35.709259	658.288147	-0.060203	1.260888	-1.516440
54.493877	37.281136	657.681763	0.039879	1.236927	-1.422368
57.156590	38.392899	656.695435	0.015584	1.236842	-1.446822
58.146679	38.409863	655.652100	0.062604	1.235054	-1.419551
60.330189	35.666397	656.225098	0.042594	1.258752	-1.421591
60.404293	36.720394	656.542908	0.044380	1.271266	-1.418805
60.011959	38.356205	655.301025	0.068979	1.260151	-1.372524
62.873024	38.110737	654.478516	0.018081	1.267522	-1.453097
60.555954	37.104103	654.361755	0.093335	1.262490	-1.358179
61.260803	38.002716	655.440002	0.044140	1.267112	-1.420856
62.084763	39.815140	653.230164	0.042388	1.257145	-1.431178
61.844704	42.662971	652.547729	0.062330	1.230617	-1.394763
61.860886	42.862103	651.853943	0.065368	1.240873	-1.390186
62.309811	41.958958	652.419678	0.096990	1.264554	-1.359990
64.395149	43.195969	652.082092	0.042445	1.251188	-1.412511
66.027290	41.347992	651.685242	0.019035	1.276050	-1.434073
66.112564	41.612885	650.909485	0.019723	1.285694	-1.440811
65.307137	42.816147	648.821960	0.047264	1.280279	-1.407410
65.237549	42.455692	647.870667	0.100402	1.282403	-1.365895
66.857101	41.182884	647.011230	0.049262	1.288788	-1.405327
65.797241	42.246315	647.602661	0.072367	1.272617	-1.368292
67.704384	40.932610	647.971619	0.078437	1.289204	-1.353000
68.582222	40.770149	646.972107	0.106872	1.288420	-1.310532
70.435150	40.372383	646.395508	0.082830	1.308521	-1.342432
70.994370	41.835983	645.188904	0.136080	1.297746	-1.292101
73.846115	42.483727	645.316895	0.108870	1.305066	-1.327856
74.801552	43.123917	644.160950	0.077233	1.297072	-1.342158
73.858528	44.853447	643.183105	0.107651	1.297139	-1.297199
73.360954	43.739334	642.088562	0.161259	1.292524	-1.230868
75.469757	43.590816	642.112183	0.136947	1.295382	-1.243246
78.367851	43.551834	642.031067	0.164883	1.292140	-1.206720
80.447762	44.602905	642.538330	0.099697	1.271397	-1.272362
82.799660	45.651680	643.211182	0.070735	1.258183	-1.283995
82.319237	44.094032	643.477051	0.152585	1.268620	-1.173990
84.266975	46.022774	643.281433	0.122704	1.259753	-1.209548
84.436317	47.611015	643.883789	0.166640	1.243952	-1.151416
86.317268	47.220566	645.068237	0.146084	1.251631	-1.161523
86.651344	47.650303	644.173706	0.150999	1.255572	-1.136729
86.510651	50.231758	643.622070	0.136023	1.234077	-1.150497
89.617142	48.185013	644.147461	0.098620	1.254379	-1.181597
89.905861	48.270630	644.290710	0.127564	1.261164	-1.141464
92.530769	48.934921	644.179871	0.098145	1.256611	-1.176163
92.232376	49.014671	644.084717	0.122150	1.252959	-1.158177
94.526321	50.180138	644.183960	0.072735	1.256955	-1.206576
95.236526	50.342880	644.102966	0.049030	1.253692	-1.198566
97.294769	52.055611	643.844116	0.047166	1.243018	-1.195071
98.293884	49.734119	646.120789	0.099359	1.254508	-1.128202
99.962639	51.755241	646.088013	0.099693	1.252412	-1.117539
101.851913	53.602524	647.084717	0.098984	1.252137	-1.103281
103.945076	54.998985	648.783630	0.143861	1.241214	-1.070435
103.178185	56.572289	648.478882	0.163400	1.228593	-1.046806
104.330986	56.328506	650.328491	0.203811	1.223346	-0.997774
106.602203	57.234184	650.591309	0.162546	1.233350	-1.036237
109.097778	58.330872	651.491699	0.069668	1.230102	-1.105606
107.737518	57.832989	651.447754	0.137709	1.227762	-1.040588
108.058670	57.964142	651.079041	0.148932	1.250915	-1.026432
107.766342	59.619286	650.835327	0.144915	1.241499	-1.029925
108.690628	60.293800	650.803345	0.097163	1.239867	-1.073819
107.601814	60.292480	651.964844	0.148626	1.246418	-1.024692
108.194893	60.646847	651.945374	0.148624	1.245384	-1.031274
107.121536	61.479561	650.748535	0.167982	1.236856	-0.997838
108.763359	60.608875	651.895630	0.147143	1.243946	-1.025756
108.447006	61.587273	650.566711	0.140916	1.230695	-1.034627
107.159492	61.106010	650.508423	0.164155	1.228867	-0.992352
107.639359	60.934013	649.652100	0.167094	1.233546	-1.005242
110.044907	61.873684	648.970459	0.075393	1.246376	-1.090357
107.904205	61.609863	647.787903	0.145066	1.238924	-1.030336
109.106903	61.420422	648.032471	0.123904	1.249041	-1.067199
108.235672	61.718258	646.697876	0.094887	1.235477	-1.104486
107.873749	58.589001	646.955322	0.121765	1.246589	-1.071453
106.071480	58.811520	645.794556	0.143355	1.239743	-1.057791
107.634880	56.650368	646.060852	0.100645	1.251444	-1.108388
106.005707	56.293480	643.960266	0.050271	1.247309	-1.151188
104.492218	55.797840	643.065491	0.074296	1.251052	-1.133861
101.145058	54.953346	641.029053	0.098303	1.249851	-1.139466
98.439644	52.899986	639.346130	0.202079	1.262356	-1.051892
96.310928	54.562500	638.049805	0.146797	1.250099	-1.129990
94.124100	54.521515	637.189453	0.099556	1.256237	-1.174246
93.314690	52.616261	636.481628	0.126512	1.267726	-1.166174
88.719460	50.099346	633.487976	0.261661	1.267573	-1.027664
88.882248	49.359074	633.227783	0.145091	1.299307	-1.183939
87.954903	50.306046	632.962280	0.139209	1.288009	-1.201480
85.514610	49.867645	632.766724	0.159926	1.279083	-1.189150
83.961716	48.250507	633.005310	0.138365	1.289702	-1.202959
83.240631	47.007835	633.103027	0.136403	1.294139	-1.208856
80.120003	46.814995	631.923828	0.241848	1.285938	-1.125300
78.804985	45.598373	633.074707	0.221780	1.293415	-1.150659
78.192711	46.635735	633.186523	0.194256	1.297415	-1.193154
77.758423	45.848011	634.213684	0.167577	1.298907	-1.225601
76.093765	45.166229	635.313599	0.228097	1.304359	-1.183095
74.258820	45.468681	635.125671	0.278221	1.295227	-1.143559
74.211105	46.051514	635.976196	0.271232	1.288603	-1.151602
73.307144	45.961418	636.991028	0.301898	1.289433	-1.144309
72.965172	43.582157	638.314209	0.346081	1.304450	-1.101222
72.905403	42.886436	638.361328	0.322814	1.305663	-1.137316
73.067169	42.653870	640.156860	0.311015	1.297150	-1.149811
72.677567	43.128654	640.090088	0.283070	1.294300	-1.183717
73.385315	41.518402	640.437561	0.239489	1.309629	-1.247588
72.528915	41.945618	640.260010	0.291107	1.301168	-1.215429
68.475365	43.273106	639.930908	0.385991	1.285419	-1.125697
69.896225	41.657585	641.513306	0.363695	1.313044	-1.153068
70.164970	42.901104	641.481628	0.363170	1.310881	-1.161425
69.218933	45.425934	640.243896	0.402399	1.298379	-1.132784
69.186882	44.588833	641.284607	0.479593	1.302171	-1.072739
70.131668	45.068840	640.441406	0.393089	1.307924	-1.164447
70.417732	45.743847	640.281921	0.375187	1.301171	-1.198638
67.155373	45.462769	639.402771	0.500906	1.305851	-1.091535
67.627022	50.114906	637.208618	0.511062	1.295346	-1.113595
67.713707	48.947899	636.378235	0.468132	1.302816	-1.155039
66.001762	49.141823	635.491699	0.507001	1.308336	-1.116161
64.230873	48.624130	635.272766	0.525577	1.298367	-1.091897
64.391296	49.051205	634.550964	0.492836	1.311927	-1.146193
63.070068	47.876400	634.667603	0.578403	1.317805	-1.061800
62.657536	46.721832	633.797058	0.549380	1.323293	-1.081757
62.639236	47.837814	634.516785	0.549585	1.310379	-1.106426
63.421154	45.922638	634.817383	0.527270	1.325813	-1.120585
62.586742	46.239265	635.420410	0.548402	1.306181	-1.102116
63.855175	44.672203	636.743652	0.514761	1.322985	-1.164998
61.689659	44.078232	636.428467	0.606149	1.306851	-1.075957
61.692768	44.141026	637.282715	0.559922	1.299962	-1.131357
60.950256	44.927895	637.971558	0.592963	1.286567	-1.116325
60.098450	44.710663	637.908508	0.624860	1.284025	-1.078280
60.383186	44.276436	638.070740	0.614733	1.290759	-1.080341
59.348618	43.458580	637.406250	0.616797	1.305153	-1.101398
58.197754	44.289345	638.019592	0.639534	1.288045	-1.064815
59.928741	43.943874	640.187805	0.633579	1.296544	-1.078990
60.912121	43.205147	640.377808	0.657160	1.305017	-1.062549
59.950542	45.422752	638.957458	0.670448	1.284873	-1.052018
59.447025	43.990112	638.999084	0.708363	1.286617	-1.022506
56.583332	44.651054	637.696777	0.727698	1.273285	-1.012051
56.873466	44.512497	638.578613	0.755882	1.269167	-0.977556
57.597549	45.268246	638.927612	0.704774	1.283514	-1.034535
57.079819	44.822403	639.530334	0.758326	1.266908	-0.984328
56.582489	44.226768	638.949158	0.730776	1.284357	-1.030785
55.679024	44.000751	638.745911	0.714973	1.276349	-1.050132
53.782135	43.902981	637.398438	0.724641	1.262004	-1.047569
54.342831	42.600616	637.678711	0.767736	1.273358	-1.005469
55.645721	39.456535	638.387939	0.776379	1.306266	-1.002366
53.673897	41.132812	636.870056	0.784619	1.281623	-1.011948
52.304840	39.160942	636.785095	0.805385	1.279467	-0.995890
51.348293	39.008724	635.757324	0.761116	1.277958	-1.056913
49.867374	38.554718	635.542969	0.771974	1.269302	-1.047850
51.430977	37.724770	635.012146	0.727319	1.288938	-1.097301
49.872597	37.798241	634.778259	0.793941	1.277571	-1.032271
50.512192	38.637978	635.611206	0.744464	1.271839	-1.074494
51.742760	37.432144	635.986816	0.766286	1.287550	-1.058458
50.742851	39.042374	635.815857	0.748656	1.279207	-1.065100
51.931087	38.387405	636.855835	0.778938	1.281652	-1.022069
53.298168	38.150974	638.186707	0.789371	1.297075	-1.001296
52.397636	39.285992	638.026672	0.805900	1.288167	-0.972769
53.496994	40.586456	638.120361	0.745165	1.292399	-1.022521
56.540234	40.763744	640.048340	0.744659	1.289830	-1.016860
					
57.162262	42.950974	641.527344	0.804142	1.268298	-0.926459
58.727116	42.593246	641.521729	0.765155	1.267472	-0.958451
65.408745	39.476147	644.779297	0.685263	1.325936	-1.007928
66.240356	40.065575	644.940002	0.641466	1.334315	-1.027035
65.369789	42.052223	644.271851	0.670740	1.301560	-1.006797
66.611488	42.114162	644.303955	0.635712	1.302244	-1.009484
65.600296	42.160278	644.354248	0.681949	1.305181	-0.955159
64.929688	43.204941	641.372559	0.602410	1.304660	-1.040005
65.475426	43.657349	640.521667	0.617615	1.311433	-1.031640
63.400467	47.872467	639.430237	0.553822	1.306125	-1.055917
62.030716	47.066322	638.581116	0.589066	1.312482	-1.019721
60.596226	47.640594	637.871338	0.522173	1.326983	-1.083649
58.929447	48.724754	635.812378	0.510127	1.322375	-1.072621
58.621464	49.560219	633.739441	0.443891	1.317947	-1.137357
58.146900	49.534698	632.677856	0.434583	1.315950	-1.123930
56.499512	49.392128	631.421997	0.441774	1.303396	-1.118484
57.139465	49.497353	630.673706	0.425565	1.316302	-1.147818
57.067989	49.888306	629.604736	0.421368	1.311298	-1.152342
55.451187	48.791042	629.548645	0.446416	1.309291	-1.120355
57.200378	47.858063	629.941406	0.382238	1.329530	-1.181464
56.667114	49.140450	629.584045	0.384190	1.311612	-1.181143
56.416424	48.559357	629.683228	0.398176	1.317510	-1.166924
56.635651	48.540283	629.716675	0.396674	1.318609	-1.168263
57.245583	48.771835	629.736206	0.363111	1.318805	-1.200951
58.174366	46.816605	629.977417	0.382834	1.330547	-1.180765
57.481483	47.242634	630.859619	0.378691	1.325703	-1.185000
58.897835	46.823357	632.555237	0.325105	1.311377	-1.230710
58.654282	45.553398	633.915100	0.319067	1.329717	-1.235348
59.016228	44.503330	634.859497	0.351636	1.327770	-1.195710
57.440098	45.206268	634.653503	0.368109	1.316388	-1.180350
63.783470	46.153404	634.712769	0.177444	1.318722	-1.372727
67.293129	45.424877	634.617188	0.334482	1.316413	-1.213025
69.797394	46.523788	633.330811	0.310785	1.302434	-1.230015
73.633354	45.347229	633.453735	0.261041	1.309607	-1.277791
75.284538	43.620476	633.355896	0.264170	1.305825	-1.257898
78.115677	43.163704	632.354919	0.319427	1.306997	-1.213745
81.843925	44.947685	631.109741	0.304775	1.296087	-1.221401
85.408066	44.010040	630.640991	0.308023	1.321311	-1.215753
89.180214	43.783157	629.681519	0.306988	1.323408	-1.209192
93.338058	46.071087	629.451904	0.228926	1.313202	-1.301315
93.293556	46.128288	627.278809	0.287779	1.303680	-1.213242
96.886459	42.719872	627.641174	0.307922	1.322835	-1.184921
102.091469	42.637764	627.980103	0.265141	1.341768	-1.247745
105.886108	42.901939	629.569214	0.432851	1.322156	-1.087340
111.643585	44.590607	626.483582	0.235503	1.317652	-1.279492
113.139427	43.869167	626.054321	0.251438	1.298228	-1.233859
118.028519	44.565395	625.471619	0.236583	1.317618	-1.278427
120.906822	43.493439	626.478210	0.238346	1.319773	-1.277062
123.749763	42.937496	626.614014	0.246702	1.326674	-1.267960
122.528046	42.674034	627.333618	0.418127	1.313761	-1.102650
127.768509	43.793129	626.320496	0.285898	1.312140	-1.232295
129.537155	42.838188	625.974854	0.306615	1.296624	-1.197798
131.328125	40.439934	627.382446	0.299332	1.317940	-1.210494
130.976746	42.464832	626.108887	0.401629	1.304155	-1.113084
131.926773	43.646553	625.688110	0.427454	1.284913	-1.098052
136.362335	41.931854	627.150818	0.346191	1.307996	-1.188946
138.890594	42.198555	627.149841	0.313112	1.307676	-1.221360
139.275879	41.234901	628.099304	0.418832	1.306308	-1.094029
141.022461	41.228294	627.053955	0.370009	1.302725	-1.158567
142.922623	40.308681	627.047729	0.339510	1.303438	-1.173251
143.876633	41.780693	626.946411	0.332184	1.298885	-1.196119
141.187103	42.109791	626.520935	0.442775	1.280477	-1.091894
143.617661	41.772629	625.839600	0.379542	1.294179	-1.158569
143.463943	41.298813	625.919556	0.393472	1.298586	-1.143820
142.834442	42.627693	625.757690	0.406965	1.290752	-1.124869
143.577240	42.638031	625.824829	0.404242	1.292944	-1.142354
144.421143	41.015747	626.325073	0.389372	1.317018	-1.146286
					
141.694016	43.375004	625.876160	0.389479	1.295034	-1.140077
142.037308	41.951241	626.029785	0.375247	1.302399	-1.145448
141.327347	41.227863	627.257996	0.388029	1.314297	-1.155266
139.783112	41.409012	625.999512	0.364847	1.300512	-1.179485
135.272156	40.964378	627.488220	0.477891	1.277344	-1.057252
133.960220	40.842598	628.788574	0.497520	1.291313	-1.044918
132.710922	41.361156	628.854614	0.445795	1.293453	-1.109115
129.825714	39.632469	629.909668	0.487013	1.296641	-1.052965
125.064346	40.833981	628.651062	0.349648	1.283928	-1.187224
124.822815	39.803917	630.067688	0.311534	1.302662	-1.230605
122.109825	39.532337	630.164246	0.315572	1.306619	-1.233746
117.086761	39.954044	629.920471	0.366642	1.294688	-1.177463
113.977287	39.814476	629.968506	0.371061	1.295497	-1.165187
112.849464	39.268681	631.038269	0.285174	1.298819	-1.247939
109.380684	40.113754	631.720093	0.301480	1.284769	-1.224796
105.940392	40.472095	631.700317	0.296174	1.282803	-1.246590
100.962296	41.817066	631.593323	0.315041	1.275908	-1.236101
98.886078	40.546288	633.007690	0.279759	1.294831	-1.252915
94.845673	40.613609	633.089783	0.251451	1.297271	-1.288433
91.775101	40.064758	633.934265	0.247271	1.290852	-1.276258
86.559639	40.250473	634.035400	0.335506	1.294280	-1.207612
82.186874	40.758545	634.832031	0.350432	1.285644	-1.194793
79.346695	41.423103	634.758911	0.294691	1.281971	-1.247769
75.295517	40.573723	634.882507	0.357461	1.286483	-1.178668
73.377365	40.771008	634.689575	0.290218	1.277926	-1.244803
70.799095	40.933914	634.682800	0.289651	1.276803	-1.252465
70.834419	40.388699	634.920410	0.243301	1.287234	-1.296340
68.183411	40.688828	633.872314	0.237154	1.283891	-1.310817
65.073997	38.995613	634.846680	0.324997	1.284317	-1.210776
64.100067	40.232758	632.640808	0.283308	1.273395	-1.275121
61.978565	39.313004	633.459473	0.331773	1.267567	-1.222228
59.670723	37.031303	632.747498	0.262238	1.278769	-1.287582
57.943413	37.034088	632.952820	0.300580	1.287778	-1.242905
58.201557	36.798904	633.112854	0.247727	1.295448	-1.292723
56.055351	39.507172	632.892090	0.239516	1.284521	-1.293468
57.076141	39.038719	633.820801	0.211808	1.282192	-1.335079
55.216698	39.728004	632.847778	0.238945	1.281872	-1.294651
56.347809	39.987534	632.822754	0.237353	1.280672	-1.310631
56.195343	41.534737	632.634705	0.229264	1.272566	-1.311066
56.687424	42.932629	631.820984	0.211341	1.279690	-1.326897
56.324738	42.224823	631.703918	0.208413	1.275270	-1.314212
55.832130	42.385323	630.630798	0.230894	1.272281	-1.309061
55.528164	41.261627	629.948303	0.266708	1.285522	-1.290137
56.150902	39.828003	629.464600	0.200564	1.308739	-1.352014
55.379826	39.357155	629.275757	0.224150	1.300241	-1.321655
53.892937	39.321259	629.489380	0.261729	1.310860	-1.284975
54.824257	40.316509	629.215881	0.250636	1.298401	-1.296744
56.313988	39.868706	628.438965	0.168264	1.308728	-1.375276
56.865105	39.735466	628.166138	0.187980	1.296856	-1.357100
56.918991	37.209538	627.532288	0.234006	1.314793	-1.312202
58.396545	35.261559	626.284912	0.197788	1.304807	-1.354898
58.742306	31.551443	624.292969	0.165252	1.304960	-1.386665
60.267181	29.139627	622.154175	0.160656	1.299426	-1.393871
61.402534	25.290188	622.107849	0.165206	1.299756	-1.388161
61.686153	21.765888	621.979614	0.158516	1.296996	-1.402793
61.338287	18.557734	619.795166	0.155931	1.290137	-1.413048
61.573128	10.735503	617.648254	0.151656	1.331477	-1.415959
63.120522	10.174040	615.070679	0.105365	1.304551	-1.467660
63.809528	2.276022	617.216492	0.232139	1.316418	-1.346774
64.420959	-0.483831	615.220947	0.233152	1.316384	-1.347442
64.507774	-2.534695	614.970520	0.225077	1.307100	-1.359131
65.142708	-8.810965	615.590881	0.223102	1.340750	-1.363250
67.934303	-9.323458	611.860413	0.104655	1.304881	-1.460537
68.833740	-11.995327	611.784119	0.105450	1.303332	-1.459363
68.660873	-13.444122	610.427917	0.099842	1.287984	-1.473255
70.558243	-16.839006	610.313110	0.070491	1.283899	-1.517297
68.512947	-18.701134	609.294739	0.125820	1.283310	-1.451346
67.996819	-21.346472	609.237915	0.097593	1.282544	-1.485362
69.495377	-26.263767	609.313904	0.071657	1.286680	-1.509405
70.500702	-26.817591	608.878723	0.066918	1.269844	-1.515877
70.416031	-29.618626	608.876465	0.067367	1.270018	-1.512159
69.468552	-35.093315	610.543030	0.102748	1.301775	-1.486682
68.220963	-35.287674	609.130554	0.096940	1.284479	-1.492917
67.858871	-36.962234	608.392822	0.074423	1.294754	-1.516015
69.910515	-39.297081	608.230774	0.068267	1.289261	-1.533990
70.166847	-39.642174	608.053162	0.041943	1.281801	-1.546050
69.572098	-40.810688	608.104004	0.070061	1.284665	-1.519335
69.157173	-42.109234	609.141296	0.097878	1.287566	-1.500111
69.027489	-41.125977	607.920532	0.095036	1.276235	-1.497162
69.755760	-41.717491	608.100159	0.069643	1.284495	-1.527389
70.288017	-42.355751	608.292297	0.044306	1.293019	-1.550368
69.782112	-41.726936	608.108948	0.069880	1.284599	-1.528541
70.694962	-40.808243	609.082947	0.068649	1.284723	-1.528244
69.574821	-40.905304	608.150818	0.069922	1.285830	-1.519251
69.129776	-39.005142	609.069824	0.097563	1.283233	-1.492371
67.645523	-38.019028	609.062073	0.122826	1.281744	-1.468069
68.612000	-37.186966	609.404358	0.074774	1.296098	-1.507890
68.919861	-34.439362	610.147034	0.071281	1.284511	-1.516395
67.448395	-33.767876	611.150574	0.124943	1.283338	-1.451938
67.337570	-32.107674	611.518250	0.132869	1.297796	-1.440966
68.199074	-27.252867	611.899902	0.094356	1.270835	-1.481822
67.437553	-25.372169	612.221252	0.097592	1.282629	-1.478064
66.747337	-22.766539	614.495544	0.104605	1.294824	-1.469403
66.717476	-18.832809	615.441711	0.127449	1.290875	-1.453871
66.252098	-16.305597	617.725281	0.193790	1.302307	-1.374500
67.904602	-12.474566	618.491943	0.156849	1.289036	-1.408552
68.780029	-6.828220	620.198120	0.175379	1.274554	-1.398508
67.826645	-5.063829	621.776062	0.191041	1.298938	-1.366369
68.839203	-0.414549	623.581543	0.156941	1.288766	-1.412507
65.639755	1.426111	629.863159	0.306244	1.300403	-1.246957
67.691025	4.376717	631.266846	0.235144	1.318053	-1.322668
66.351173	13.856591	630.551880	0.235577	1.282135	-1.328996
65.686424	15.899297	632.540283	0.206106	1.281006	-1.344122
65.250504	16.652391	633.913635	0.214765	1.296274	-1.340680
63.411736	20.432718	634.623047	0.237490	1.281862	-1.305444
63.187588	21.228027	639.852661	0.297841	1.291789	-1.245663
62.880909	24.794090	639.701538	0.293613	1.282811	-1.242029
65.040161	25.218281	642.003845	0.218966	1.297170	-1.321073
63.917538	25.934177	643.936462	0.304272	1.293810	-1.238155
65.855286	24.330738	645.211304	0.259685	1.305570	-1.271434
64.488106	23.982323	645.503906	0.307154	1.319093	-1.217094
64.407555	24.908161	645.286804	0.295759	1.308254	-1.236442
66.259331	24.764597	645.369995	0.266750	1.312789	-1.266281
65.517128	25.947987	644.916016	0.305358	1.292367	-1.222393
66.954788	26.104286	643.946167	0.280900	1.293141	-1.251549
66.845230	26.490070	642.554565	0.261939	1.275640	-1.265512
67.527771	25.962584	641.691772	0.266644	1.282425	-1.260512
66.923203	25.986431	640.920959	0.306064	1.292497	-1.228671
65.970161	27.550961	639.764832	0.296739	1.285093	-1.238642
67.441780	25.894634	639.715759	0.271811	1.284293	-1.270615
67.372986	27.301548	637.577087	0.288174	1.276732	-1.255627
68.745911	26.525002	637.595337	0.234752	1.278816	-1.306969
68.754341	26.436691	636.555420	0.261869	1.276856	-1.273242
70.327797	25.499447	636.621399	0.207450	1.280765	-1.340521
67.972389	24.613354	637.501465	0.260351	1.275265	-1.275229
68.752892	23.858212	639.459900	0.230039	1.273969	-1.295397
69.680466	19.984076	643.975464	0.253381	1.299118	-1.289048
69.444817	19.063335	646.890320	0.279440	1.294259	-1.248665
71.475586	18.798973	651.667664	0.268904	1.285211	-1.265674
70.962585	17.674280	655.847656	0.331886	1.293162	-1.197409
72.342102	19.750233	661.369568	0.252043	1.273112	-1.290221
72.354454	17.354307	666.671387	0.293133	1.285980	-1.236891
73.626045	18.550175	671.347900	0.282192	1.271287	-1.262737
72.224152	19.781967	677.057190	0.344356	1.260377	-1.196189
72.595871	18.185061	682.270874	0.334336	1.268817	-1.210561
72.324097	19.400612	686.097412	0.372048	1.261759	-1.176257
73.479698	17.023926	692.477234	0.372006	1.279208	-1.173860
74.121880	18.647615	696.306885	0.361821	1.270880	-1.174968
72.704803	21.343884	698.678162	0.383454	1.244721	-1.156734
74.137871	19.453875	703.355103	0.367220	1.271889	-1.160709
74.767395	19.296444	706.714478	0.385964	1.288136	-1.150553
72.660744	19.214781	710.051575	0.454581	1.260597	-1.069974
73.167534	20.544336	712.203613	0.409428	1.265322	-1.121590
72.489113	18.990767	714.247559	0.433888	1.267802	-1.097602
71.538452	20.109186	716.272156	0.425559	1.268562	-1.104309
70.556778	20.443745	717.971191	0.470554	1.256529	-1.063022
70.792809	21.818386	718.590576	0.450725	1.240850	-1.091412
72.046463	20.198481	721.988953	0.373650	1.258161	-1.156028
71.718185	20.901487	722.087524	0.403438	1.261440	-1.136846
71.584000	19.398684	722.825317	0.392763	1.250655	-1.138857
71.877075	17.570988	724.370178	0.419726	1.273934	-1.117589
69.594727	18.216972	723.050598	0.454955	1.259525	-1.086615
70.449112	19.090248	723.881653	0.393533	1.253257	-1.127499
69.274300	18.123159	724.157043	0.432560	1.264359	-1.108520
69.516998	19.526392	722.801208	0.385064	1.250072	-1.147529
69.124756	15.591072	722.382324	0.393505	1.274520	-1.145346
68.499733	14.974016	720.434570	0.431401	1.276707	-1.097833
69.113441	15.688504	718.008240	0.396687	1.258682	-1.153237
70.296104	14.679424	716.328735	0.396871	1.273566	-1.150111
68.902634	14.978895	712.344177	0.369248	1.273218	-1.174995
67.115364	16.116777	709.835449	0.411405	1.252191	-1.138089
67.768204	14.793218	707.229248	0.439484	1.267621	-1.109614
67.580597	15.744124	705.305237	0.425642	1.270492	-1.111690
69.103294	15.482521	704.122437	0.399914	1.264262	-1.148455
67.503777	15.786382	700.243591	0.444039	1.268934	-1.097634
66.889618	17.812824	696.656982	0.429936	1.243804	-1.123121
68.323463	19.160740	694.808777	0.358393	1.250260	-1.190368
68.805939	19.448902	690.748718	0.353180	1.247596	-1.196584
69.409119	19.080444	688.209412	0.356408	1.266673	-1.182133
68.596451	19.898273	684.602051	0.351904	1.242675	-1.198161
69.704895	20.237152	679.901245	0.337313	1.253160	-1.195068
68.529572	19.319752	676.828674	0.358618	1.250377	-1.184479
70.858902	17.762209	674.521301	0.316160	1.279029	-1.237666
69.344055	19.145525	669.961487	0.343337	1.255857	-1.198031
70.973824	19.827545	667.200439	0.301223	1.265757	-1.235773
70.736908	21.365503	663.965393	0.324760	1.256529	-1.214290
70.748718	21.628023	659.317078	0.306886	1.269512	-1.231052
71.196877	21.571442	657.184326	0.350221	1.264848	-1.182288
72.225113	20.883141	653.196167	0.324342	1.264836	-1.215600
71.988678	20.998100	650.082581	0.351090	1.260604	-1.190365
73.371307	20.428389	646.496338	0.286970	1.277311	-1.265816
71.988800	22.439163	643.021484	0.319117	1.258155	-1.214751
73.088951	21.942213	639.270874	0.306222	1.267611	-1.233785
73.090378	24.190565	635.863953	0.314212	1.250341	-1.234965
72.090233	24.934868	629.273132	0.310297	1.266811	-1.231103
73.744881	24.822865	628.361755	0.258309	1.271938	-1.264749
73.211411	25.034359	624.268066	0.303461	1.266470	-1.238776
73.814552	24.757442	622.337952	0.311323	1.270138	-1.236466
74.312653	26.544945	619.148987	0.301899	1.260322	-1.253131
74.407814	25.506231	618.453735	0.311324	1.273674	-1.242963
73.591469	26.316269	616.159180	0.319790	1.261830	-1.237174
75.322647	25.148127	615.521606	0.316786	1.277407	-1.230789
75.899231	26.189310	614.294800	0.278201	1.267633	-1.275979
74.777893	27.197712	612.882202	0.313474	1.250524	-1.245007
75.596542	26.802237	612.936340	0.313594	1.253551	-1.236862
75.758835	24.727283	612.283386	0.336297	1.268377	-1.213276
76.785378	23.943846	611.639709	0.294539	1.282524	-1.243508
74.801720	23.688169	612.186401	0.379416	1.263968	-1.166577
73.482971	24.590229	611.178345	0.386466	1.263380	-1.158868
74.392151	23.990891	612.058167	0.381590	1.259287	-1.163632
75.829865	24.842878	612.955750	0.320166	1.254811	-1.222908
75.764923	24.630590	612.028503	0.325953	1.257146	-1.217494
76.510941	25.219513	613.079041	0.346077	1.259583	-1.197778
78.567741	25.523539	614.175171	0.273131	1.263790	-1.273798
76.540939	26.374622	613.176514	0.270612	1.263549	-1.275812
77.671051	25.082825	614.231812	0.307004	1.266507	-1.240785
77.919273	24.919151	613.033813	0.296191	1.257930	-1.260360
78.241333	24.750931	614.088379	0.276126	1.261299	-1.270845
76.266998	25.042734	614.200012	0.326841	1.264914	-1.221781
77.257607	25.931328	614.022522	0.291424	1.257181	-1.264119
77.909935	24.019463	613.970032	0.295544	1.256573	-1.252489
79.085022	21.663656	614.428589	0.311876	1.275206	-1.243111
78.967339	24.893583	614.017822	0.298332	1.257873	-1.256520
78.506828	26.411139	612.838257	0.286853	1.249587	-1.254153
81.526680	25.936958	614.068115	0.244832	1.260054	-1.293007
82.148659	25.370848	611.969543	0.244208	1.255118	-1.293158
83.041100	26.451010	611.958557	0.197351	1.255548	-1.320783
					
84.605362	27.091751	613.045227	0.197965	1.258994	-1.335711
83.239082	26.648659	612.141724	0.224718	1.262298	-1.302899
84.469925	27.418968	613.832275	0.240888	1.251288	-1.297318
83.494087	25.690496	614.033997	0.275616	1.259151	-1.248927
					
85.645569	24.321289	614.948853	0.355142	1.256216	-1.173873
87.151711	24.323652	615.150146	0.410671	1.264395	-1.136011
87.115265	24.475307	615.053467	0.488308	1.260317	-1.054096
88.997940	25.274914	614.022644	0.538195	1.257505	-1.015243
90.420441	25.178743	615.591003	0.514658	1.241773	-1.001438
90.494492	25.926304	615.526306	0.629545	1.238886	-0.912896
92.899445	27.137394	617.502686	0.664596	1.238286	-0.869937
93.071808	27.372494	617.472656	0.748931	1.236711	-0.771993
94.733696	26.833221	617.968811	0.813339	1.256078	-0.695489
91.198708	30.230068	615.873779	0.750341	1.250029	-0.760351
89.678299	28.178173	615.901489	0.730225	1.293578	-0.780339
87.827591	28.841795	615.121704	0.642451	1.303638	-0.866361
83.493103	26.769720	613.253479	0.552319	1.309647	-0.953203
83.921890	26.070950	613.498962	0.312928	1.322767	-1.161690
81.612404	24.585274	612.430664	0.144809	1.319350	-1.340032
79.380478	22.730110	612.020569	-0.038505	1.300911	-1.489346
76.612671	20.416655	611.999695	-0.009485	1.257642	-1.484648
77.617027	9.343666	615.116089	-0.217939	1.265599	-1.694233
78.311546	7.812445	616.865723	-0.287901	1.218610	-1.751978
78.105225	4.574802	618.793701	-0.258109	1.183583	-1.750062
76.970695	3.552517	621.151855	-0.170037	1.133936	-1.668234
79.071953	1.783962	623.546204	-0.095718	1.118066	-1.610542
82.373146	3.161255	623.337646	-0.039140	1.084689	-1.552674
85.375084	4.555603	625.885498	0.043126	1.073024	-1.464528
87.223053	3.742519	629.824341	0.154564	1.072448	-1.363037
91.484985	6.629826	631.775513	0.223541	1.045847	-1.290100
92.000328	8.804276	632.695007	0.322562	1.019638	-1.186457
94.160706	11.147358	632.450867	0.399301	1.037621	-1.100259
97.380951	12.400219	635.307434	0.470037	1.033570	-1.007935
					
					
					
					
108.952515	23.694908	635.654358	0.744913	1.146314	-0.670383
					
					
					
					
101.097404	28.506296	629.109558	0.800082	1.261574	-0.588829
96.868896	28.866352	627.315125	0.736817	1.269514	-0.679652
93.551010	29.491344	624.572327	0.687780	1.278714	-0.743538
90.819672	27.889847	623.565430	0.617322	1.279330	-0.822260
88.499855	26.468971	622.684631	0.480478	1.285924	-0.954467
86.203629	27.659527	620.849365	0.363992	1.250706	-1.095961
82.737381	20.524616	620.013184	0.251958	1.259439	-1.200364
82.458504	21.169350	617.610474	0.209585	1.207630	-1.285251
82.117142	18.617083	618.368103	0.227762	1.200758	-1.262168
85.017685	15.488131	618.756958	0.217577	1.181999	-1.293755
86.181671	14.063833	617.590210	0.232916	1.146250	-1.279266
88.436226	14.456959	613.981628	0.203760	1.100193	-1.275477
91.491287	14.048462	613.016846	0.213211	1.074976	-1.263350
94.509895	7.958391	614.592773	0.460760	1.092629	-1.053169
100.904495	5.355762	613.741272	0.454289	1.097382	-1.027466
102.736588	4.147017	613.452637	0.540040	1.089466	-0.943412
					
117.406555	-0.027073	619.105591	0.548040	1.236732	-0.876358
121.314728	6.102572	617.233765	0.750591	1.203610	-0.663708
					
131.338470	13.236018	617.278748	0.960808	1.237311	-0.392280
					
					
136.929672	28.679478	619.434937	1.212174	1.275253	-0.064409
					
132.312088	33.770519	621.171631	1.061168	1.306992	-0.228609
					
122.931610	33.464855	624.218262	0.818152	1.308675	-0.450643
					
110.705704	29.130896	625.764587	0.556717	1.291706	-0.759025
103.568817	24.688095	625.888000	0.452179	1.254905	-0.890944
99.710915	23.363470	627.266541	0.256003	1.232218	-1.109754
92.460121	18.295559	630.376953	0.125177	1.201980	-1.263498
87.073624	14.359697	635.379700	0.087772	1.140644	-1.345773
80.192078	10.392210	638.565430	0.047248	1.116823	-1.411927
73.429184	3.272614	649.037903	-0.036447	1.026373	-1.572510
67.984741	1.551575	653.891968	0.007883	1.000100	-1.560593
68.319466	-2.004288	657.214111	-0.062533	0.984942	-1.650467
64.968750	-4.639412	661.104126	-0.022194	1.005669	-1.636407
61.811375	-5.299805	662.493774	0.035618	1.015006	-1.611442
60.969280	-5.501453	662.332031	0.098151	1.034863	-1.566980
57.211124	-6.422127	661.412964	0.247548	1.061358	-1.451297
56.912487	-5.945782	660.071411	0.338760	1.077953	-1.356890
60.814106	-6.724590	658.390625	0.400159	1.114354	-1.293619
65.589531	-9.085403	658.288818	0.425052	1.171310	-1.233309
68.286552	-11.213524	657.362305	0.554434	1.208507	-1.081532
77.264000	-9.693918	654.660828	0.566775	1.255495	-1.026816
82.647141	-9.028522	650.695312	0.681334	1.299063	-0.881960
93.418396	-7.862038	646.972046	0.810264	1.365401	-0.701311
					
					
					
					
					
111.118164	19.432899	625.631226	0.836657	1.334380	-0.520177
114.360001	28.081118	625.738342	0.804038	1.288225	-0.527994
116.012894	30.362141	628.055420	0.730816	1.260531	-0.582102
117.539856	33.995255	629.396484	0.679204	1.198751	-0.623560
121.291565	34.337326	633.424988	0.584130	1.168741	-0.698871
126.863449	22.050022	641.449463	0.542123	1.173909	-0.725327
128.770172	19.756649	644.601929	0.454350	1.148688	-0.830775
127.011848	17.691212	645.939331	0.448327	1.101655	-0.850371
126.198502	14.352095	646.395569	0.492633	1.087351	-0.847664
					
					
					
121.518707	-8.276131	661.969543	0.488772	1.137083	-0.945315
120.157402	-13.061398	665.873047	0.492493	1.165208	-0.951003
117.370010	-16.139162	670.853394	0.457908	1.165696	-0.979555
112.662384	-19.284021	673.808594	0.545620	1.164283	-0.930775
113.391022	-21.647182	679.187256	0.521777	1.176617	-0.980993
112.721336	-26.649748	686.185303	0.546954	1.212474	-0.970397
107.772705	-27.847279	686.972412	0.591120	1.203493	-0.935853
104.949669	-29.847647	691.646606	0.648947	1.192891	-0.874579
104.706451	-29.495298	695.116882	0.620345	1.208930	-0.905329
101.972832	-29.648836	695.911133	0.644093	1.201568	-0.873758
102.640549	-28.046051	696.844727	0.655339	1.198944	-0.898793
101.188232	-28.967335	697.144531	0.668683	1.209399	-0.881198
100.191551	-27.356695	694.883545	0.681595	1.199126	-0.868749
100.213097	-25.579313	692.230774	0.685254	1.211821	-0.873756
99.733337	-23.299927	686.850647	0.705105	1.233877	-0.865879
97.132668	-21.836382	680.497742	0.794007	1.218643	-0.761727
102.848351	-19.652409	668.451599	0.647595	1.254442	-0.883107
101.460159	-13.924936	658.723572	0.684523	1.224846	-0.842947
103.333023	-7.431587	649.766846	0.650514	1.225607	-0.894592
103.405716	-5.635784	639.918213	0.651085	1.229686	-0.868461
108.405449	-4.247313	633.721802	0.594216	1.222563	-0.905808
108.721336	-1.809256	626.480225	0.665417	1.179778	-0.837084
					
					
					
					
					
					
					
114.552696	9.171227	620.397583	0.476969	0.926798	-0.969341
113.389572	7.311295	621.866699	0.362332	0.958123	-1.084565
105.263229	1.354317	626.391235	0.388042	0.927364	-1.109412
98.376862	1.320332	625.798950	0.367499	0.915393	-1.171591
94.202042	-1.967274	627.014221	0.335344	0.919861	-1.228670
89.245430	-4.271885	627.198364	0.312410	0.923822	-1.289303
					
82.953857	-7.492764	634.816040	0.308797	1.002384	-1.303583
82.366699	-9.293629	638.211670	0.338987	1.034866	-1.263256
81.827530	-8.831203	639.609070	0.382808	1.069488	-1.244604
82.473038	-10.293560	643.634644	0.383528	1.097444	-1.216117
81.805099	-8.396164	644.990906	0.435079	1.106304	-1.183555
82.771408	-8.777721	648.801147	0.478853	1.128921	-1.136222
84.294342	-8.999287	651.627625	0.519541	1.153235	-1.101863
85.324242	-10.610584	657.428040	0.540488	1.178894	-1.060822
83.633133	-8.591841	659.685242	0.611751	1.185979	-0.968138
87.881172	-7.487825	662.368103	0.600773	1.244285	-0.945788
89.891022	-4.820023	665.587891	0.661525	1.252378	-0.893647
91.322426	-1.593920	669.219238	0.787242	1.236977	-0.745545
96.641205	1.440927	671.883789	0.794796	1.262769	-0.702072
					
103.506577	4.142385	675.765198	1.044451	1.297373	-0.432521
107.786766	8.114549	677.046082	1.191126	1.265007	-0.284472
115.859009	10.716807	676.953613	1.296503	1.302072	-0.145655
115.426132	12.491083	674.608154	1.438003	1.244727	-0.026112
					
111.548874	25.048931	668.462708	1.427272	1.273640	-0.038878
110.500626	26.715393	666.096436	1.569618	1.300538	0.064939
108.787292	25.846218	664.506226	1.400734	1.316672	0.260282
					
					
					
86.435150	21.309265	651.505188	1.330869	1.374712	-0.194181
88.636589	16.145733	651.248291	1.184284	1.437724	-0.369925
82.026741	8.655017	650.195129	0.926619	1.439187	-0.645059
80.222626	6.604603	650.009583	0.794277	1.424860	-0.786118
80.034843	6.939157	649.747437	0.517201	1.405947	-1.075883
78.226601	3.820106	649.597473	0.493299	1.396157	-1.103233
75.668793	4.307990	648.929321	0.454376	1.351754	-1.154175
76.070381	1.161251	650.554260	0.353468	1.334561	-1.253657
76.089371	1.522182	651.748108	0.247181	1.297367	-1.375043
73.978928	1.222740	651.904785	0.239843	1.260937	-1.385075
71.808029	1.750975	652.135864	0.263727	1.196542	-1.362775
75.547287	-4.113251	656.458252	0.255591	1.176270	-1.366405
77.129654	-7.005335	658.851685	0.246637	1.158481	-1.380996
76.035507	-6.208992	659.405334	0.256686	1.116384	-1.368511
76.157913	-8.871067	661.066101	0.258125	1.107558	-1.370268
77.709816	-9.830170	662.441467	0.258477	1.091234	-1.386082
78.667755	-9.617443	662.185974	0.305895	1.084426	-1.351255
81.830261	-8.016457	659.848267	0.337768	1.101952	-1.300243
83.931328	-6.099106	657.998840	0.391353	1.079245	-1.228039
87.863083	-7.405201	659.277710	0.383301	1.114166	-1.228538
90.428566	-8.392242	659.800598	0.360344	1.129561	-1.232880
90.932472	-12.476250	660.645264	0.365361	1.155486	-1.209309
92.342606	-15.013954	662.925598	0.328065	1.165233	-1.233524
94.527802	-15.719130	663.360962	0.295027	1.147853	-1.263067
95.264893	-19.904583	667.982117	0.305173	1.138526	-1.246352
96.017235	-21.483570	669.302551	0.257515	1.119502	-1.268873
95.499901	-22.564163	670.270630	0.242749	1.118738	-1.278385
95.997635	-20.846878	670.153809	0.204838	1.115128	-1.325913
93.732582	-20.044983	670.753052	0.210326	1.131850	-1.311618
94.039642	-17.241312	668.656189	0.183655	1.157360	-1.334035
91.818642	-13.792595	667.756714	0.221658	1.191403	-1.271945
91.370186	-13.186922	667.336792	0.287390	1.246755	-1.186616
89.726730	-10.203802	665.119385	0.317088	1.276891	-1.157518
88.225601	-6.641096	661.407532	0.186536	1.286753	-1.294859
86.162209	-7.591040	660.689941	0.192631	1.299978	-1.289720
82.139610	-9.042635	659.173035	0.209461	1.320615	-1.288574
79.479027	-6.940742	657.224426	0.175816	1.322759	-1.315700
77.202354	-4.172487	655.795837	0.166624	1.301636	-1.341119
77.936943	-4.939461	654.846497	-0.190672	1.301726	-1.748768
74.561249	-5.958036	655.461487	-0.182131	1.286167	-1.776237
64.050537	-0.724224	651.582886	0.077618	1.210657	-1.549671
62.119423	-0.974422	653.345337	0.048267	1.170149	-1.631421
60.495117	-3.997757	655.778687	0.026454	1.152856	-1.668063
58.646015	-2.368416	657.341187	0.007278	1.110618	-1.710331
57.185303	-1.752869	659.800659	0.021465	1.069606	-1.697397
59.823402	-1.336933	662.215088	-0.040399	1.054840	-1.758468
63.171207	-3.473137	664.589722	-0.055985	1.039180	-1.742842
67.653732	-5.005085	668.229797	0.006292	1.031718	-1.683632
73.666954	-4.609123	671.157532	-0.008095	1.007320	-1.658802
77.818039	-7.844578	676.330872	0.022485	1.036313	-1.619843
78.239410	-6.484749	678.278625	0.137712	1.011642	-1.491012
83.232796	-4.992413	679.864502	0.121782	1.002217	-1.476468
87.257034	-5.031799	681.670227	0.149987	0.998065	-1.442549
86.875259	-5.723106	683.233093	0.190031	1.035216	-1.389070
88.821686	-5.404621	683.048462	0.188540	1.030800	-1.390564
89.427155	-4.706814	683.014771	0.218499	1.029650	-1.338025
91.175293	-1.643982	680.779480	0.280304	1.047887	-1.224608
93.618729	-2.110119	682.942139	0.311030	1.078024	-1.182902
94.525169	-3.293926	683.173462	0.310397	1.110732	-1.171456
93.246140	-4.264071	682.687317	0.092069	1.154357	-1.372177
87.615791	-9.735313	683.918823	-0.115793	1.194451	-1.582283
79.942368	-14.135542	682.456421	-0.217842	1.179412	-1.701225
73.477066	-16.925152	680.404419	-0.332489	1.145799	-1.855798
64.288452	-17.053764	677.185974	-0.197813	1.083551	-1.778701
58.823166	-15.728359	676.035400	-0.190854	1.028816	-1.787841
61.551952	-15.433357	677.764404	-0.236387	0.954766	-1.861873
62.981964	-16.917419	683.208801	-0.267102	0.901910	-1.904701
62.234386	-16.110870	687.206177	-0.245666	0.862940	-1.888527
59.628769	-15.124008	692.802856	-0.188544	0.818488	-1.859999
59.975842	-14.307133	693.808655	-0.185430	0.800267	-1.859017
66.702751	-16.029396	700.945435	-0.199213	0.768099	-1.872500
					
					
84.017479	-9.722763	707.105469	0.070289	0.772138	-1.580560
					
					
					
					
96.260216	-10.098614	701.075806	0.148158	0.923349	-1.393755
96.885162	-11.311615	699.124939	0.138120	0.944765	-1.386978
96.805801	-11.547985	696.905823	0.121258	1.006305	-1.386939
95.567078	-11.830177	693.940674	0.127910	1.029887	-1.369464
94.851997	-12.567078	691.317749	0.102597	1.063993	-1.388235
96.252716	-12.486294	690.040771	0.060851	1.082787	-1.407129
94.590118	-11.029289	685.467651	0.126308	1.092971	-1.351108
94.740822	-11.627792	684.797180	0.137381	1.130938	-1.311744
96.697693	-9.159138	683.331909	0.204883	1.145417	-1.224341
100.551529	-4.466684	683.964783	0.334286	1.164399	-1.106447
103.150124	-1.404015	683.799011	0.490228	1.158008	-0.947160
107.095093	0.260414	685.138733	0.491300	1.168195	-0.897927
109.059464	2.610088	685.948792	0.525213	1.161156	-0.840438
111.772964	4.020678	688.931213	0.566635	1.160865	-0.809485
113.829521	4.405506	691.113281	0.541261	1.137294	-0.822668
113.365517	3.169327	692.877441	0.513383	1.130152	-0.850494
109.871605	3.789257	692.911072	0.449274	1.103021	-0.910083
107.641571	1.549994	691.873840	0.398376	1.076149	-0.986054
106.709885	-1.415638	693.910889	0.329403	1.077507	-1.066214
103.129333	0.199478	690.753906	0.209626	1.072854	-1.206095
98.831360	3.972485	684.814331	0.271673	1.072885	-1.147039
97.239250	0.057751	685.076599	0.340929	1.165816	-1.063060
91.936646	4.430384	681.303284	0.374587	1.140391	-1.028855
90.642242	3.508858	682.001709	0.434013	1.162048	-0.989873
92.679291	4.370687	685.260864	0.392018	1.139589	-1.032925
					
					
105.940430	-0.084286	699.035522	0.556841	0.984040	-0.836080
					
					
					
105.164429	-1.354124	697.653503	0.544609	1.021114	-0.849366
99.908760	-1.106251	697.512207	0.492768	1.041584	-0.945243
92.950310	-2.891155	690.822144	0.442316	1.074179	-1.027150
86.553024	-5.962803	686.541992	0.326399	1.093764	-1.151264
78.546944	-7.031712	682.228271	0.261126	1.084631	-1.245994
74.460526	-10.964821	680.767334	0.124051	1.073600	-1.438285
69.940193	-15.454205	679.525269	-0.006537	1.018515	-1.584209
62.321751	-22.186787	677.557251	-0.068811	0.890957	-1.736076
60.416237	-22.766838	680.004883	-0.097486	0.823533	-1.783964
61.112160	-24.785160	682.178650	-0.118791	0.791249	-1.798266
64.317795	-25.814262	684.425293	-0.063973	0.813997	-1.755326
66.984444	-23.462456	686.090027	0.016786	0.862976	-1.677153
75.029335	-22.139519	687.892334	0.118761	0.899596	-1.537690
81.190636	-16.516541	685.419739	0.176154	0.929706	-1.414853
85.414780	-14.910431	688.473450	0.223354	0.996034	-1.340991
92.125290	-12.321609	694.245117	0.227026	1.037166	-1.262507
90.564308	1.060539	689.946350	0.430955	1.026389	-0.938682
99.301003	2.247252	704.613525	0.402017	1.093974	-0.945589
97.384903	5.725515	705.659973	0.422210	1.094246	-0.903992
97.109238	6.734344	705.654175	0.480371	1.120757	-0.865671
94.522911	14.106979	701.636169	0.451462	1.118508	-0.889161
92.774719	14.123350	700.409302	0.496166	1.139976	-0.842709
91.603058	18.111113	696.679382	0.486978	1.147907	-0.841831
89.933403	17.958939	694.537659	0.582506	1.173907	-0.748825
89.211014	18.823839	689.693665	0.535433	1.178150	-0.795777
90.071259	18.680136	686.771423	0.441564	1.214531	-0.890472
86.237076	18.098963	682.902954	0.466699	1.219121	-0.870630
84.802086	18.945787	677.472778	0.443685	1.203598	-0.924182
84.128807	17.944050	673.355347	0.408433	1.199970	-0.973004
83.997124	19.906712	668.131958	0.331847	1.160801	-1.066322
83.822968	20.391762	661.219849	0.306211	1.132817	-1.107968
85.767822	18.596485	656.572388	0.314444	1.115491	-1.110276
87.953979	16.829865	651.112671	0.299369	1.076942	-1.152359
95.611046	19.163435	638.361877	0.183068	1.009891	-1.267177
102.480064	14.381954	636.921204	0.200969	1.001010	-1.233142
112.289032	7.915558	638.549561	0.234499	1.018299	-1.207495
121.106468	2.237968	642.441467	0.263020	1.017807	-1.175813
132.121002	0.147427	643.194885	0.272595	1.012717	-1.154188
139.693588	-5.377323	648.227356	0.310367	1.015737	-1.100667
146.476898	-6.235397	649.732788	0.304006	1.005156	-1.083390
150.226959	-7.987183	649.558899	0.331027	1.024368	-1.049151
					
					
					
154.412918	-21.012703	660.585388	0.239085	1.078641	-1.188438
150.604416	-20.075859	661.593689	0.175892	1.077650	-1.266291
147.516525	-18.876148	664.170776	0.106414	1.066101	-1.339526
140.320587	-17.648994	664.307495	0.074200	1.069182	-1.394128
134.898941	-15.819580	665.091309	-0.005815	1.062811	-1.489762
118.114738	-17.499180	671.093201	0.141249	1.087706	-1.376181
113.269936	-17.064522	675.609436	0.088227	1.073788	-1.456601
101.913239	-9.710899	670.716675	-0.095431	1.024303	-1.633485
96.161552	-9.551476	674.740051	-0.099610	1.048263	-1.640321
88.950317	-7.454174	676.692810	-0.100889	1.045926	-1.635001
83.125725	-4.142292	678.768921	-0.109482	1.022233	-1.679491
76.419777	-2.620640	680.436646	-0.080139	1.013796	-1.666605
69.444206	-0.881821	680.759888	-0.082507	1.019647	-1.661484
62.335182	-0.848095	683.618164	-0.052453	1.016565	-1.641876
55.189598	0.621307	687.502625	0.077377	0.990692	-1.568316
51.886520	2.906475	684.922424	0.101202	0.954939	-1.564190
49.488476	1.891228	687.822021	0.149005	0.932031	-1.546786
46.265411	2.121639	689.368408	0.192309	0.902328	-1.546214
44.046253	1.029343	690.744751	0.164297	0.889667	-1.578285
41.231701	0.895393	689.862488	0.191619	0.911762	-1.578954
41.019665	1.941456	689.802307	0.210133	0.930740	-1.554275
44.270329	3.654030	689.040710	0.207189	0.957075	-1.537364
44.313576	6.509338	688.204834	0.259310	0.960342	-1.446261
46.364021	3.384785	691.408264	0.315605	1.010350	-1.340752
55.299709	3.131485	694.967102	0.312054	1.023821	-1.314512
59.446739	5.633297	695.794861	0.330332	1.043691	-1.268202
61.938065	6.626984	699.098755	0.369237	1.026948	-1.193019
68.163223	7.220215	700.340576	0.312872	1.057530	-1.217648
66.064392	8.953615	702.103577	0.367025	1.027102	-1.139837
64.985916	11.884583	704.185181	0.333741	1.052258	-1.151394
62.868851	18.549137	702.807129	0.282634	1.017508	-1.226736
63.748024	20.432129	703.126709	0.293459	1.024881	-1.236696
63.593403	22.554810	701.475708	0.299549	1.009052	-1.234606
62.379337	24.536978	699.956421	0.293923	0.996486	-1.238624
63.019409	24.487360	698.230713	0.280788	1.002577	-1.258844
63.044918	23.467224	700.116760	0.279708	1.000753	-1.260383
61.748703	24.319172	699.314636	0.301443	0.982140	-1.238658
61.831799	24.818909	697.059082	0.279996	0.998587	-1.262451
63.429634	25.601103	697.058289	0.277493	1.021883	-1.267232
63.525520	27.046389	695.712158	0.311035	1.013717	-1.250686
64.546951	27.264595	693.030823	0.305174	1.044817	-1.248541
63.040329	28.149498	690.718201	0.340512	1.037076	-1.193914
66.241669	28.744978	689.320068	0.321852	1.052340	-1.225191
64.286263	28.339434	685.852112	0.365593	1.065000	-1.176774
63.340988	30.162075	682.243469	0.355110	1.074596	-1.192117
62.140572	30.731039	679.726501	0.329478	1.087080	-1.214008
58.922977	32.200397	680.712769	0.386053	1.085829	-1.162412
53.285152	37.778305	679.867249	0.441223	1.087629	-1.119633
52.251183	40.119404	678.331543	0.443448	1.099475	-1.114158
54.656216	41.371193	677.622559	0.455494	1.107423	-1.092476
59.612587	42.860561	675.112671	0.430261	1.121244	-1.112412
64.322990	40.664619	674.501526	0.446401	1.133316	-1.087549
66.594910	40.462482	674.818115	0.497157	1.142736	-1.046895
63.931679	43.070026	672.781189	0.534535	1.140980	-1.011445
64.976440	46.915634	671.402405	0.486832	1.129277	-1.074356
67.807877	47.059116	671.909180	0.481487	1.143999	-1.076576
65.289047	50.405647	673.330322	0.539931	1.155933	-1.009174
64.659622	53.716675	671.448425	0.538226	1.189239	-1.029208
65.387497	53.619160	674.564575	0.599392	1.228489	-0.971320
64.634918	56.416718	675.502625	0.770164	1.261593	-0.812412
64.491852	64.070312	675.672791	0.737966	1.266206	-0.850535
62.799271	67.768402	675.638794	0.708908	1.263832	-0.878468
62.172531	70.314941	675.738708	0.736721	1.265800	-0.849251
60.950409	75.113106	674.616943	0.727521	1.259036	-0.858220
61.672291	76.858002	675.099609	0.744238	1.278078	-0.845544
62.023777	80.776642	676.043030	0.806206	1.273989	-0.808402
63.490349	85.782913	676.817810	0.722000	1.307023	-0.911837
65.703712	91.352463	675.715637	0.624574	1.299901	-1.017839
64.635048	95.306931	675.916077	0.660729	1.264637	-0.975725
63.610638	99.865974	675.580688	0.630839	1.249080	-1.008234
64.939491	100.346176	676.031738	0.603561	1.265933	-1.039811
66.596603	92.540962	677.955872	0.692706	1.310102	-0.965901
70.609451	91.985550	677.964844	0.700068	1.312320	-0.950569
74.308807	93.708344	677.456177	0.602441	1.334817	-1.055179
73.534088	96.028885	677.076965	0.587109	1.315330	-1.063901
72.062119	93.155312	677.261047	0.692508	1.325105	-0.940463
74.251144	85.967125	681.452393	0.734292	1.341210	-0.916817
80.460052	82.223564	677.511597	0.617797	1.345794	-1.031498
81.526459	74.292236	678.679993	0.842402	1.359516	-0.821643
87.279778	68.607681	679.712097	0.832830	1.366643	-0.833761
92.546310	69.078804	678.742554	0.679497	1.368053	-0.995540
92.894516	67.028618	678.821777	0.771133	1.373493	-0.923179
93.870255	69.225250	679.722961	0.677900	1.368434	-1.015098
94.948746	73.975128	681.634521	0.697808	1.361269	-0.994067
96.240372	74.504883	682.745300	0.711513	1.367029	-0.978244
96.300713	77.087173	682.750977	0.773798	1.365559	-0.908860
96.789925	78.709122	682.750366	0.724949	1.364539	-0.950089
95.597931	81.192398	682.787354	0.668584	1.365751	-1.013164
94.397034	82.156174	682.564453	0.757767	1.351204	-0.897908
97.895103	85.056618	682.862244	0.570638	1.366943	-1.099044
93.770470	82.869606	685.994690	0.808083	1.374985	-0.871144
94.052147	83.986771	687.014771	0.779295	1.377885	-0.883595
93.615639	85.968079	686.634827	0.755366	1.352839	-0.927430
92.543663	85.299240	687.735352	0.795301	1.358859	-0.888267
97.197304	86.711617	689.040955	0.615109	1.377903	-1.064395
96.720222	85.884148	690.227966	0.678220	1.389022	-0.992355
96.715683	87.716270	691.151062	0.609409	1.384671	-1.073272
99.166550	87.503944	690.891541	0.540620	1.367498	-1.140910
95.374733	85.043106	693.605469	0.819849	1.352356	-0.853714
96.345985	88.716522	695.032837	0.726251	1.376571	-0.938931
97.409050	92.331566	697.636047	0.726784	1.415448	-0.951665
93.630013	93.616425	695.526184	0.914625	1.401111	-0.749851
93.903938	93.708641	697.458374	0.921138	1.398999	-0.747730
94.233337	92.842567	697.566956	0.838204	1.408313	-0.841031
94.853737	92.642876	697.664612	0.817844	1.416646	-0.860683
92.434769	93.402580	695.542847	0.967911	1.405091	-0.708793
92.774933	94.491508	695.433167	0.884433	1.397704	-0.792384
92.417671	93.851257	694.536011	0.918862	1.402076	-0.751367
91.296158	92.607010	695.586792	1.002252	1.409729	-0.666227
90.181137	95.090546	694.522949	0.905427	1.399629	-0.755445
88.018265	94.495834	695.390686	1.002723	1.393071	-0.655128
87.931252	97.247551	697.316956	0.995606	1.385603	-0.653272
84.616089	98.996407	697.234314	0.964298	1.379340	-0.684629
84.343559	100.369835	697.339905	0.940600	1.383927	-0.719107
79.952766	101.674438	697.154541	0.977205	1.370665	-0.682160
80.372597	103.802536	697.357361	0.924709	1.382249	-0.743579
80.128563	104.058365	697.165894	0.849174	1.369881	-0.802557
81.410339	104.892708	696.731812	0.825314	1.345838	-0.836129
83.987061	101.413139	699.424988	0.836201	1.390009	-0.824162
80.073380	102.115982	698.753906	0.878039	1.348439	-0.774721
80.476776	102.683067	698.929443	0.900387	1.356726	-0.769990
76.983932	101.958611	699.943115	1.020949	1.358629	-0.637884
74.680878	100.366982	699.501343	1.017277	1.391918	-0.648573
71.318726	103.161514	698.161194	0.976354	1.367518	-0.680892
67.508499	103.386658	696.434570	1.095447	1.326102	-0.565910
70.378662	101.158035	696.549927	1.068532	1.336093	-0.606189
73.892052	95.130379	695.042419	1.089424	1.365762	-0.586218
74.321045	90.201508	694.932495	1.140571	1.362969	-0.532468
74.759674	90.320732	693.821655	1.135500	1.355649	-0.537881
77.003288	90.619797	693.963440	1.086854	1.365340	-0.597293
78.138206	89.944450	694.239258	1.080557	1.382141	-0.602616
77.710800	88.767632	694.392578	1.077702	1.390536	-0.614440
74.672966	83.682091	695.030701	1.201280	1.372397	-0.493770
73.035446	83.618378	696.789429	1.317075	1.356394	-0.366767
74.387146	92.244522	695.189087	1.130389	1.376099	-0.564120
73.210754	96.730606	694.676392	1.116640	1.344241	-0.550295
73.416931	100.110313	693.479187	1.114218	1.330955	-0.552371
78.299118	97.199554	693.074280	1.048976	1.367718	-0.627495
80.393082	96.767212	692.815308	0.989181	1.353834	-0.705868
79.947922	95.972038	691.680786	1.046100	1.345840	-0.629561
83.213333	93.874420	692.272583	1.089457	1.384279	-0.602447
