(-11.1208,-10.0782,589.9557)	(-53.9948,-46.7404,612.0501)	(-29.5769,-44.3190,608.9260)	(10.4195,-44.0494,606.6978)	(36.9460,-46.3850,609.5367)	(-11.0163,17.7887,598.0747)	
(-11.1208,-10.0782,589.9670)	(-53.9948,-46.7404,612.0501)	(-29.5769,-44.3190,608.9245)	(10.4195,-44.0494,606.6978)	(36.9460,-46.3850,609.5469)	(-11.0163,17.7887,598.0717)	
(-11.1208,-10.0782,589.9670)	(-53.9948,-46.7404,612.0473)	(-29.5769,-44.3190,608.9260)	(10.4195,-44.0494,606.6978)	(36.9460,-46.3818,609.5469)	(-11.0225,19.8643,598.0675)	
(-11.1208,-10.0813,589.9614)	(-56.1673,-46.8250,613.0619)	(-29.5769,-44.3190,608.9245)	(10.4195,-44.0494,606.6978)	(36.9460,-46.3850,609.5570)	(-11.0163,17.7887,598.0747)	
(-11.1443,-10.0620,588.9771)	(-53.9948,-46.7404,612.0501)	(-29.5769,-44.3190,608.9245)	(12.5273,-44.0431,606.6862)	(36.0802,-47.2131,609.5469)	(-11.0163,17.7887,598.0762)	
(-11.1208,-10.0751,589.9557)	(-53.9948,-46.7404,612.0501)	(-29.5769,-44.3905,608.9318)	(10.4227,-44.0494,606.7036)	(36.9460,-46.3850,609.5570)	(-11.0163,17.7887,598.0762)	
(-11.1208,-10.0782,589.9670)	(-56.1673,-46.8250,613.0619)	(-29.5843,-44.3936,609.9228)	(10.4227,-44.0494,606.6978)	(36.0833,-47.2958,610.5358)	(-11.0163,17.7887,598.0762)	
(-11.1208,-10.0782,589.9614)	(-53.9948,-46.7404,612.0501)	(-29.5769,-44.3190,608.9275)	(10.4258,-44.0494,606.7036)	(36.8446,-46.3818,609.5265)	(-11.0163,17.7918,598.0847)	
(-11.1443,-10.0720,589.9458)	(-53.9948,-46.7404,611.0530)	(-29.5769,-44.3190,608.9245)	(12.5242,-44.0431,606.6890)	(36.9460,-46.3850,609.5570)	(-11.0163,17.7887,598.0747)	
(-11.1208,-10.0782,589.9670)	(-53.9948,-46.7404,612.0501)	(-29.5769,-44.3190,608.9230)	(10.4195,-44.0494,606.6978)	(36.9460,-46.3850,609.5469)	(-11.0163,17.7887,598.0720)	
(-11.1208,-10.0782,589.9614)	(-53.9476,-46.6621,611.0530)	(-29.5769,-44.3190,608.9245)	(10.4195,-44.0494,606.6978)	(36.9460,-46.3850,609.5367)	(-11.0163,17.7887,598.0847)	
(-11.1208,-10.0782,589.9614)	(-54.0011,-44.6163,612.0588)	(-29.5769,-44.2506,607.9364)	(12.4719,-43.9686,605.6941)	(38.1986,-45.2518,611.5318)	(-11.0163,17.7887,598.0747)	
(-7.0290,-10.0659,589.9330)	(-51.8792,-44.6100,612.0470)	(-25.3533,-44.2316,607.9030)	(14.5731,-43.9623,605.6825)	(40.3203,-45.2455,611.5406)	(-7.9029,17.7949,598.0490)	
(-4.9832,-10.0597,589.9472)	(-47.4819,-46.4084,608.0152)	(-23.2482,-44.1443,605.9019)	(16.7334,-44.0272,606.6614)	(42.4419,-44.3196,611.5186)	(-5.8325,16.7727,598.0488)	
(-1.8753,-11.0892,590.9200)	(-45.3738,-46.4021,608.0036)	(-19.0417,-42.0961,607.8634)	(19.9610,-42.9580,607.6490)	(44.6612,-44.3164,611.4966)	(-1.6854,17.8167,598.0246)	
(4.2172,-7.9841,589.8905)	(-41.1312,-46.3112,606.9804)	(-15.9065,-42.9294,605.8684)	(24.1834,-42.9580,607.6417)	(51.2810,-44.4490,613.4756)	(2.4554,19.9048,598.0001)	
(10.3548,-7.9657,589.8410)	(-36.9314,-44.1950,605.9674)	(-11.7637,-41.9317,604.8396)	(28.4809,-41.9630,607.6184)	(54.8519,-43.4464,616.4637)	(6.6025,19.9173,597.9799)	
(14.4466,-7.9534,589.8338)	(-33.7364,-46.2141,604.9400)	(-7.5790,-41.7184,602.8245)	(35.0146,-40.0392,610.5940)	(59.5383,-42.7203,619.4162)	(11.7863,18.9013,597.9540)	
(19.6366,-8.9731,590.7953)	(-27.4314,-45.8795,601.9060)	(-3.4363,-43.7116,601.7660)	(38.3891,-41.1463,612.5646)	(61.6974,-42.7171,619.4354)	(15.9333,18.9431,597.9383)	
(25.7846,-7.9351,590.7711)	(-23.2596,-45.7889,601.8800)	(2.7890,-43.9162,601.7630)	(42.7562,-40.2127,613.5402)	(66.1429,-42.7749,620.4209)	(22.2325,19.9952,598.8921)	
(32.1278,-10.0188,593.7056)	(-17.0182,-45.6920,599.8505)	(8.2085,-41.8748,605.7187)	(47.3552,-40.3956,616.5021)	(70.1140,-41.8256,626.3786)	(28.5525,20.0450,599.8616)	
(37.4810,-10.0347,594.6979)	(-12.8573,-45.6795,599.8245)	(10.1897,-42.6355,605.7128)	(51.6464,-40.5238,618.4764)	(72.4490,-42.0261,628.3538)	(31.7674,19.0783,600.8484)	
(39.6523,-10.0285,594.6922)	(-9.7813,-48.6212,597.8011)	(14.3776,-43.7452,604.6658)	(53.0799,-41.5948,619.4814)	(74.9396,-41.4614,629.3677)	(33.9489,20.0856,601.8334)	
(43.9006,-10.0478,596.6622)	(-7.7078,-47.5834,597.7911)	(18.7723,-43.9528,606.6411)	(55.2424,-41.6541,620.4566)	(74.9396,-41.4614,629.3616)	(36.0363,20.1293,601.8292)	
(45.8521,-10.0257,596.6251)	(-5.6343,-47.5772,597.7796)	(20.8042,-44.0177,605.6663)	(57.6441,-40.7032,620.4774)	(77.7580,-41.3941,632.3250)	(40.5413,18.1356,604.7918)	
(45.9707,-10.0415,596.6478)	(-3.5700,-47.5709,597.7666)	(19.8935,-44.7728,606.6411)	(57.7701,-38.6149,622.4576)	(76.8176,-40.3547,633.3450)	(40.3190,20.1730,602.8099)	
(45.9707,-10.0415,596.6550)	(-3.5607,-47.5709,597.7682)	(19.9641,-44.9220,606.6439)	(57.7766,-40.7705,621.4660)	(77.9199,-41.4548,633.3238)	(40.6494,18.1633,605.7855)	
(45.9707,-10.0478,597.6286)	(-3.5607,-47.5709,597.7682)	(19.8966,-44.9251,606.6454)	(57.6441,-40.7064,621.4394)	(77.7580,-41.4581,632.3326)	(40.6431,20.2666,605.7942)	
(45.0556,-10.0667,597.6500)	(-5.6112,-47.6586,598.7762)	(18.7754,-43.9497,605.6780)	(55.3650,-40.7097,620.4804)	(77.9265,-41.4581,633.3253)	(40.7574,18.1911,606.7750)	
(42.7522,-11.0600,595.6671)	(-5.6174,-45.5796,598.7862)	(16.6680,-41.8559,605.6838)	(55.4941,-40.7227,621.4780)	(73.2141,-41.4007,633.3465)	(38.4374,20.2291,604.8078)	
(40.7955,-11.0869,596.6595)	(-11.8171,-48.7107,599.8088)	(14.5079,-43.8942,605.6650)	(51.0525,-41.6671,620.4924)	(71.6588,-42.4991,629.3603)	(36.3459,18.1230,604.8164)	
(38.4092,-10.0223,594.6750)	(-11.8298,-48.7107,598.8122)	(12.5242,-44.0399,606.6847)	(50.9368,-43.6801,619.4726)	(71.6719,-44.4784,629.3768)	(34.0528,18.0613,602.8244)	
(0.0000,0.0000,-1.0000)	(-14.9483,-47.6868,598.8294)	(8.2664,-43.9876,606.7036)	(47.4850,-42.6174,617.5102)	(0.0000,0.0000,-1.0000)	(29.7805,17.0085,601.8510)	
(25.9683,-11.0298,591.7608)	(-23.2564,-47.7933,599.8750)	(2.0010,-44.9693,605.7566)	(40.6370,-42.3501,613.5506)	(63.6128,-46.0933,624.3990)	(24.3979,17.9500,600.8686)	
(0.0000,0.0000,-1.0000)	(-31.5998,-49.0199,601.9206)	(-5.4267,-43.9478,604.7904)	(35.1094,-42.2243,611.5743)	(56.5819,-45.0979,621.4484)	(16.0078,16.9159,598.9326)	
(8.3212,-12.0738,589.8568)	(-38.9807,-46.1485,604.9691)	(-15.9002,-45.0261,605.8496)	(26.3820,-44.1507,608.6148)	(49.5136,-44.6782,616.4889)	(6.5032,17.7865,595.9804)	
(1.1636,-13.1070,589.8695)	(-45.3405,-46.3239,607.0037)	(-19.0488,-44.0634,605.8656)	(19.9736,-45.1441,607.6549)	(47.3712,-44.6847,616.4757)	(0.2671,15.6751,595.0176)	
(-2.9281,-13.1193,589.8922)	(-47.4451,-46.3302,607.0154)	(-23.2511,-44.0760,605.8918)	(18.8443,-44.0241,606.6570)	(42.5520,-46.4500,611.5202)	(-3.8592,14.6587,595.0362)	
(-3.9897,-12.0819,589.8978)	(-49.5497,-46.3365,607.0270)	(-25.3528,-44.1570,606.9002)	(16.6711,-43.9560,605.6694)	(40.5303,-45.3944,613.5388)	(-5.8904,14.6524,596.0319)	
(-10.1139,-12.0973,588.9419)	(-56.0661,-46.6685,611.0618)	(-29.5621,-44.1696,606.9234)	(12.4040,-43.8942,602.7017)	(38.2113,-47.3690,611.5436)	(-9.0171,15.6472,595.0634)	
(-13.2268,-10.0297,586.9748)	(-58.1909,-44.5575,611.0823)	(-33.7713,-44.1823,606.9526)	(8.1021,-43.7578,602.7176)	(35.0241,-46.3946,610.5432)	(-13.1496,17.7000,595.0720)	
(-18.2722,-13.1716,590.9754)	(-62.4278,-45.6210,611.1057)	(-35.8759,-45.0828,606.9599)	(4.9100,-43.6928,601.7340)	(30.6962,-46.3295,609.5820)	(-17.2889,17.6602,594.1203)	
(-22.3911,-10.0410,587.0168)	(-65.6716,-44.6514,612.1234)	(-41.1967,-42.2402,608.9974)	(-1.3458,-43.7116,601.7702)	(21.6985,-46.7799,604.6266)	(-23.4680,16.6395,594.1573)	
(-29.5109,-12.1723,590.0379)	(-70.1410,-42.7544,615.1560)	(-45.4865,-42.3955,610.0238)	(-5.5559,-43.6496,600.7938)	(19.6109,-46.7861,604.6584)	(-26.5601,17.6597,595.1447)	
(-37.6958,-12.2289,591.0790)	(-74.7256,-43.0529,619.1832)	(-49.7636,-42.4796,612.0440)	(-9.7206,-43.6621,600.8168)	(16.4123,-47.8403,601.6650)	(-32.7557,17.6473,595.2102)	
(-39.7133,-13.2515,591.0904)	(-77.0386,-43.2022,621.1897)	(-51.8855,-42.4859,612.0558)	(-12.8464,-43.7524,600.8371)	(14.3218,-45.7602,602.6542)	(-34.8331,15.6143,596.2177)	
(-42.8558,-12.2443,591.1286)	(-79.2786,-43.2801,622.2018)	(-56.2306,-42.6414,614.0793)	(-17.0244,-43.6095,600.8542)	(7.9501,-48.6576,600.7002)	(-41.0731,15.6195,598.2268)	
(-48.9664,-12.2597,591.1725)	(-83.9733,-42.4197,626.2386)	(-60.6609,-42.8682,615.1060)	(-21.1756,-43.7712,601.8814)	(4.7799,-47.6274,598.7360)	(-45.2232,16.6542,598.2583)	
(-53.2002,-12.3407,594.1745)	(-86.2409,-41.5523,628.2482)	(-65.0037,-43.9453,618.1268)	(-25.3503,-43.7838,601.9016)	(0.6321,-47.6430,598.7489)	(-48.3428,17.6796,598.2828)	
(-57.3158,-12.3531,595.1876)	(-88.6096,-43.8064,629.2544)	(-67.2111,-43.9517,619.1372)	(-29.5187,-45.8858,601.9176)	(-3.5576,-47.5772,597.7782)	(-52.5720,15.6391,600.2965)	
(-61.5475,-12.4114,596.2164)	(-90.7968,-42.7216,630.2730)	(-68.3570,-43.1049,620.1448)	(-32.6435,-47.8120,601.9306)	(-7.7047,-48.5411,598.7819)	(-56.8382,15.6679,602.3176)	
(-65.8130,-13.5012,598.2513)	(-93.4081,-41.9089,633.2918)	(-70.5796,-43.1828,620.1596)	(-35.7808,-44.6977,601.9580)	(-11.8641,-48.5505,597.8110)	(-58.9754,15.6823,603.3238)	
(-70.0281,-12.5312,599.2730)	(-93.5158,-41.9802,634.2892)	(-72.8092,-43.2607,621.1716)	(-36.8892,-44.0424,602.9694)	(-14.9682,-47.6052,597.8298)	(-63.2956,17.8233,605.3650)	
(-70.1000,-13.5384,600.2634)	(-95.9359,-42.1230,636.2992)	(-75.0456,-43.3386,623.1810)	(-38.9348,-45.9922,602.9694)	(-14.9713,-47.6052,597.8240)	(-63.2893,17.8233,605.3564)	
(-70.1000,-12.5312,599.2831)	(-95.9359,-43.0770,636.3022)	(-75.2121,-41.3124,625.1902)	(-38.9870,-44.0487,604.9807)	(-14.9744,-47.6052,597.8240)	(-65.5262,17.8683,607.3776)	
(-67.9515,-13.5322,599.2573)	(-95.9359,-43.0770,636.3022)	(-75.0456,-43.3386,625.1798)	(-36.8440,-45.9859,602.9578)	(-14.9713,-47.6052,597.8282)	(-63.3554,17.8506,606.3612)	
(-70.1000,-12.5082,599.2831)	(-93.5158,-42.9309,635.2867)	(-73.0453,-41.3059,625.1754)	(-36.9119,-44.1203,604.9676)	(-12.9009,-47.5990,597.8168)	(-63.4090,15.7679,607.3488)	
(0.0000,0.0000,-1.0000)	(0.0000,0.0000,-1.0000)	(-73.1218,-41.3771,626.1756)	(-36.9314,-44.1950,605.9674)	(-12.8947,-47.6052,597.8255)	(-61.2480,15.7504,606.3410)	
(0.0000,0.0000,-1.0000)	(-91.4286,-43.0704,634.2787)	(-71.9522,-44.4034,625.1618)	(-33.7570,-44.1855,605.9484)	(-9.7813,-48.6212,597.8110)	(-59.0970,15.7361,605.3375)	
(-64.0849,-15.0605,619.2442)	(-90.4238,-44.0143,636.2718)	(-67.4180,-43.2477,622.1391)	(-29.5621,-44.1696,606.9250)	(-5.6050,-45.5827,598.7962)	(-54.7571,15.6805,602.3174)	
(-52.2571,-13.3962,595.1605)	(-84.5298,-44.8050,632.2282)	(-60.8271,-45.2340,620.0944)	(-23.2510,-45.9450,602.8856)	(2.7460,-47.7182,599.7354)	(-48.3724,13.5487,599.2746)	
(0.0000,0.0000,-1.0000)	(-79.7936,-46.8180,628.1971)	(-56.4774,-45.1463,618.0736)	(-19.0555,-46.0886,604.8558)	(5.8277,-50.7398,599.6938)	(-45.2569,13.5408,599.2616)	
(0.0000,0.0000,-1.0000)	(-72.7963,-47.5779,622.1541)	(-49.8314,-46.8841,614.0234)	(-11.7543,-48.9603,602.8089)	(14.2535,-47.7652,600.6686)	(-36.9199,13.5564,598.1969)	
(-32.6382,-16.3726,595.0450)	(-68.3473,-47.4899,620.1287)	(-43.3554,-46.6303,610.9946)	(-5.4757,-45.8916,602.7872)	(20.5870,-47.8308,601.6434)	(-30.6772,13.5199,595.1748)	
(-24.4048,-15.2101,589.0296)	(-66.0526,-49.3900,618.1064)	(-38.0380,-47.5884,610.9564)	(0.7874,-45.8727,602.7495)	(28.2433,-48.1309,605.5940)	(-24.4917,13.5324,595.1278)	
(-20.3040,-15.2165,589.9998)	(-61.7081,-49.1287,617.0826)	(-33.7794,-46.3704,607.9468)	(6.0206,-46.8972,602.7221)	(32.5276,-46.0897,606.5684)	(-19.3267,13.5510,595.1035)	
(-14.1927,-14.1017,586.9664)	(-54.9974,-48.8644,612.0473)	(-29.5632,-46.3545,607.9103)	(10.3062,-43.9005,604.6991)	(36.8414,-44.1901,607.5776)	(-13.1833,15.5899,593.0918)	
(-10.1645,-12.0293,585.9426)	(-52.8789,-48.7763,611.0356)	(-25.3465,-46.2637,606.8916)	(12.4102,-43.8942,604.6933)	(40.1070,-45.0934,609.5466)	(-11.0975,13.5552,594.0592)	
(-3.9450,-14.0972,587.9055)	(-47.5124,-48.6003,609.0064)	(-21.1470,-46.1012,604.8820)	(18.7691,-43.9497,605.6577)	(44.4436,-44.1742,609.5350)	(-7.0145,15.6115,593.0633)	
(2.0425,-12.0923,587.8702)	(-41.1249,-48.4179,606.9718)	(-14.9178,-45.8481,601.8382)	(24.1740,-42.9486,607.6344)	(51.0332,-42.1796,611.5066)	(0.1823,14.6140,593.0052)	
(12.2231,-11.9877,586.8142)	(-33.7444,-48.3142,605.9312)	(-7.5985,-45.8230,601.7964)	(32.6189,-41.9503,607.5966)	(56.7229,-43.2982,614.4582)	(8.4073,15.6517,593.9423)	
(19.4228,-13.0274,588.7724)	(-28.4595,-50.0584,602.8944)	(-1.3725,-45.7262,600.7822)	(38.1828,-41.0176,610.5705)	(63.6913,-40.4884,618.4334)	(13.6158,15.6882,593.9322)	
(25.7111,-12.0154,589.7450)	(-22.2052,-49.8696,600.8604)	(3.8788,-44.6675,602.7350)	(44.7652,-40.1389,612.5234)	(68.8725,-40.6773,624.3957)	(19.7857,17.7717,593.9136)	
(31.7496,-11.9969,589.7152)	(-14.9514,-49.7658,598.8236)	(8.0989,-44.7281,604.7049)	(47.1213,-40.2609,614.5039)	(69.0223,-40.7445,626.3770)	(26.0504,17.8179,594.8720)	
(33.2691,-12.0194,590.7188)	(-12.8744,-49.7596,598.8094)	(10.1409,-46.7347,601.7024)	(49.2663,-40.2673,614.5142)	(71.1926,-40.8726,627.3788)	(28.1135,17.8241,594.8777)	
(39.4421,-12.0620,593.6573)	(-9.7720,-50.6968,598.7906)	(14.3745,-43.7452,602.6944)	(53.0799,-41.5289,619.4740)	(73.8427,-40.0436,629.3510)	(33.5645,16.9172,598.8118)	
(43.5615,-12.0527,593.6544)	(-5.6312,-49.6528,597.7696)	(18.5655,-45.8224,602.6570)	(55.2392,-41.6541,620.4522)	(75.0915,-41.3302,633.3373)	(37.9269,15.9081,599.7942)	
(47.1384,-13.1373,596.6094)	(-1.4510,-49.7252,597.7496)	(19.8229,-46.7861,604.6483)	(57.7798,-40.7802,622.4444)	(79.0222,-40.5445,635.3244)	(42.3108,15.9692,601.7630)	
(51.4126,-15.2646,598.5993)	(0.5925,-49.6341,597.7352)	(24.0346,-47.0123,606.6280)	(62.5277,-40.9724,625.4442)	(79.1792,-41.5253,636.3232)	(45.4449,15.9755,602.7422)	
(58.0563,-14.2743,601.5465)	(4.7861,-49.7065,598.7116)	(28.3278,-47.1557,607.5996)	(62.9362,-41.1646,628.4081)	(80.9446,-41.6564,639.3166)	(50.1109,15.0884,606.7198)	
(59.2424,-14.2743,601.5608)	(7.9078,-50.7304,598.6944)	(30.6082,-46.2517,608.5726)	(64.1709,-42.2592,631.3988)	(82.2159,-42.8963,639.3090)	(52.5996,14.0542,608.7010)	
(0.0000,0.0000,-1.0000)	(9.9816,-49.6940,598.6829)	(30.6082,-46.2517,608.5624)	(64.1742,-44.4388,629.4236)	(82.2259,-42.8996,640.3017)	(54.8417,14.0814,609.6961)	
(0.0000,0.0000,-1.0000)	(7.9533,-50.7304,599.6908)	(30.6993,-46.4788,609.5922)	(64.1742,-44.4388,631.3899)	(82.2259,-42.8996,640.2926)	(54.8417,14.0814,609.6989)	
(0.0000,0.0000,-1.0000)	(7.9533,-50.7304,599.6908)	(30.6082,-46.2517,608.5930)	(64.1742,-44.4388,629.4236)	(82.2226,-42.9586,640.2926)	(54.8417,14.0814,609.7033)	
(0.0000,0.0000,-1.0000)	(7.9078,-50.7304,598.6959)	(33.0002,-46.4756,610.5898)	(64.4500,-42.2592,631.4261)	(82.3963,-42.9652,641.3005)	(54.9722,14.1023,610.6866)	
(59.0938,-15.3496,602.5456)	(6.8631,-49.7034,598.7016)	(30.7872,-46.4788,610.5709)	(64.4565,-42.3283,632.4190)	(84.7790,-42.3118,642.2778)	(54.9722,14.1023,610.7026)	
(55.8348,-18.2790,629.5222)	(6.8693,-49.7882,599.6938)	(28.5875,-46.3358,609.5894)	(63.0756,-41.3631,629.4297)	(82.2292,-42.9652,640.3292)	(52.8537,14.0959,610.7014)	
(57.4194,-17.1437,628.5516)	(4.7830,-47.6274,598.7244)	(26.4757,-46.3454,609.6258)	(62.9492,-43.3540,628.4157)	(78.8912,-44.0823,640.3094)	(50.2377,14.0270,608.7142)	
(0.0000,0.0000,-1.0000)	(-3.5218,-49.7315,598.7576)	(19.9799,-49.2878,607.6333)	(57.8024,-45.1077,624.4185)	(0.0000,0.0000,-1.0000)	(43.7005,12.9592,605.7536)	
(0.0000,0.0000,-1.0000)	(-13.9067,-51.7502,597.8113)	(12.4845,-48.1752,605.6769)	(49.7512,-44.8268,618.4811)	(0.0000,0.0000,-1.0000)	(33.7722,12.8162,601.7934)	
(0.0000,0.0000,-1.0000)	(-22.2068,-49.8696,599.8608)	(1.9692,-49.0026,604.7400)	(40.7404,-44.5521,614.5277)	(63.6193,-46.3179,626.4073)	(24.0817,13.7020,595.8661)	
(18.4124,-17.1225,588.7726)	(-32.6216,-51.0226,601.9178)	(-5.4725,-47.9845,602.7772)	(35.1189,-46.4724,611.5510)	(56.4544,-48.1093,620.4154)	(15.7469,12.6490,594.9108)	
(12.6181,-17.2688,593.7943)	(-34.7309,-47.9909,601.9380)	(-11.7481,-45.9136,604.8108)	(28.5906,-46.3358,609.5952)	(53.1056,-47.9633,620.4377)	(10.5294,13.6203,593.9538)	
(7.3620,-14.1156,589.8370)	(-41.0193,-48.0914,602.9724)	(-15.9297,-46.9632,604.8341)	(24.1960,-46.1929,607.6229)	(48.5627,-47.7345,617.4895)	(6.4100,13.6079,593.9666)	
(1.0339,-15.1055,588.8672)	(-45.2738,-46.1675,605.0040)	(-19.0659,-45.9325,602.8594)	(20.9490,-44.0209,606.6484)	(47.3872,-47.2860,618.4856)	(2.2447,13.5749,592.9910)	
(-6.0613,-14.1295,588.9110)	(-51.6544,-46.3428,607.0386)	(-27.4432,-46.1138,604.9052)	(14.3187,-45.7540,601.6793)	(38.5176,-49.6520,614.5264)	(-4.9890,13.5532,593.0222)	
(-18.3004,-15.1328,586.9806)	(-61.3092,-44.4890,610.1026)	(-37.9806,-45.2420,606.9716)	(4.9194,-45.7822,601.7255)	(30.7056,-48.4466,609.5690)	(-15.2725,15.5326,591.0988)	
(-23.3892,-14.1262,587.0030)	(-65.6716,-44.6514,612.1234)	(-41.1640,-44.2792,607.9890)	(-1.3788,-45.7231,600.7679)	(24.0409,-51.0390,606.5860)	(-21.4205,14.5168,591.1286)	
(-31.5293,-14.1538,587.0622)	(-72.4264,-42.9036,617.1682)	(-47.4882,-44.2982,608.0270)	(-5.5820,-45.6576,599.7857)	(20.5963,-50.2468,602.6182)	(-26.5463,15.5165,592.1317)	
(-35.5934,-14.1953,588.0804)	(-74.5656,-42.9100,617.1828)	(-51.8418,-42.4146,611.0558)	(-9.7621,-46.5456,598.8092)	(16.4154,-49.9266,601.6464)	(-30.6550,15.5165,592.1884)	
(-40.7738,-14.2663,590.1046)	(-79.0178,-43.0658,619.2069)	(-56.1294,-42.4987,612.0793)	(-14.9638,-45.6077,598.8379)	(10.0888,-50.7335,600.6859)	(-36.8332,15.5218,593.2241)	
(-48.8482,-12.2369,590.1511)	(-83.5041,-41.0665,621.2371)	(-62.6171,-43.5735,614.1146)	(-21.1919,-45.5484,597.8727)	(4.7830,-49.7034,598.7060)	(-44.0846,15.5210,594.2628)	
(-57.1500,-12.2844,591.2080)	(-90.5884,-42.5821,627.2748)	(-66.0152,-40.7430,617.1414)	(-29.5175,-43.7217,600.9264)	(-3.5638,-49.6403,597.7424)	(-52.3953,17.6125,596.3034)	
(-61.3059,-13.3655,593.2312)	(-90.6926,-41.6334,628.2782)	(-68.1480,-42.8907,617.1444)	(-32.6560,-45.9015,600.9380)	(-7.7305,-50.5266,597.7738)	(-56.6338,15.5821,598.3272)	
(-64.6391,-14.4598,595.2504)	(-93.0851,-41.8441,630.2908)	(-70.4334,-43.0400,619.1537)	(-34.7050,-45.7452,599.9469)	(-9.8067,-50.4462,597.7726)	(-58.7603,15.5966,599.3349)	
(-68.9119,-13.5200,598.2628)	(-95.8248,-42.0549,635.3018)	(-74.9656,-43.2672,621.1836)	(-38.9149,-45.9985,601.9668)	(-14.9682,-49.6746,597.8140)	(-63.1002,15.6491,602.3550)	
(-72.2492,-13.5787,600.2864)	(-98.2620,-41.0161,637.3238)	(-77.3790,-41.3189,625.2052)	(-43.1164,-46.0048,602.9926)	(-20.1509,-49.6114,597.8327)	(-69.7229,15.7489,606.4062)	
(-74.3296,-13.5850,600.3137)	(-98.2521,-43.1534,637.3177)	(-79.6262,-43.5659,626.2056)	(-43.1164,-46.0048,602.9926)	(-22.2210,-49.6208,597.8542)	(-71.9043,15.7521,607.4184)	
(-76.4954,-14.3184,601.3098)	(-95.8248,-42.1230,636.2992)	(-79.7132,-43.6373,627.2058)	(-45.3072,-46.2457,606.0038)	(-24.2923,-49.6208,596.8790)	(-71.9106,15.7694,608.4046)	
(-74.2539,-13.5603,599.3176)	(-98.4845,-43.4392,639.3126)	(-79.8001,-43.7088,627.2087)	(-43.2091,-46.2425,604.9938)	(-24.2910,-49.6208,596.8790)	(-71.9138,15.7726,608.4088)	
(-74.4084,-13.5850,601.2940)	(-96.0438,-42.1910,637.3055)	(-77.4560,-43.5594,626.1920)	(-43.2390,-46.2425,605.9936)	(-22.2240,-49.6146,596.8703)	(-69.7292,15.7521,607.3924)	
(-74.3327,-13.5850,601.2882)	(-96.2693,-42.3272,639.3032)	(-77.5394,-43.6308,627.1938)	(-43.2359,-46.3175,606.9920)	(-20.1427,-49.6933,597.8484)	(-69.7963,15.7726,608.3842)	
(-74.2816,-14.2493,627.2840)	(0.0000,0.0000,-1.0000)	(-75.3689,-43.6275,627.1833)	(-36.9025,-46.2204,605.9573)	(-14.9651,-49.6808,597.8228)	(-65.5136,15.7616,607.3604)	
(-65.6707,-14.4893,596.2592)	(-91.4220,-42.0384,636.2748)	(-69.7886,-43.4651,625.1514)	(-35.8697,-47.2626,606.9513)	(-9.7782,-48.6243,598.7949)	(-61.1790,13.6300,605.3276)	
(0.0000,0.0000,-1.0000)	(0.0000,0.0000,-1.0000)	(-67.4116,-45.4031,622.1302)	(-31.6604,-46.2827,606.9264)	(-5.6050,-47.6555,598.7749)	(-56.8288,13.5816,602.3075)	
(0.0000,0.0000,-1.0000)	(-84.2418,-46.0544,629.2214)	(-60.8271,-45.2340,620.0944)	(-25.3383,-48.0442,602.8856)	(0.6321,-49.7127,598.7262)	(-52.5263,13.5362,600.2737)	
(-48.0860,-16.4159,594.1390)	(-79.7067,-45.8132,627.1969)	(-56.3698,-47.1380,617.0618)	(-19.0690,-48.0254,602.8509)	(5.8277,-50.6594,598.7102)	(-45.2109,12.4999,598.2386)	
(-41.0302,-17.6499,600.0967)	(-75.1927,-47.8194,623.1662)	(-49.7912,-46.8058,613.0251)	(-11.7543,-48.9603,602.8089)	(14.2566,-49.8449,600.6485)	(-36.8772,13.5156,596.1865)	
(0.0000,0.0000,-1.0000)	(-68.3441,-47.4083,620.1244)	(-43.3255,-46.5521,609.9932)	(-3.3911,-47.9782,602.7583)	(22.6774,-49.9862,601.6232)	(-28.6079,13.5088,595.1407)	
(-16.1992,-16.2016,589.9433)	(-58.4008,-46.9879,615.0736)	(-31.6713,-46.3545,606.9396)	(8.1146,-45.8507,602.7090)	(34.6416,-48.1869,606.5481)	(-15.2334,13.5192,593.0664)	
(-5.9586,-14.1295,588.9306)	(-49.7075,-48.6883,610.0210)	(-23.2537,-45.9482,602.8884)	(16.6743,-43.9560,605.6635)	(42.2154,-47.1941,608.5185)	(-7.0387,13.5326,593.0152)	
(5.1591,-14.0175,586.8341)	(-38.9974,-48.3300,605.9602)	(-14.9073,-45.8481,601.8426)	(26.2916,-44.0731,607.6112)	(51.0396,-44.3037,611.4979)	(4.2516,13.5604,591.9712)	
(13.4511,-16.0861,587.8111)	(-33.7301,-48.2326,604.9314)	(-7.5954,-45.8230,601.8064)	(34.8313,-44.1285,608.5739)	(59.1463,-44.8655,617.4096)	(10.4100,13.5789,591.9329)	
(22.7320,-14.0694,589.7578)	(-26.3721,-50.0521,602.8828)	(0.6686,-45.6388,599.7670)	(40.4142,-43.2010,611.5536)	(63.8374,-42.7041,619.4028)	(17.6604,14.6790,592.9069)	
(32.9756,-14.0677,590.7006)	(-14.9514,-49.7658,598.8236)	(8.0597,-46.8175,602.7032)	(47.1308,-42.3953,614.4967)	(70.1172,-41.9636,626.3830)	(28.1197,15.7589,594.8436)	
(38.5280,-14.1268,593.6645)	(-11.8267,-50.7031,598.8036)	(14.3187,-45.7602,601.6908)	(53.0864,-43.6737,619.4712)	(75.4051,-41.3368,631.3610)	(33.4730,14.8156,596.8200)	
(45.7397,-14.1889,596.6338)	(-5.5988,-49.7377,598.7692)	(18.5592,-45.8161,602.6310)	(57.7798,-40.7738,622.4384)	(78.0851,-41.5286,634.3332)	(39.8993,15.8901,598.7831)	
(51.4126,-15.2646,598.6036)	(0.6259,-49.7190,598.7347)	(24.1153,-47.0919,607.6128)	(60.3509,-40.9692,625.4338)	(80.9479,-41.7909,641.3050)	(45.4449,15.9755,602.7436)	
(56.8799,-16.3700,601.5522)	(4.7861,-49.7065,598.7132)	(25.1582,-48.2154,607.5968)	(64.1677,-42.2560,631.3988)	(0.0000,0.0000,-1.0000)	(50.2408,13.9581,606.7226)	
(58.0626,-17.4116,601.5522)	(7.9046,-50.7304,598.6959)	(28.4091,-47.2353,608.5886)	(64.1742,-44.3696,629.4131)	(82.3830,-42.9652,640.3231)	(52.4725,14.0333,607.7090)	
(58.9638,-14.2422,600.5428)	(7.9533,-50.7304,598.6959)	(30.5203,-47.2289,608.5930)	(64.4565,-42.3283,632.4040)	(82.3929,-42.9686,641.3066)	(54.7111,14.0605,608.6924)	
(0.0000,0.0000,-1.0000)	(7.9533,-50.7304,599.6908)	(30.6114,-46.2517,609.5616)	(66.6508,-44.5047,632.3872)	(82.3863,-42.9652,640.3247)	(56.9566,14.0878,610.6662)	
(58.0626,-17.4116,601.5522)	(7.9078,-50.7304,598.6959)	(30.7872,-46.4041,610.5608)	(64.1840,-44.4421,631.4004)	(83.5074,-43.2965,642.3100)	(54.7111,14.0605,608.6995)	
(58.0563,-18.3344,631.5038)	(7.9533,-50.7304,599.6923)	(28.4154,-47.3117,609.5776)	(64.4598,-44.5113,632.3934)	(82.5567,-43.0375,642.2902)	(54.7111,14.0605,608.7038)	
(0.0000,0.0000,-1.0000)	(6.8662,-49.7913,599.6980)	(28.4936,-47.2353,609.5733)	(64.4565,-44.5113,631.4216)	(81.4406,-44.0757,642.2992)	(54.7111,14.0605,608.6936)	
(57.7812,-18.3653,632.5030)	(6.8631,-49.7034,598.7016)	(28.4999,-46.2580,609.5733)	(64.1807,-44.5113,631.3960)	(0.0000,0.0000,-1.0000)	(54.7111,14.0605,608.7038)	
(61.9183,-18.2757,631.5038)	(4.7923,-49.7065,598.7146)	(26.3915,-46.2675,609.5850)	(63.0822,-43.4149,629.4026)	(81.2852,-44.2137,642.3055)	(52.5996,14.0542,608.7040)	
(57.2952,-19.3231,627.5540)	(0.6290,-47.6399,598.7432)	(22.0880,-47.1779,608.6236)	(60.5064,-45.3949,626.4314)	(77.6317,-45.1270,638.3408)	(48.0098,13.0101,606.7298)	
(48.7198,-18.0015,620.5836)	(-7.6758,-49.7440,598.7806)	(18.9164,-46.2024,607.6318)	(55.5070,-45.0302,621.4424)	(0.0000,0.0000,-1.0000)	(42.6485,13.9423,604.7702)	
(37.2597,-17.7916,612.6750)	(-14.9514,-49.7658,598.8236)	(10.3739,-46.0782,605.6941)	(47.1436,-44.5425,614.5100)	(0.0000,0.0000,-1.0000)	(31.7861,12.8290,601.8108)	
(0.0000,0.0000,-1.0000)	(-26.3677,-49.8821,599.8838)	(-1.2187,-46.0381,604.7674)	(38.3050,-45.3944,611.5495)	(61.8556,-46.1757,627.3868)	(19.9485,13.6896,595.8790)	
(12.6814,-17.3000,594.7939)	(-35.7652,-50.0804,601.9352)	(-9.6189,-46.0602,604.8050)	(30.6993,-44.2124,609.5922)	(53.7209,-46.0400,628.4458)	(10.5294,13.6203,593.9466)	
(5.2676,-16.1728,589.8456)	(-41.0193,-48.0914,602.9724)	(-16.9751,-46.0855,604.8414)	(24.1960,-46.1960,607.6186)	(49.5200,-46.8941,616.4860)	(4.3010,13.5810,592.9710)	
(-0.9986,-15.0807,586.8792)	(-47.4020,-48.3552,606.0068)	(-23.2506,-46.0949,604.8704)	(18.8443,-46.1308,606.6426)	(42.6652,-46.5278,612.5252)	(-1.8678,12.5395,592.9982)	
(-6.0291,-14.1587,589.9162)	(-53.8061,-46.4274,608.0503)	(-27.4535,-44.0887,605.9120)	(12.2775,-43.7452,602.6930)	(38.4113,-47.4485,614.5308)	(-7.0145,15.6053,593.0378)	
(-18.3004,-15.1358,587.9748)	(-61.3622,-46.6844,611.0912)	(-35.8759,-45.1593,606.9599)	(5.9211,-46.7379,601.7198)	(32.9057,-46.4009,610.5738)	(-17.3218,15.5203,591.1144)	
(-27.4652,-14.1909,589.0296)	(-67.8631,-44.7327,613.1353)	(-43.2720,-44.2855,608.0006)	(-1.4510,-45.5671,598.7646)	(24.1185,-47.0919,608.5974)	(-24.4935,15.5288,592.1500)	
(-35.5995,-12.1482,588.0775)	(-74.6456,-42.9815,618.1830)	(-51.8355,-44.5352,611.0471)	(-9.7621,-46.5456,598.8092)	(16.4715,-45.8256,602.6627)	(-32.7244,15.5458,593.1957)	
(-44.7742,-12.2079,589.1454)	(-81.4350,-43.2866,622.2196)	(-58.3594,-42.6478,613.0940)	(-17.0418,-45.5359,598.8479)	(8.0049,-48.6607,601.6896)	(-43.0530,14.5184,595.2318)	
(-54.2222,-13.3532,593.1971)	(-86.1371,-43.5887,626.2416)	(-64.9393,-43.7991,617.1267)	(-25.3435,-45.7951,600.8948)	(0.5894,-47.5647,597.7594)	(-48.2590,15.5563,596.2764)	
(-54.1731,-13.3285,592.2026)	(-88.3074,-43.5920,626.2566)	(-63.7506,-42.8843,615.1222)	(-27.4274,-45.8014,599.9082)	(-1.4841,-47.5709,598.7347)	(-50.3586,15.5677,597.2697)	
(-58.3937,-13.4086,595.1990)	(-90.7968,-41.6302,629.2755)	(-68.1480,-42.8907,615.1471)	(-31.5905,-44.6119,599.9397)	(-5.6112,-47.6524,598.7662)	(-54.5479,15.5821,598.3014)	
(-71.1385,-13.5787,600.2907)	(-98.4812,-43.2232,639.3126)	(-77.4560,-45.3509,626.1936)	(-38.8888,-45.8359,600.9698)	(-12.8806,-47.6836,598.8222)	(-67.4910,15.7141,605.3882)	
(-78.7568,-13.6717,603.3178)	(-98.5991,-42.4700,640.3159)	(-79.8001,-43.7088,628.2031)	(-45.2801,-44.0676,605.0140)	(-23.2623,-47.6302,597.8800)	(-74.0250,14.7676,608.4248)	
(-79.0138,-15.8492,606.3047)	(-98.7137,-42.5380,641.3164)	(-82.1580,-43.8582,630.2185)	(-47.4514,-44.2234,607.0283)	(-27.4094,-48.6742,597.9001)	(-76.3717,14.8051,611.4209)	
(-78.7600,-13.6717,603.3380)	(-98.7137,-42.4666,642.3137)	(-79.8870,-43.7802,629.2033)	(-47.4514,-44.2234,607.0240)	(-25.3358,-47.6364,597.8929)	(-76.3654,12.6776,611.4122)	
(-85.9876,-16.9308,635.3448)	(-98.7137,-42.4666,642.3137)	(-82.3388,-44.0011,632.2190)	(-49.5900,-46.4147,608.0270)	(-27.4133,-48.6742,598.8968)	(-76.3717,13.6732,611.4209)	
(-81.0258,-16.6838,607.3066)	(-98.7070,-44.6910,641.3102)	(-82.4291,-44.0726,633.2192)	(-47.4451,-46.3302,607.0154)	(-27.4133,-48.6742,598.8968)	(-76.3749,13.6902,611.4252)	
(-78.9250,-15.8179,603.3294)	(-98.8216,-44.8374,642.3046)	(-79.8870,-43.7802,629.2062)	(-47.4083,-46.2520,606.0154)	(-25.3363,-47.7180,598.8839)	(-76.3717,13.6902,611.4209)	
(-83.6907,-19.0312,634.3247)	(-98.7103,-45.7232,641.3118)	(-79.9739,-43.8517,630.2036)	(-47.4451,-46.3302,607.0154)	(-25.3363,-47.7180,598.8884)	(-76.4491,13.7244,612.4128)	
(-82.5078,-17.7457,633.3272)	(-98.7137,-44.6910,641.3164)	(-77.7063,-43.7736,629.1912)	(-47.4819,-46.4084,608.0152)	(-23.2593,-47.7117,598.8739)	(-76.4586,13.7275,612.4258)	
(-77.8648,-18.7026,630.2974)	(0.0000,0.0000,-1.0000)	(-76.6977,-44.7821,630.1883)	(-41.1312,-46.3112,606.9804)	(-19.1085,-47.6992,598.8509)	(-72.1285,13.7200,611.3888)	
(-76.7728,-19.7859,630.2913)	(-93.7179,-47.6307,636.2748)	(-74.2658,-46.5687,627.1652)	(-39.0036,-46.2267,606.9660)	(-14.9452,-47.6868,598.8352)	(-68.7359,11.5586,608.3698)	
(-73.1899,-17.5066,629.2652)	(-91.6238,-44.6776,637.2661)	(-72.0237,-45.7155,626.1546)	(-37.9648,-49.3721,606.9528)	(-12.8854,-49.6746,597.8155)	(-65.5105,13.6548,607.3561)	
(-63.0086,-16.1989,619.2266)	(-86.9220,-44.9612,633.2451)	(-65.1906,-45.3218,621.1182)	(-29.5484,-46.1983,605.9166)	(-5.6312,-49.6528,597.7696)	(-56.8382,13.5848,602.3204)	
(-51.9711,-15.9700,612.1674)	(-79.6198,-46.5882,626.1967)	(-56.2749,-44.8471,615.0721)	(-21.1564,-45.9419,602.8783)	(4.7365,-49.6278,597.7208)	(-47.3647,12.5620,601.2452)	
(0.0000,0.0000,-1.0000)	(-72.8027,-45.4193,622.1630)	(-47.5986,-44.5908,612.0177)	(-9.6698,-45.9042,602.8074)	(16.2781,-47.6807,599.6764)	(-34.8066,13.5075,595.1976)	
(-29.5215,-17.3235,591.0210)	(-67.2014,-48.2344,619.1212)	(-41.2137,-46.5489,609.9784)	(-1.3065,-45.8790,602.7596)	(23.7211,-48.8599,602.6122)	(-26.5452,13.5057,594.1391)	
(-18.2775,-15.1266,586.9790)	(-58.3467,-46.9097,614.0708)	(-33.8000,-44.3253,608.9362)	(6.0175,-46.8972,602.7206)	(32.5244,-46.0865,606.5568)	(-17.3027,13.5018,592.1018)	
(-10.0826,-14.1156,587.9534)	(-49.6705,-46.5712,610.0268)	(-25.3523,-44.0855,605.9019)	(14.5079,-43.8910,604.6890)	(37.7954,-47.1272,607.5224)	(-9.0915,13.5172,592.0324)	
(1.1698,-14.1110,588.8672)	(-43.2956,-46.4739,608.9918)	(-16.9947,-45.8450,601.8440)	(21.9950,-44.9188,606.6439)	(48.7972,-44.2390,610.5062)	(0.0975,14.5755,591.0138)	
(15.4224,-14.0130,586.8128)	(-31.6324,-48.2263,604.9198)	(-5.5497,-45.7356,600.7752)	(34.8282,-44.1285,608.5739)	(58.8647,-43.4336,616.4341)	(12.4628,13.5851,591.9428)	
(26.7432,-14.0510,589.7182)	(-21.1758,-47.7870,599.8636)	(3.8788,-46.7535,601.7428)	(44.7715,-42.2632,612.5132)	(67.3546,-43.7767,621.3872)	(21.7729,15.6919,592.8842)	
(31.0238,-14.0708,590.7062)	(-18.0437,-49.7721,599.8378)	(8.0049,-46.6613,601.7039)	(47.1308,-42.3953,614.4952)	(70.1140,-41.9603,626.3636)	(28.0306,15.7347,593.8526)	
(40.5911,-14.1206,593.6588)	(-9.7528,-50.7835,598.7921)	(14.3031,-43.6677,601.6894)	(53.0864,-41.5980,619.4799)	(72.7524,-41.2023,633.3404)	(33.3753,14.8156,596.8142)	
(49.0882,-15.2339,597.5901)	(-1.4479,-49.7252,598.7462)	(19.6109,-46.7861,604.6483)	(58.0448,-40.9084,624.4467)	(78.0884,-41.5286,634.3438)	(41.9763,15.8964,598.7846)	
(53.4896,-14.2157,598.5806)	(0.6290,-49.7190,598.7347)	(24.0377,-46.8532,606.6280)	(62.7968,-41.0972,627.4197)	(78.2437,-41.7876,638.3360)	(46.4824,15.9818,601.7442)	
(57.9187,-14.2610,601.5407)	(6.8662,-49.7002,598.7002)	(27.2754,-47.1589,607.5851)	(64.1775,-42.3217,631.4094)	(81.2719,-41.8581,641.3096)	(49.9873,15.0884,606.7168)	
(0.0000,0.0000,-1.0000)	(7.9626,-50.8170,599.6953)	(30.5203,-46.4009,607.5879)	(66.9302,-42.5288,633.4103)	(84.1693,-41.0650,645.3095)	(54.7111,14.0605,608.6967)	
(0.0000,0.0000,-1.0000)	(10.0306,-49.7788,599.6808)	(32.9057,-46.4756,610.5694)	(64.5977,-42.4663,633.4074)	(81.6026,-41.9926,644.3122)	(56.9566,14.0878,609.6872)	
(0.0000,0.0000,-1.0000)	(10.0337,-49.7788,599.6823)	(32.9120,-46.4009,610.5694)	(64.5977,-42.4663,633.4118)	(81.6060,-41.0650,644.3060)	(57.0906,14.1087,610.6676)	
(0.0000,0.0000,-1.0000)	(9.9847,-49.7788,599.6793)	(30.5235,-48.2091,610.5855)	(64.4598,-44.5113,632.4100)	(0.0000,0.0000,-1.0000)	(56.9566,14.0878,609.6872)	
(0.0000,0.0000,-1.0000)	(7.9564,-50.8170,599.6938)	(30.7904,-46.4073,610.5811)	(64.4598,-44.5113,632.4161)	(82.7171,-43.1065,642.3146)	(54.8417,14.0814,609.6989)	
(58.0563,-18.3963,633.5020)	(5.9211,-50.7335,599.7038)	(28.4967,-47.3117,609.5980)	(64.4631,-44.5146,632.3994)	(81.6060,-44.1497,642.3224)	(54.8417,14.0814,609.6989)	
(0.0000,0.0000,-1.0000)	(5.8759,-50.7335,599.6996)	(28.6783,-46.4201,610.6031)	(63.0822,-43.4149,629.4042)	(80.0039,-43.0375,640.3292)	(52.7267,14.0750,609.7106)	
(0.0000,0.0000,-1.0000)	(-3.5187,-49.7315,598.7576)	(19.9830,-47.1842,608.6455)	(58.0610,-43.0872,625.4280)	(0.0000,0.0000,-1.0000)	(44.4012,13.8861,601.7558)	
(39.3883,-17.8163,614.6355)	(-13.8974,-51.8386,598.8066)	(10.3770,-48.1815,605.6870)	(49.5200,-44.6847,617.4674)	(0.0000,0.0000,-1.0000)	(33.9739,11.7448,601.7992)	
(0.0000,0.0000,-1.0000)	(-28.4476,-51.9708,600.8864)	(-3.3164,-48.1411,604.7631)	(36.1926,-47.5248,612.5428)	(59.1477,-48.2649,624.4245)	(19.8794,11.6036,594.8808)	
(0.0000,0.0000,-1.0000)	(-35.7652,-50.0804,601.9352)	(-9.6541,-47.9971,602.8003)	(30.6993,-46.3295,609.5820)	(52.1516,-48.2746,624.4485)	(12.5921,11.5819,594.9096)	
(5.2164,-16.1107,587.8478)	(-41.0193,-48.0914,602.9724)	(-16.9688,-48.0191,602.8393)	(22.0848,-47.2480,607.6302)	(47.4978,-46.9038,617.4970)	(4.2023,13.5398,590.9657)	
(-1.9259,-17.1244,586.8821)	(-49.5032,-48.3616,606.0184)	(-25.3393,-48.2073,602.8929)	(16.7397,-46.0624,605.6680)	(40.6433,-47.5216,614.5190)	(-3.0076,13.4976,590.0224)	
(-8.1455,-16.0975,585.9203)	(-57.0111,-48.6257,609.0591)	(-29.5484,-46.1983,605.9150)	(12.2993,-47.9310,602.6773)	(38.4145,-49.6488,613.5376)	(-7.0993,13.4853,590.0492)	
(-16.2588,-17.1581,586.9496)	(-60.3030,-47.5752,611.0824)	(-33.7507,-46.2109,605.9456)	(6.0144,-46.8175,602.7191)	(32.7292,-48.3621,608.5828)	(-13.2369,13.4668,590.0692)	
(-19.3504,-14.0446,583.9964)	(-61.3029,-46.6062,610.0940)	(-37.9806,-45.2420,606.9716)	(4.9225,-45.7822,601.7270)	(28.4122,-48.2904,607.5808)	(-17.3287,12.4524,590.0974)	
(-23.3920,-14.0830,586.0002)	(-65.6054,-44.5766,611.1233)	(-41.1375,-44.2045,606.9890)	(-1.3819,-45.7231,600.7622)	(24.1122,-49.1122,607.5896)	(-22.4390,13.4422,590.1342)	
(-30.5135,-15.1756,587.0538)	(-72.2733,-42.7608,615.1678)	(-47.5313,-42.2593,609.0324)	(-7.6851,-45.5858,598.7976)	(18.5686,-47.9153,602.6484)	(-28.5872,15.4717,590.1709)	
(-37.6041,-15.1879,587.0763)	(-76.7883,-42.9879,618.1892)	(-53.9539,-44.5416,611.0588)	(-11.8014,-46.6316,600.8198)	(14.3156,-47.8434,601.6650)	(-34.7442,15.4740,591.2010)	
(-39.6545,-15.2500,589.0876)	(-79.0178,-43.0658,619.2012)	(-53.9603,-42.4210,611.0675)	(-12.8947,-45.5234,597.8268)	(12.2345,-47.8434,601.6680)	(-36.8042,15.4856,592.1984)	
(-46.8436,-14.2786,590.1371)	(-83.6918,-41.3417,622.2403)	(-58.2513,-42.5051,612.0910)	(-19.0986,-45.6983,599.8606)	(5.8215,-48.5838,599.6938)	(-41.9707,15.4971,593.2328)	
(-46.8067,-14.2786,590.1272)	(-83.6918,-42.1376,622.2403)	(-60.4307,-43.5671,613.1013)	(-19.0950,-45.7763,600.8602)	(5.8215,-48.5838,599.6938)	(-43.0228,15.5179,594.2345)	
(-46.8436,-14.2786,590.1371)	(-83.6918,-42.1376,623.2378)	(-58.3054,-42.5764,613.0910)	(-19.0950,-45.7763,600.8602)	(5.8246,-50.6594,598.7044)	(-42.9748,15.4971,593.2412)	
(-44.7376,-14.2462,589.1256)	(-81.3511,-41.1312,621.2252)	(-58.3054,-42.5764,613.0910)	(-17.0244,-45.6920,599.8490)	(7.9046,-50.6532,599.6780)	(-40.9457,14.4963,593.2354)	
(-44.7681,-14.2462,589.1256)	(-81.2607,-41.0632,620.2250)	(-58.2513,-42.5051,612.0910)	(-19.1079,-45.6202,598.8609)	(5.8184,-50.6563,598.7102)	(-42.9748,15.4971,593.2427)	
(-48.8826,-14.3080,591.1330)	(-85.7544,-41.1409,622.2494)	(-62.4919,-43.5735,613.1131)	(-21.1950,-45.5484,597.8727)	(4.7830,-47.6305,598.7344)	(-44.0073,17.5462,593.2412)	
(-57.1500,-12.2875,591.2137)	(-90.4906,-39.3214,626.2834)	(-65.7505,-40.4713,613.1410)	(-29.4953,-44.4529,597.9298)	(-3.5576,-47.5772,597.7766)	(-52.3496,17.5759,595.3031)	
(-65.6738,-13.4581,596.2506)	(-93.5355,-38.6205,632.3082)	(-72.5859,-40.8982,619.1772)	(-34.6952,-43.5880,598.9556)	(-11.8641,-48.5505,597.8126)	(-60.8404,17.6631,599.3506)	
(-72.1707,-13.5540,599.2961)	(-99.5921,-41.2948,639.3262)	(-77.3790,-41.3189,625.2052)	(-43.1226,-43.9119,603.0011)	(-19.1190,-47.6177,597.8512)	(-67.3480,15.6634,603.3786)	
(0.0000,0.0000,-1.0000)	(-98.4845,-43.4392,639.3155)	(-79.8935,-41.5974,629.2152)	(-43.1164,-46.0048,602.9926)	(-23.2623,-47.6302,597.8800)	(-71.8307,15.7046,607.3996)	
(-79.9554,-18.8215,629.3001)	(-96.2693,-42.3272,639.3032)	(-77.4624,-43.6308,626.2025)	(-43.2060,-46.2393,605.9922)	(-22.2210,-49.6933,597.8557)	(-69.7166,13.6422,607.3750)	
(-78.8716,-16.4914,629.3059)	(-96.2693,-42.3952,639.3062)	(-75.2856,-43.5528,626.1787)	(-43.2359,-46.3175,606.9920)	(-22.2162,-49.6996,597.8599)	(-69.7197,13.6453,607.3794)	
(-78.8716,-16.4914,629.3059)	(-96.2693,-42.3952,639.3062)	(-75.2856,-43.5528,626.1816)	(-41.0784,-46.1548,604.9807)	(-20.1427,-49.6933,597.8514)	(-69.7197,13.6422,607.3794)	
(-76.6156,-16.6664,629.2910)	(0.0000,0.0000,-1.0000)	(-75.3656,-43.6243,627.1817)	(-41.1312,-46.3112,606.9804)	(-18.0692,-49.6871,597.8442)	(-67.5515,13.6314,606.3758)	
(-75.5237,-16.6302,628.2890)	(-91.3178,-42.9940,634.2816)	(-74.2788,-44.6293,627.1757)	(-36.8830,-46.1422,605.9544)	(-14.9620,-49.6808,597.8255)	(-65.4440,13.6377,606.3556)	
(-71.1058,-17.5267,628.2634)	(-89.1199,-42.0350,634.2650)	(-72.0302,-44.5496,626.1636)	(-35.8697,-47.1827,606.9513)	(-12.8885,-49.6746,597.8140)	(-63.1539,13.5831,603.3426)	
(0.0000,0.0000,-1.0000)	(0.0000,0.0000,-1.0000)	(-67.4116,-45.4031,622.1302)	(-31.6604,-46.2827,606.9280)	(-7.7078,-48.6212,598.7776)	(-56.7793,13.5613,601.3114)	
(-54.1245,-18.1322,613.1634)	(-82.0611,-45.9696,629.2094)	(-58.5694,-45.0779,619.0808)	(-23.2444,-48.2010,604.8720)	(2.7091,-49.7158,598.7274)	(-48.2947,13.5049,597.2740)	
(0.0000,0.0000,-1.0000)	(-77.4495,-45.7318,626.1847)	(-51.9602,-46.8905,613.0414)	(-13.8451,-48.9666,602.8204)	(12.1235,-49.7757,600.6500)	(-38.9267,11.4299,595.2134)	
(0.0000,0.0000,-1.0000)	(-68.3473,-47.4899,620.1287)	(-43.3255,-46.5521,609.9990)	(-3.3849,-47.9782,602.7613)	(20.5901,-49.9077,601.6117)	(-28.5959,11.4377,594.1378)	
(-17.2756,-15.3063,590.9602)	(-58.5630,-47.2227,618.0708)	(-33.7650,-46.2890,606.9396)	(6.0269,-48.9164,602.7221)	(32.4424,-48.1151,605.5649)	(-17.2965,11.4438,592.0934)	
(-6.0813,-16.1179,586.8933)	(-48.5587,-50.6288,609.0036)	(-23.2386,-48.2794,605.8657)	(16.6182,-48.0875,604.6644)	(42.2343,-49.3074,609.5016)	(-5.0473,11.4496,590.0352)	
(0.9987,-17.0748,585.8598)	(-44.3040,-50.6161,607.9804)	(-16.9484,-48.1821,604.8343)	(22.0107,-49.2015,606.6223)	(46.5744,-48.4021,610.4641)	(0.0674,10.4411,589.9830)	
(6.0789,-17.0717,585.8374)	(-40.0632,-50.4332,606.9574)	(-15.8933,-49.2226,605.8266)	(26.2979,-46.1865,607.6070)	(48.9145,-46.4277,611.4806)	(2.0674,10.4472,589.9618)	
(1.9227,-18.0680,585.8486)	(-44.3040,-50.6161,607.9804)	(-17.9772,-49.3121,606.8436)	(24.1185,-47.1620,607.6128)	(49.1649,-46.5896,614.4674)	(0.0674,10.4411,589.9816)	
(-0.0143,-17.0527,584.8658)	(-44.2978,-52.7263,607.9718)	(-20.0724,-50.4582,606.8467)	(19.9061,-49.2814,606.6355)	(44.5730,-48.4928,610.5124)	(-1.9724,11.4527,589.9830)	
(-1.1150,-17.0245,583.8718)	(-46.4058,-52.7326,607.9864)	(-22.1739,-50.4645,606.8584)	(18.7943,-50.2595,605.6334)	(42.3507,-51.5040,610.4890)	(-2.9953,9.4017,589.9986)	
(-3.1401,-17.0397,583.8998)	(-48.5972,-50.7990,610.0036)	(-21.1246,-48.4393,607.8593)	(18.8538,-48.2375,606.6368)	(42.4514,-48.5677,610.5182)	(-5.0074,9.4093,590.9915)	
(-3.1775,-16.9993,582.8848)	(-48.5909,-52.8276,609.9950)	(-24.2785,-50.4709,607.8682)	(16.6931,-50.2658,605.6465)	(40.3298,-51.5936,610.5052)	(-5.0412,9.3956,589.9874)	
(-7.1844,-19.0730,583.9027)	(-50.7478,-52.9225,611.0064)	(-26.3853,-50.5622,607.8814)	(14.5888,-50.2721,605.6594)	(38.1176,-53.6304,609.5252)	(-8.1009,7.3415,590.0100)	
(-9.2095,-19.0791,583.9098)	(-52.8726,-50.8969,611.0269)	(-28.4934,-50.6536,608.8911)	(12.4876,-50.2784,605.6668)	(37.0538,-50.6230,609.5252)	(-10.1468,7.3353,590.0199)	
(-9.2365,-19.0730,583.9027)	(-55.0887,-51.0736,614.0384)	(-28.4934,-50.5686,608.8911)	(12.4876,-50.2784,605.6668)	(38.2113,-51.6000,610.5271)	(-10.1468,7.3353,590.0100)	
(-11.2346,-19.0851,583.9252)	(-52.8662,-53.0175,612.0182)	(-28.4934,-50.5686,608.8911)	(12.4908,-50.2784,605.6668)	(37.0569,-52.6586,609.5208)	(-11.2257,9.3604,589.0355)	
(-11.2346,-19.0851,583.9252)	(-55.0335,-53.1125,613.0283)	(-28.4934,-50.5686,608.8911)	(10.3895,-50.2848,605.6784)	(36.9681,-52.5767,609.5048)	(-12.1926,7.3292,590.0368)	
(-11.2582,-19.0504,582.9408)	(-55.0887,-51.0736,613.0386)	(-28.4934,-50.6536,608.8942)	(10.3895,-50.2848,605.6784)	(37.0569,-52.6586,609.5165)	(-11.2023,9.3710,590.0214)	
(-11.2346,-19.0851,583.9252)	(-55.0887,-50.9884,613.0386)	(-30.6106,-50.6599,608.9102)	(10.3864,-50.2848,605.6784)	(36.9681,-52.5767,609.5048)	(-11.2023,9.3740,590.0256)	
