(-21.1615,-62.8685,595.7984)	(2.5213,-62.6898,593.6726)	(-10.9222,-21.6415,597.8932)	(-11.1208,-10.0782,589.9557)	(-53.9948,-46.7404,612.0501)	(-29.5769,-44.3190,608.9260)	(10.4195,-44.0494,606.6978)	(36.9460,-46.3850,609.5367)	(-35.0444,24.3180,608.2321)	(-11.0163,17.7887,598.0747)	(11.2173,23.3725,606.9682)	(-11.0519,37.5641,599.1457)	
(-21.1587,-62.8685,595.7986)	(2.5244,-62.6898,593.6726)	(-10.9222,-21.6095,596.9192)	(-11.1208,-10.0782,589.9670)	(-53.9948,-46.7404,612.0501)	(-29.5769,-44.3190,608.9245)	(10.4195,-44.0494,606.6978)	(36.9460,-46.3850,609.5469)	(-36.0984,25.3763,608.2451)	(-11.0163,17.7887,598.0717)	(11.2173,23.3725,606.9652)	(-11.0519,37.5672,599.1514)	
(-21.1587,-62.8685,595.7986)	(2.5645,-62.6929,593.6868)	(-10.9222,-21.6095,596.9234)	(-11.1208,-10.0782,589.9670)	(-53.9948,-46.7404,612.0473)	(-29.5769,-44.3190,608.9260)	(10.4195,-44.0494,606.6978)	(36.9460,-46.3818,609.5469)	(-35.0444,24.3244,608.2392)	(-11.0225,19.8643,598.0675)	(11.2173,23.3725,606.9610)	(-11.0457,35.4851,599.1429)	
(-21.1618,-62.8685,594.8018)	(2.5645,-62.6960,594.6634)	(-10.9222,-21.6095,596.9234)	(-11.1208,-10.0813,589.9614)	(-56.1673,-46.8250,613.0619)	(-29.5769,-44.3190,608.9245)	(10.4195,-44.0494,606.6978)	(36.9460,-46.3850,609.5570)	(-36.1197,25.3794,609.2469)	(-11.0163,17.7887,598.0747)	(11.2173,23.3362,606.9610)	(-11.0457,35.4882,599.1486)	
(-21.1618,-62.8685,595.7871)	(2.5645,-62.7910,594.6662)	(-9.8871,-22.6762,597.8874)	(-11.1443,-10.0620,588.9771)	(-53.9948,-46.7404,612.0501)	(-29.5769,-44.3190,608.9245)	(12.5273,-44.0431,606.6862)	(36.0802,-47.2131,609.5469)	(-36.1197,25.4126,609.2482)	(-11.0163,17.7887,598.0762)	(13.3847,23.3788,607.9448)	(-11.0457,35.4882,599.1472)	
(-21.1553,-62.9760,595.8014)	(2.5183,-62.6898,593.6712)	(-9.8840,-21.6095,596.9034)	(-11.1208,-10.0751,589.9557)	(-53.9948,-46.7404,612.0501)	(-29.5769,-44.3905,608.9318)	(10.4227,-44.0494,606.7036)	(36.9460,-46.3850,609.5570)	(-36.1197,25.3794,609.2469)	(-11.0163,17.7887,598.0762)	(13.3847,23.3788,607.9404)	(-11.0457,35.4882,599.1572)	
(-21.1618,-62.8685,594.8018)	(2.5244,-62.6898,593.6726)	(-10.8924,-23.7234,597.9189)	(-11.1208,-10.0782,589.9670)	(-56.1673,-46.8250,613.0619)	(-29.5843,-44.3936,609.9228)	(10.4227,-44.0494,606.6978)	(36.0833,-47.2958,610.5358)	(-36.0984,25.3763,608.2451)	(-11.0163,17.7887,598.0762)	(11.2110,23.3362,606.9610)	(-11.0457,35.4882,599.1472)	
(-21.1618,-62.8685,594.8018)	(2.5213,-62.6898,593.6726)	(-10.8924,-23.7234,597.8961)	(-11.1208,-10.0782,589.9614)	(-53.9948,-46.7404,612.0501)	(-29.5769,-44.3190,608.9275)	(10.4258,-44.0494,606.7036)	(36.8446,-46.3818,609.5265)	(-36.1410,25.3794,610.2472)	(-11.0163,17.7918,598.0847)	(11.2142,23.3362,606.9566)	(-11.0457,35.4944,599.1499)	
(-21.1615,-62.8685,594.8018)	(2.5213,-62.6898,593.6712)	(-10.9222,-21.6095,596.9092)	(-11.1443,-10.0720,589.9458)	(-53.9948,-46.7404,611.0530)	(-29.5769,-44.3190,608.9245)	(12.5242,-44.0431,606.6890)	(36.9460,-46.3850,609.5570)	(-33.9998,24.3212,608.2378)	(-11.0163,17.7887,598.0747)	(11.2204,23.3725,606.9682)	(-11.0457,35.4882,599.1457)	
(-21.1615,-62.8685,594.8033)	(2.5213,-62.6898,593.6726)	(-10.9457,-21.6033,596.8977)	(-11.1208,-10.0782,589.9670)	(-53.9948,-46.7404,612.0501)	(-29.5769,-44.3190,608.9230)	(10.4195,-44.0494,606.6978)	(36.9460,-46.3850,609.5469)	(-35.0444,24.3212,608.2378)	(-11.0163,17.7887,598.0720)	(13.3847,23.3788,607.9404)	(-11.0457,35.4851,599.1328)	
(-21.1615,-62.8685,594.8060)	(2.5244,-62.6898,593.6726)	(-10.9222,-21.6095,596.9077)	(-11.1208,-10.0782,589.9614)	(-53.9476,-46.6621,611.0530)	(-29.5769,-44.3190,608.9245)	(10.4195,-44.0494,606.6978)	(36.9460,-46.3850,609.5367)	(-35.0444,24.3180,608.2349)	(-11.0163,17.7887,598.0847)	(11.2173,23.3725,606.9668)	(-11.0457,35.4851,599.1429)	
(-21.1615,-62.8685,594.8018)	(4.5810,-62.6836,593.6627)	(-9.8556,-21.6064,596.9077)	(-11.1208,-10.0782,589.9614)	(-54.0011,-44.6163,612.0588)	(-29.5769,-44.2506,607.9364)	(12.4719,-43.9686,605.6941)	(38.1986,-45.2518,611.5318)	(-35.0444,24.3244,608.2420)	(-11.0163,17.7887,598.0747)	(13.3216,23.3788,606.9551)	(-11.0457,35.4882,599.1472)	
(-19.0987,-62.8623,594.7904)	(6.6908,-62.7817,594.6335)	(-7.8171,-22.6700,597.8802)	(-7.0290,-10.0659,589.9330)	(-51.8792,-44.6100,612.0470)	(-25.3533,-44.2316,607.9030)	(14.5731,-43.9623,605.6825)	(40.3203,-45.2455,611.5406)	(-35.0772,24.3967,610.2398)	(-7.9029,17.7949,598.0490)	(15.4228,23.3851,606.9376)	(-8.9687,35.4944,599.1357)	
(-14.9892,-62.7424,593.7680)	(9.7855,-63.8019,594.6306)	(-3.6413,-21.6259,597.8614)	(-4.9832,-10.0597,589.9472)	(-47.4819,-46.4084,608.0152)	(-23.2482,-44.1443,605.9019)	(16.7334,-44.0272,606.6614)	(42.4419,-44.3196,611.5186)	(-30.8282,25.3890,608.2160)	(-5.8325,16.7727,598.0488)	(17.5814,25.4982,606.9462)	(-5.8594,36.5464,599.1184)	
(-10.8698,-62.7301,593.7452)	(13.9088,-60.6978,594.6176)	(0.5058,-21.6135,597.8458)	(-1.8753,-11.0892,590.9200)	(-45.3738,-46.4021,608.0036)	(-19.0417,-42.0961,607.8634)	(19.9610,-42.9580,607.6490)	(44.6612,-44.3164,611.4966)	(-26.6095,25.3621,607.1924)	(-1.6854,17.8167,598.0246)	(21.7969,25.5109,607.9126)	(-3.7825,36.5558,599.1154)	
(-5.7530,-61.5718,593.7180)	(18.0351,-60.6885,594.5990)	(4.6528,-21.6010,597.8313)	(4.2172,-7.9841,589.8905)	(-41.1312,-46.3112,606.9804)	(-15.9065,-42.9294,605.8684)	(24.1834,-42.9580,607.6417)	(51.2810,-44.4490,613.4756)	(-24.5048,25.3716,607.1808)	(2.4554,19.9048,598.0001)	(24.9539,24.5494,608.8889)	(2.4485,37.6047,599.0609)	
(-1.6135,-60.6342,592.7144)	(22.3102,-60.8744,596.5531)	(9.8366,-22.6170,597.7942)	(10.3548,-7.9657,589.8410)	(-36.9314,-44.1950,605.9674)	(-11.7637,-41.9317,604.8396)	(28.4809,-41.9630,607.6184)	(54.8519,-43.4464,616.4637)	(-20.2956,25.3779,607.1574)	(6.6025,19.9173,597.9799)	(29.2521,25.5728,608.8714)	(6.5498,37.5599,598.0694)	
(4.5252,-60.5179,592.6718)	(27.5793,-61.9042,597.5350)	(13.9125,-19.5004,596.7944)	(14.4466,-7.9534,589.8338)	(-33.7364,-46.2141,604.9400)	(-7.5790,-41.7184,602.8245)	(35.0146,-40.0392,610.5940)	(59.5383,-42.7203,619.4162)	(-16.0958,25.3542,606.1340)	(11.7863,18.9013,597.9540)	(33.5642,25.6651,610.8429)	(10.6845,39.5903,598.0408)	
(8.6850,-60.6094,593.6397)	(31.8117,-58.9779,598.5166)	(20.2797,-21.5923,598.7362)	(19.6366,-8.9731,590.7953)	(-27.4314,-45.8795,601.9060)	(-3.4363,-43.7116,601.7660)	(38.3891,-41.1463,612.5646)	(61.6974,-42.7171,619.4354)	(-12.9493,24.3121,606.1166)	(15.9333,18.9431,597.9383)	(35.5764,25.5918,609.8316)	(15.8807,36.5564,598.0078)	
(13.8435,-60.5971,593.6226)	(38.1569,-59.0657,599.4942)	(25.6465,-21.6179,599.7169)	(25.7846,-7.9351,590.7711)	(-23.2596,-45.7889,601.8800)	(2.7890,-43.9162,601.7630)	(42.7562,-40.2127,613.5402)	(66.1429,-42.7749,620.4209)	(-6.6854,25.2336,603.0816)	(22.2325,19.9952,598.8921)	(41.1706,24.7496,612.7996)	(22.1798,37.6672,598.9860)	
(20.1013,-62.7413,594.5692)	(43.5852,-62.2793,601.4476)	(31.8919,-21.6372,600.6874)	(32.1278,-10.0188,593.7056)	(-17.0182,-45.6920,599.8505)	(8.2085,-41.8748,605.7187)	(47.3552,-40.3956,616.5021)	(70.1140,-41.8256,626.3786)	(-2.5550,25.2462,603.0584)	(28.5525,20.0450,599.8616)	(45.6278,25.8596,613.7916)	(28.4997,39.8290,599.9656)	
(24.3101,-60.7768,595.5696)	(48.1152,-59.5324,604.4228)	(36.1610,-21.6595,601.6494)	(37.4810,-10.0347,594.6979)	(-12.8573,-45.6795,599.8245)	(10.1897,-42.6355,605.7128)	(51.6464,-40.5238,618.4764)	(72.4490,-42.0261,628.3538)	(1.6173,25.2524,602.0354)	(31.7674,19.0783,600.8484)	(48.9423,25.8660,613.7755)	(29.6306,36.8322,600.9268)	
(27.4916,-63.8643,596.5359)	(52.4444,-61.7264,605.3999)	(39.4017,-22.7345,604.6269)	(39.6523,-10.0285,594.6922)	(-9.7813,-48.6212,597.8011)	(14.3776,-43.7452,604.6658)	(53.0799,-41.5948,619.4814)	(74.9396,-41.4614,629.3677)	(5.7989,25.2650,602.0124)	(33.9489,20.0856,601.8334)	(51.1979,25.9123,614.7588)	(31.7145,36.8385,600.9338)	
(29.5679,-63.8612,596.5260)	(54.8010,-59.8172,607.3889)	(41.3731,-20.6353,602.6326)	(43.9006,-10.0478,596.6622)	(-7.7078,-47.5834,597.7911)	(18.7723,-43.9528,606.6411)	(55.2424,-41.6541,620.4566)	(74.9396,-41.4614,629.3616)	(7.8928,25.2775,603.0006)	(36.0363,20.1293,601.8292)	(53.5842,25.9985,616.7548)	(35.9833,37.8895,601.9004)	
(33.8061,-63.0288,597.5036)	(55.9846,-60.8660,608.3804)	(42.7550,-21.7926,605.6145)	(45.8521,-10.0257,596.6251)	(-5.6343,-47.5772,597.7796)	(20.8042,-44.0177,605.6663)	(57.6441,-40.7032,620.4774)	(77.7580,-41.3941,632.3250)	(8.9413,24.2360,602.9948)	(40.5413,18.1356,604.7918)	(54.9081,25.0902,619.7517)	(38.1751,37.9564,602.8756)	
(33.8030,-60.9532,597.5148)	(56.1140,-60.8660,608.3702)	(0.0000,0.0000,-1.0000)	(45.9707,-10.0415,596.6478)	(-3.5700,-47.5709,597.7666)	(19.8935,-44.7728,606.6411)	(57.7701,-38.6149,622.4576)	(76.8176,-40.3547,633.3450)	(8.9445,24.2677,602.9948)	(40.3190,20.1730,602.8099)	(55.0272,27.2454,620.7408)	(38.1751,37.9564,602.8800)	
(33.8061,-60.9564,597.5205)	(55.9846,-60.8691,608.3906)	(0.0000,0.0000,-1.0000)	(45.9707,-10.0415,596.6550)	(-3.5607,-47.5709,597.7682)	(19.9641,-44.9220,606.6439)	(57.7766,-40.7705,621.4660)	(77.9199,-41.4548,633.3238)	(8.9445,24.2677,602.9948)	(40.6494,18.1633,605.7855)	(53.3334,23.8968,621.7343)	(38.1751,37.9564,602.8785)	
(33.8979,-61.0570,598.5096)	(55.9909,-60.8723,609.3691)	(0.0000,0.0000,-1.0000)	(45.9707,-10.0478,597.6286)	(-3.5607,-47.5709,597.7682)	(19.8966,-44.9251,606.6454)	(57.6441,-40.7064,621.4394)	(77.7580,-41.4581,632.3326)	(8.9382,24.2360,602.9934)	(40.6431,20.2666,605.7942)	(55.0304,25.0902,620.7260)	(38.1751,37.9564,602.8843)	
(33.9010,-63.1298,598.4911)	(55.9909,-60.8723,609.3734)	(0.0000,0.0000,-1.0000)	(45.0556,-10.0667,597.6500)	(-5.6112,-47.6586,598.7762)	(18.7754,-43.9497,605.6780)	(55.3650,-40.7097,620.4804)	(77.9265,-41.4581,633.3253)	(7.8928,25.3047,603.0022)	(40.7574,18.1911,606.7750)	(54.9145,25.0902,619.7517)	(38.1751,37.9564,602.8916)	
(31.8210,-63.1329,598.4868)	(54.9256,-59.9174,608.3776)	(0.0000,0.0000,-1.0000)	(42.7522,-11.0600,595.6671)	(-5.6174,-45.5796,598.7862)	(16.6680,-41.8559,605.6838)	(55.4941,-40.7227,621.4780)	(73.2141,-41.4007,633.3465)	(8.9382,24.2360,601.9950)	(38.4374,20.2291,604.8078)	(55.1624,25.1666,621.7506)	(35.9833,37.8895,601.9120)	
(29.7440,-64.0760,598.5111)	(52.6961,-59.8267,607.4150)	(38.6706,-23.9468,607.6160)	(40.7955,-11.0869,596.6595)	(-11.8171,-48.7107,599.8088)	(14.5079,-43.8942,605.6650)	(51.0525,-41.6671,620.4924)	(71.6588,-42.4991,629.3603)	(7.8446,25.2681,602.0008)	(36.3459,18.1230,604.8164)	(52.7652,25.1601,620.7630)	(33.8959,36.9036,601.9220)	
(25.4339,-63.9795,597.5364)	(50.4672,-61.8396,606.4192)	(36.1579,-23.9148,606.6342)	(38.4092,-10.0223,594.6750)	(-11.8298,-48.7107,598.8122)	(12.5242,-44.0399,606.6847)	(50.9368,-43.6801,619.4726)	(71.6719,-44.4784,629.3768)	(3.6699,25.2222,602.0224)	(34.0528,18.0613,602.8244)	(50.7313,26.1117,620.7498)	(31.8086,36.8974,601.9278)	
(22.3257,-62.9590,596.5718)	(46.1377,-61.7454,605.4376)	(34.1653,-21.9256,604.6617)	(0.0000,0.0000,-1.0000)	(-14.9483,-47.6868,598.8294)	(8.2664,-43.9876,606.7036)	(47.4850,-42.6174,617.5102)	(0.0000,0.0000,-1.0000)	(-0.5392,23.1143,601.0384)	(29.7805,17.0085,601.8510)	(48.5818,26.1052,619.7874)	(29.7212,36.8911,602.9162)	
(16.1124,-62.9714,596.5962)	(40.5595,-61.4437,602.4510)	(28.2492,-22.8550,607.6846)	(25.9683,-11.0298,591.7608)	(-23.2564,-47.7933,599.8750)	(2.0010,-44.9693,605.7566)	(40.6370,-42.3501,613.5506)	(63.6128,-46.0933,624.3990)	(-6.7940,23.0357,600.0758)	(24.3979,17.9500,600.8686)	(41.6027,22.8301,618.7836)	(22.3307,37.7882,600.9656)	
(6.6939,-62.7879,594.6590)	(29.7533,-64.1850,599.5160)	(18.6407,-23.9270,604.7402)	(0.0000,0.0000,-1.0000)	(-31.5998,-49.0199,601.9206)	(-5.4267,-43.9478,604.7904)	(35.1094,-42.2243,611.5743)	(56.5819,-45.0979,621.4484)	(-12.0284,23.0437,599.1018)	(16.0078,16.9159,598.9326)	(36.1790,23.6998,614.8209)	(16.0264,34.7573,601.0060)	
(-3.6250,-62.8158,594.7032)	(20.2525,-62.9590,596.5747)	(7.7693,-24.7050,597.8070)	(8.3212,-12.0738,589.8568)	(-38.9807,-46.1485,604.9691)	(-15.9002,-45.0261,605.8496)	(26.3820,-44.1507,608.6148)	(49.5136,-44.6782,616.4889)	(-19.2973,24.1071,601.1466)	(6.5032,17.7865,595.9804)	(27.3151,23.5289,610.8738)	(6.5033,35.4273,597.0480)	
(-7.7741,-65.8134,593.7282)	(16.1093,-62.9652,596.5832)	(2.5855,-23.6797,597.8228)	(1.1636,-13.1070,589.8695)	(-45.3405,-46.3239,607.0037)	(-19.0488,-44.0634,605.8656)	(19.9736,-45.1441,607.6549)	(47.3712,-44.6847,616.4757)	(-23.4656,24.1230,602.1698)	(0.2671,15.6751,595.0176)	(22.9247,22.4294,609.8916)	(2.3175,35.3579,596.0796)	
(-12.9233,-64.7980,593.7482)	(11.8549,-65.8609,594.6148)	(-1.6007,-23.6567,596.8592)	(-2.9281,-13.1193,589.8922)	(-47.4451,-46.3302,607.0154)	(-23.2511,-44.0760,605.8918)	(18.8443,-44.0241,606.6570)	(42.5520,-46.4500,611.5202)	(-29.7354,24.1136,603.2046)	(-3.8592,14.6587,595.0362)	(19.6954,23.3978,606.9420)	(-3.9178,34.2559,595.1094)	
(-14.9892,-62.7424,593.7680)	(9.7855,-63.8019,594.6306)	(-3.6351,-23.7015,597.8587)	(-3.9897,-12.0819,589.8978)	(-49.5497,-46.3365,607.0270)	(-25.3528,-44.1570,606.9002)	(16.6711,-43.9560,605.6694)	(40.5303,-45.3944,613.5388)	(-30.7713,24.1104,602.2102)	(-5.8904,14.6524,596.0319)	(17.5940,23.3915,606.9536)	(-5.9809,34.3049,596.1025)	
(-19.0956,-64.8197,593.7923)	(4.5810,-62.6867,593.6670)	(-9.9032,-23.6723,595.8995)	(-10.1139,-12.0973,588.9419)	(-56.0661,-46.6685,611.0618)	(-29.5621,-44.1696,606.9234)	(12.4040,-43.8942,602.7017)	(38.2113,-47.3690,611.5436)	(-32.8587,24.1042,602.2246)	(-9.0171,15.6472,595.0634)	(15.4799,23.3489,606.9376)	(-9.0757,35.2668,595.1466)	
(-23.2280,-62.8716,594.8105)	(0.4524,-62.6898,593.6726)	(-13.0062,-23.6430,595.9109)	(-13.2268,-10.0297,586.9748)	(-58.1909,-44.5575,611.0823)	(-33.7713,-44.1823,606.9526)	(8.1021,-43.7578,602.7176)	(35.0241,-46.3946,610.5432)	(-38.0986,25.1695,603.2552)	(-13.1496,17.7000,595.0720)	(8.9445,22.1810,602.9906)	(-13.2020,35.2544,595.1638)	
(-29.4144,-63.9197,594.8474)	(-3.6937,-62.6010,592.7116)	(-17.1262,-23.7065,596.9466)	(-18.2722,-13.1716,590.9754)	(-62.4278,-45.6210,611.1057)	(-35.8759,-45.0828,606.9599)	(4.9100,-43.6928,601.7340)	(30.6962,-46.3295,609.5820)	(-41.3009,26.1304,603.2783)	(-17.2889,17.6602,594.1203)	(6.8599,22.2438,604.9845)	(-17.3283,35.2420,595.1908)	
(-34.5883,-63.0164,595.8756)	(-10.8905,-62.6226,592.7472)	(-23.3392,-23.7128,595.9810)	(-22.3911,-10.0410,587.0168)	(-65.6716,-44.6514,612.1234)	(-41.1967,-42.2402,608.9974)	(-1.3458,-43.7116,601.7702)	(21.6985,-46.7799,604.6266)	(-45.5574,26.3585,607.3015)	(-23.4680,16.6395,594.1573)	(1.5826,23.1630,602.0180)	(-23.5178,34.1970,595.2194)	
(-38.7506,-61.0642,597.9050)	(-15.0091,-62.6350,592.7685)	(-29.5377,-23.7346,596.9966)	(-29.5109,-12.1723,590.0379)	(-70.1410,-42.7544,615.1560)	(-45.4865,-42.3955,610.0238)	(-5.5559,-43.6496,600.7938)	(19.6109,-46.7861,604.6584)	(-49.7604,24.2360,607.3134)	(-26.5601,17.6597,595.1447)	(-0.5454,23.1205,602.0210)	(-26.6125,35.2141,595.2464)	
(-44.9878,-63.2627,597.9338)	(-21.1687,-64.7118,592.7942)	(-34.7218,-23.7532,597.0566)	(-37.6958,-12.2289,591.0790)	(-74.7256,-43.0529,619.1832)	(-49.7636,-42.4796,612.0440)	(-9.7206,-43.6621,600.8168)	(16.4123,-47.8403,601.6650)	(-53.9633,23.2059,607.3380)	(-32.7557,17.6473,595.2102)	(-6.8242,22.0306,600.0816)	(-32.8088,35.2523,596.2584)	
(-47.0981,-63.3765,598.9436)	(-25.2816,-65.8599,593.8166)	(-38.8819,-23.8075,598.0596)	(-39.7133,-13.2515,591.0904)	(-77.0386,-43.2022,621.1897)	(-51.8855,-42.4859,612.0558)	(-12.8464,-43.7524,600.8371)	(14.3218,-45.7602,602.6542)	(-55.0775,26.3711,608.3544)	(-34.8331,15.6143,596.2177)	(-8.9109,22.0243,600.0874)	(-34.8816,35.2460,596.2783)	
(-51.3018,-62.3432,599.9750)	(-28.3711,-64.8445,593.8280)	(-43.0589,-23.8619,599.0725)	(-42.8558,-12.2443,591.1286)	(-79.2786,-43.2801,622.2018)	(-56.2306,-42.6414,614.0793)	(-17.0244,-43.6095,600.8542)	(7.9501,-48.6576,600.7002)	(-59.3996,24.3235,610.3729)	(-41.0731,15.6195,598.2268)	(-12.0315,23.0562,600.0888)	(-41.1144,35.2872,597.3216)	
(-54.5139,-61.5277,601.9834)	(-32.4905,-64.8569,593.8565)	(-47.2560,-23.9613,601.0856)	(-48.9664,-12.2597,591.1725)	(-83.9733,-42.4197,626.2386)	(-60.6609,-42.8682,615.1060)	(-21.1756,-43.7712,601.8814)	(4.7799,-47.6274,598.7360)	(-61.5146,24.3172,610.3818)	(-45.2232,16.6542,598.2583)	(-13.0823,24.0471,600.0962)	(-43.1845,34.2968,597.3388)	
(-60.8351,-63.8478,603.0196)	(-36.6099,-64.8693,593.8808)	(-51.5013,-25.0510,602.1388)	(-53.2002,-12.3407,594.1745)	(-86.2409,-41.5523,628.2482)	(-65.0037,-43.9453,618.1268)	(-25.3503,-43.7838,601.9016)	(0.6321,-47.6430,598.7489)	(-65.8744,24.3452,612.4019)	(-48.3428,17.6796,598.2828)	(-19.3228,24.0284,599.1405)	(-48.4282,35.3695,599.3498)	
(-63.0574,-61.9697,605.0409)	(-40.7556,-64.9927,594.9018)	(-56.8770,-24.1541,605.1480)	(-57.3158,-12.3531,595.1876)	(-88.6096,-43.8064,629.2544)	(-67.2111,-43.9517,619.1372)	(-29.5187,-45.8858,601.9176)	(-3.5576,-47.5772,597.7782)	(-70.4885,24.4452,617.4298)	(-52.5720,15.6391,600.2965)	(-23.4734,24.0128,599.1836)	(-52.6280,35.4231,600.3776)	
(-65.2212,-62.0802,606.0496)	(-44.9152,-65.1162,595.9271)	(-58.9716,-25.1167,605.1596)	(-61.5475,-12.4114,596.2164)	(-90.7968,-42.7216,630.2730)	(-68.3570,-43.1049,620.1448)	(-32.6435,-47.8120,601.9306)	(-7.7047,-48.5411,598.7819)	(-72.4740,23.4027,615.4433)	(-56.8382,15.6679,602.3176)	(-25.5504,22.9763,599.1892)	(-54.7115,35.4106,600.3891)	
(-67.4678,-60.1849,608.0700)	(-49.1349,-64.1974,597.9553)	(-63.2927,-24.2569,607.1875)	(-65.8130,-13.5012,598.2513)	(-93.4081,-41.9089,633.2918)	(-70.5796,-43.1828,620.1596)	(-35.7808,-44.6977,601.9580)	(-11.8641,-48.5505,597.8110)	(-76.0038,22.2332,619.4680)	(-58.9754,15.6823,603.3238)	(-28.6719,24.0034,599.2096)	(-56.8943,35.5145,602.3974)	
(-71.7541,-62.4120,609.0846)	(-52.2843,-65.4712,598.9611)	(-65.4636,-24.3116,608.1908)	(-70.0281,-12.5312,599.2730)	(-93.5158,-41.9802,634.2892)	(-72.8092,-43.2607,621.1716)	(-36.8892,-44.0424,602.9694)	(-14.9682,-47.6052,597.8298)	(-76.9899,23.5331,618.4688)	(-63.2956,17.8233,605.3650)	(-32.8136,21.9087,599.2124)	(-61.1318,35.5617,603.4254)	
(-71.7604,-60.2984,609.0932)	(-52.2905,-63.3921,598.9724)	(-68.6972,-26.4609,610.2028)	(-70.1000,-13.5384,600.2634)	(-95.9359,-42.1230,636.2992)	(-75.0456,-43.3386,623.1810)	(-38.9348,-45.9922,602.9694)	(-14.9713,-47.6052,597.8240)	(-76.9899,23.5331,618.4688)	(-63.2893,17.8233,605.3564)	(-32.8328,24.0255,600.2228)	(-63.3488,35.6686,605.4382)	
(-74.0254,-62.6269,611.0935)	(-52.2905,-63.3921,598.9724)	(0.0000,0.0000,-1.0000)	(-70.1000,-12.5312,599.2831)	(-95.9359,-43.0770,636.3022)	(-75.2121,-41.3124,625.1902)	(-38.9870,-44.0487,604.9807)	(-14.9744,-47.6052,597.8240)	(0.0000,0.0000,-1.0000)	(-65.5262,17.8683,607.3776)	(-34.9132,24.0130,600.2313)	(-61.1318,35.5648,603.4282)	
(-71.8368,-60.3992,610.0933)	(-52.2843,-65.4712,598.9666)	(-65.5299,-25.3540,609.1952)	(-67.9515,-13.5322,599.2573)	(-95.9359,-43.0770,636.3022)	(-75.0456,-43.3386,625.1798)	(-36.8440,-45.9859,602.9578)	(-14.9713,-47.6052,597.8282)	(0.0000,0.0000,-1.0000)	(-63.3554,17.8506,606.3612)	(-32.8198,23.9878,599.2224)	(-61.1318,35.5648,603.4282)	
(-71.8305,-62.5163,610.0846)	(-51.2458,-66.3886,598.9582)	(-65.5299,-25.3540,609.2011)	(-70.1000,-12.5082,599.2831)	(-93.5158,-42.9309,635.2867)	(-73.0453,-41.3059,625.1754)	(-36.9119,-44.1203,604.9676)	(-12.9009,-47.5990,597.8168)	(0.0000,0.0000,-1.0000)	(-63.4090,15.7679,607.3488)	(-32.8136,21.9087,599.2124)	(-61.1349,35.5617,603.4296)	
(-69.6425,-62.4057,609.0758)	(-51.2458,-66.5014,598.9596)	(-63.4780,-25.4446,610.1853)	(0.0000,0.0000,-1.0000)	(0.0000,0.0000,-1.0000)	(-73.1218,-41.3771,626.1756)	(-36.9314,-44.1950,605.9674)	(-12.8947,-47.6052,597.8255)	(-75.0143,22.4654,620.4626)	(-61.2480,15.7504,606.3410)	(-30.7367,21.9149,599.2038)	(-61.1349,35.5648,603.4312)	
(-69.7885,-62.6142,611.0729)	(-49.2090,-65.5729,599.9492)	(0.0000,0.0000,-1.0000)	(0.0000,0.0000,-1.0000)	(-91.4286,-43.0704,634.2787)	(-71.9522,-44.4034,625.1618)	(-33.7570,-44.1855,605.9484)	(-9.7813,-48.6212,597.8110)	(-75.1686,22.6667,623.4572)	(-59.0970,15.7361,605.3375)	(-28.6597,21.9212,599.1837)	(-56.8974,35.5207,602.4032)	
(-63.2390,-64.3926,608.0293)	(-42.9379,-65.4431,598.9122)	(0.0000,0.0000,-1.0000)	(-64.0849,-15.0605,619.2442)	(-90.4238,-44.0143,636.2718)	(-67.4180,-43.2477,622.1391)	(-29.5621,-44.1696,606.9250)	(-5.6050,-45.5827,598.7962)	(-70.7822,24.6706,621.4378)	(-54.7571,15.6805,602.3174)	(-25.5434,20.8647,598.1735)	(-52.6707,33.3938,601.3695)	
(-60.0100,-67.3132,607.0032)	(-36.6651,-67.2744,596.8741)	(-51.7141,-27.3791,607.1206)	(-52.2571,-13.3962,595.1605)	(-84.5298,-44.8050,632.2282)	(-60.8271,-45.2340,620.0944)	(-23.2510,-45.9450,602.8856)	(2.7460,-47.7182,599.7354)	(-66.2038,22.4262,617.3974)	(-48.3724,13.5487,599.2746)	(-19.3166,21.9493,599.1278)	(-48.4282,33.3029,599.3498)	
(-53.6051,-66.1410,604.9714)	(-30.4487,-67.2558,596.8312)	(-48.7471,-26.5947,612.0948)	(0.0000,0.0000,-1.0000)	(-79.7936,-46.8180,628.1971)	(-56.4774,-45.1463,618.0736)	(-19.0555,-46.0886,604.8558)	(5.8277,-50.7398,599.6938)	(-64.1276,22.4668,618.3889)	(-45.2569,13.5408,599.2616)	(-15.1726,21.9274,598.1132)	(-45.3096,32.3149,599.3283)	
(-47.2019,-65.7888,601.9344)	(-23.2096,-67.1196,595.7973)	(-39.0340,-28.3001,605.0422)	(0.0000,0.0000,-1.0000)	(-72.7963,-47.5779,622.1541)	(-49.8314,-46.8841,614.0234)	(-11.7543,-48.9603,602.8089)	(14.2535,-47.7652,600.6686)	(-58.6110,22.3804,615.3622)	(-36.9199,13.5564,598.1969)	(-8.9789,21.9117,597.0802)	(-36.9420,31.1056,596.2870)	
(-38.7777,-67.5097,598.8849)	(-14.9600,-66.9803,594.7534)	(-30.6123,-28.0800,601.9876)	(-32.6382,-16.3726,595.0450)	(-68.3473,-47.4899,620.1287)	(-43.3554,-46.6303,610.9946)	(-5.4757,-45.8916,602.7872)	(20.5870,-47.8308,601.6434)	(-52.0348,22.2660,611.3208)	(-30.6772,13.5199,595.1748)	(-3.8130,20.8974,597.0516)	(-30.7298,31.0743,595.2440)	
(-32.5343,-67.3765,597.8465)	(-9.8021,-67.8752,594.7221)	(-23.3212,-27.9120,597.9565)	(-24.4048,-15.2101,589.0296)	(-66.0526,-49.3900,618.1064)	(-38.0380,-47.5884,610.9564)	(0.7874,-45.8727,602.7495)	(28.2433,-48.1309,605.5940)	(-47.7608,22.2414,610.2942)	(-24.4917,13.5324,595.1278)	(4.5782,22.0211,599.9912)	(-24.5370,31.0899,595.2025)	
(-27.3467,-68.1601,596.8183)	(-1.5950,-64.7640,593.6855)	(-17.1200,-25.7725,596.9408)	(-20.3040,-15.2165,589.9998)	(-61.7081,-49.1287,617.0826)	(-33.7794,-46.3704,607.9468)	(6.0206,-46.8972,602.7221)	(32.5276,-46.0897,606.5684)	(-43.4704,22.1856,608.2758)	(-19.3267,13.5510,595.1035)	(6.6490,22.0274,598.9956)	(-21.4484,32.2288,595.1995)	
(-21.1492,-66.9990,594.7891)	(2.5306,-64.7516,593.6627)	(-10.9570,-25.6635,594.9084)	(-14.1927,-14.1017,586.9664)	(-54.9974,-48.8644,612.0473)	(-29.5632,-46.3545,607.9103)	(10.3062,-43.9005,604.6991)	(36.8414,-44.1901,607.5776)	(-39.2310,22.1609,607.2494)	(-13.1833,15.5899,593.0918)	(8.7260,22.1120,600.9735)	(-15.2753,33.1296,594.1609)	
(-19.0925,-64.9275,594.7819)	(6.6970,-64.7454,593.6598)	(-8.9239,-25.6573,594.9012)	(-10.1645,-12.0293,585.9426)	(-52.8789,-48.7763,611.0356)	(-25.3465,-46.2637,606.8916)	(12.4102,-43.8942,604.6933)	(40.1070,-45.0934,609.5466)	(-34.9889,22.1081,605.2227)	(-11.0975,13.5552,594.0592)	(10.7433,22.0838,599.9536)	(-11.1559,33.1420,594.1380)	
(-12.9233,-64.7980,593.7482)	(11.7992,-65.7484,593.6128)	(-3.7003,-25.6869,595.8624)	(-3.9450,-14.0972,587.9055)	(-47.5124,-48.6003,609.0064)	(-21.1470,-46.1012,604.8820)	(18.7691,-43.9497,605.6577)	(44.4436,-44.1742,609.5350)	(-30.7746,22.0490,603.1990)	(-7.0145,15.6115,593.0633)	(17.1039,23.1738,600.9332)	(-7.0668,33.1040,593.1179)	
(-5.7206,-65.6884,593.7068)	(18.0443,-64.8159,594.5779)	(4.5662,-25.6620,595.8208)	(2.0425,-12.0923,587.8702)	(-41.1249,-48.4179,606.9718)	(-14.9178,-45.8481,601.8382)	(24.1740,-42.9486,607.6344)	(51.0332,-42.1796,611.5066)	(-25.5467,22.0335,602.1728)	(0.1823,14.6140,593.0052)	(23.4193,23.1926,601.8897)	(0.1240,34.1579,593.0838)	
(4.4908,-64.6315,592.6505)	(27.4978,-63.9670,596.5317)	(11.7316,-24.5564,594.7898)	(12.2231,-11.9877,586.8142)	(-33.7444,-48.3142,605.9312)	(-7.5985,-45.8230,601.7964)	(32.6189,-41.9503,607.5966)	(56.7229,-43.2982,614.4582)	(-19.2942,22.0149,601.1380)	(8.4073,15.6517,593.9423)	(28.7150,24.3337,602.8733)	(8.3489,35.2056,593.0354)	
(10.7000,-64.6191,592.6193)	(35.8734,-60.9470,597.4976)	(20.0596,-23.5498,595.7336)	(19.4228,-13.0274,588.7724)	(-28.4595,-50.0584,602.8944)	(-1.3725,-45.7262,600.7822)	(38.1828,-41.0176,610.5705)	(63.6913,-40.4884,618.4334)	(-13.0686,21.9962,600.1006)	(13.6158,15.6882,593.9322)	(35.0795,25.4723,605.8518)	(12.4614,35.2211,593.0296)	
(17.9721,-64.7051,593.5786)	(42.3208,-61.1357,599.4612)	(27.4709,-23.6433,597.6980)	(25.7111,-12.0154,589.7450)	(-22.2052,-49.8696,600.8604)	(3.8788,-44.6675,602.7350)	(44.7652,-40.1389,612.5234)	(68.8725,-40.6773,624.3957)	(-5.8449,20.9177,598.0630)	(19.7857,17.7717,593.9136)	(39.6768,25.5646,607.8134)	(17.6614,36.3275,593.9870)	
(22.1675,-64.7972,594.5421)	(45.6694,-62.2730,601.4375)	(31.7093,-24.6765,598.6702)	(31.7496,-11.9969,589.7152)	(-14.9514,-49.7658,598.8236)	(8.0989,-44.7281,604.7049)	(47.1213,-40.2609,614.5039)	(69.0223,-40.7445,626.3770)	(-2.7346,23.0026,598.0500)	(26.0504,17.8179,594.8720)	(44.1156,24.6797,609.8095)	(23.8497,37.3708,593.9712)	
(26.3798,-62.8393,595.5497)	(47.8742,-61.4217,602.4105)	(33.7862,-23.6339,598.6587)	(33.2691,-12.0194,590.7188)	(-12.8744,-49.7596,598.8094)	(10.1409,-46.7347,601.7024)	(49.2663,-40.2673,614.5142)	(71.1926,-40.8726,627.3788)	(-0.6266,23.0151,598.0386)	(28.1135,17.8241,594.8777)	(46.2303,24.6860,609.7832)	(25.9949,37.4375,594.9510)	
(27.5793,-63.9702,597.5250)	(52.5718,-61.8332,606.4060)	(40.3419,-23.7364,601.6205)	(39.4421,-12.0620,593.6573)	(-9.7720,-50.6968,598.7906)	(14.3745,-43.7452,602.6944)	(53.0799,-41.5289,619.4740)	(73.8427,-40.0436,629.3510)	(1.4944,23.0544,599.0286)	(33.5645,16.9172,598.8118)	(50.7068,25.7527,611.7501)	(31.3380,37.5105,596.9148)	
(31.7387,-65.1044,597.4950)	(55.9909,-62.9825,608.3776)	(42.5441,-25.9542,606.5892)	(43.5615,-12.0527,593.6544)	(-5.6312,-49.6528,597.7696)	(18.5655,-45.8224,602.6570)	(55.2392,-41.6541,620.4522)	(75.0915,-41.3302,633.3373)	(7.6782,23.0369,597.9927)	(37.9269,15.9081,599.7942)	(53.0761,25.8389,612.7671)	(33.4173,34.5338,597.8860)	
(35.9904,-65.2089,598.4854)	(58.3777,-63.2827,610.3636)	(46.0279,-24.9412,606.5775)	(47.1384,-13.1373,596.6094)	(-1.4510,-49.7252,597.7496)	(19.8229,-46.7861,604.6483)	(57.7798,-40.7802,622.4444)	(79.0222,-40.5445,635.3244)	(11.8415,21.0097,598.9654)	(42.3108,15.9692,601.7630)	(55.2047,24.7402,616.7180)	(37.7634,35.6350,598.8770)	
(38.2805,-67.5005,600.4417)	(62.9070,-62.4233,612.3524)	(52.3251,-23.9088,606.5528)	(51.4126,-15.2646,598.5993)	(0.5925,-49.6341,597.7352)	(24.0346,-47.0123,606.6280)	(62.5277,-40.9724,625.4442)	(79.1792,-41.5253,636.3232)	(13.9770,21.0394,599.9536)	(45.4449,15.9755,602.7422)	(58.9354,25.0650,618.7240)	(42.1401,35.7618,600.8548)	
(41.5166,-68.6562,602.4137)	(65.6086,-62.8313,616.3255)	(54.6877,-26.1886,610.5288)	(58.0563,-14.2743,601.5465)	(4.7861,-49.7065,598.7116)	(28.3278,-47.1557,607.5996)	(62.9362,-41.1646,628.4081)	(80.9446,-41.6564,639.3166)	(20.2183,22.0963,599.9206)	(50.1109,15.0884,606.7198)	(57.1961,22.7016,614.6970)	(47.5962,32.9147,604.8070)	
(43.7176,-68.7657,604.4128)	(68.2007,-63.1356,619.3056)	(0.0000,0.0000,-1.0000)	(59.2424,-14.2743,601.5608)	(7.9078,-50.7304,598.6944)	(30.6082,-46.2517,608.5726)	(64.1709,-42.2592,631.3988)	(82.2159,-42.8963,639.3090)	(21.3479,21.1066,600.9073)	(52.5996,14.0542,608.7010)	(59.3180,22.7427,616.6840)	(50.0576,32.9730,606.7916)	
(46.1597,-68.0583,605.4118)	(69.4271,-66.3600,620.2836)	(0.0000,0.0000,-1.0000)	(0.0000,0.0000,-1.0000)	(9.9816,-49.6940,598.6829)	(30.6082,-46.2517,608.5624)	(64.1742,-44.4388,629.4236)	(82.2259,-42.8996,640.3017)	(23.4318,21.0800,600.8973)	(54.8417,14.0814,609.6961)	(0.0000,0.0000,-1.0000)	(52.2857,34.0264,606.7814)	
(46.1566,-68.0552,605.4032)	(68.3442,-63.2360,620.2940)	(0.0000,0.0000,-1.0000)	(0.0000,0.0000,-1.0000)	(7.9533,-50.7304,599.6908)	(30.6993,-46.4788,609.5922)	(64.1742,-44.4388,631.3899)	(82.2259,-42.8996,640.2926)	(23.4318,21.1004,600.8973)	(54.8417,14.0814,609.6989)	(59.3180,22.7427,617.6834)	(52.2857,34.0264,606.7873)	
(46.0426,-68.9910,605.3974)	(68.2071,-63.2360,620.2896)	(0.0000,0.0000,-1.0000)	(0.0000,0.0000,-1.0000)	(7.9533,-50.7304,599.6908)	(30.6082,-46.2517,608.5930)	(64.1742,-44.4388,629.4236)	(82.2226,-42.9586,640.2926)	(23.4318,21.1035,600.8973)	(54.8417,14.0814,609.7033)	(62.1505,20.7745,618.6870)	(50.0576,32.9730,606.7916)	
(46.1597,-68.1629,605.4074)	(68.2007,-63.1356,619.3100)	(0.0000,0.0000,-1.0000)	(0.0000,0.0000,-1.0000)	(7.9078,-50.7304,598.6959)	(33.0002,-46.4756,610.5898)	(64.4500,-42.2592,631.4261)	(82.3963,-42.9652,641.3005)	(23.4287,21.0800,600.8973)	(54.9722,14.1023,610.6866)	(0.0000,0.0000,-1.0000)	(52.2857,34.0264,606.7987)	
(44.0585,-69.0005,605.4148)	(68.1975,-63.1356,619.3144)	(0.0000,0.0000,-1.0000)	(59.0938,-15.3496,602.5456)	(6.8631,-49.7034,598.7016)	(30.7872,-46.4788,610.5709)	(64.4565,-42.3283,632.4190)	(84.7790,-42.3118,642.2778)	(21.3479,21.1004,600.9030)	(54.9722,14.1023,610.7026)	(0.0000,0.0000,-1.0000)	(50.1811,33.0250,606.8060)	
(41.6268,-68.7720,604.4232)	(65.9047,-65.1835,618.2996)	(0.0000,0.0000,-1.0000)	(55.8348,-18.2790,629.5222)	(6.8693,-49.7882,599.6938)	(28.5875,-46.3358,609.5894)	(63.0756,-41.3631,629.4297)	(82.2292,-42.9652,640.3292)	(21.3417,21.0738,599.9106)	(52.8537,14.0959,610.7014)	(0.0000,0.0000,-1.0000)	(47.8363,32.9147,605.8080)	
(39.5360,-68.7783,604.4404)	(63.4790,-62.8377,616.3492)	(56.2229,-29.0402,627.5199)	(57.4194,-17.1437,628.5516)	(4.7830,-47.6274,598.7244)	(26.4757,-46.3454,609.6258)	(62.9492,-43.3540,628.4157)	(78.8912,-44.0823,640.3094)	(20.1463,22.0617,598.9208)	(50.2377,14.0270,608.7142)	(59.4780,23.0207,622.7114)	(45.3888,32.8564,602.8208)	
(34.2109,-67.6334,601.4768)	(58.6562,-65.6273,613.3454)	(49.6935,-26.6948,619.5522)	(0.0000,0.0000,-1.0000)	(-3.5218,-49.7315,598.7576)	(19.9799,-49.2878,607.6333)	(57.8024,-45.1077,624.4185)	(0.0000,0.0000,-1.0000)	(11.7832,20.9738,597.9640)	(43.7005,12.9592,605.7536)	(53.5874,20.7799,620.7083)	(42.2640,33.7295,601.8645)	
(25.6867,-68.3556,599.5262)	(50.8518,-66.3816,609.3927)	(38.2542,-29.4737,613.6030)	(0.0000,0.0000,-1.0000)	(-13.9067,-51.7502,597.8113)	(12.4845,-48.1752,605.6769)	(49.7512,-44.8268,618.4811)	(0.0000,0.0000,-1.0000)	(4.4242,21.9177,596.0074)	(33.7722,12.8162,601.7934)	(50.1445,21.7094,619.7328)	(31.4445,32.5039,597.9074)	
(16.1279,-67.1188,596.5876)	(39.5297,-66.6854,604.4404)	(28.1805,-29.2014,606.6664)	(0.0000,0.0000,-1.0000)	(-22.2068,-49.8696,599.8608)	(1.9692,-49.0026,604.7400)	(40.7404,-44.5521,614.5277)	(63.6193,-46.3179,626.4073)	(-5.9027,20.8523,596.0646)	(24.0817,13.7020,595.8661)	(41.1769,20.4946,612.7821)	(23.9441,33.3009,594.9597)	
(7.8383,-68.0638,596.6150)	(32.1235,-67.6334,601.4754)	(20.5246,-27.9749,601.7132)	(18.4124,-17.1225,588.7726)	(-32.6216,-51.0226,601.9178)	(-5.4725,-47.9845,602.7772)	(35.1189,-46.4724,611.5510)	(56.4544,-48.1093,620.4154)	(-11.0551,21.9024,597.0918)	(15.7469,12.6490,594.9108)	(35.8808,21.4701,610.8327)	(15.6202,32.2497,593.9956)	
(0.5137,-66.9307,594.6593)	(24.4938,-67.2112,597.5509)	(11.9904,-28.8940,599.7504)	(12.6181,-17.2688,593.7943)	(-34.7309,-47.9909,601.9380)	(-11.7481,-45.9136,604.8108)	(28.5906,-46.3358,609.5952)	(53.1056,-47.9633,620.4377)	(-17.2524,21.9149,598.1262)	(10.5294,13.6203,593.9538)	(31.4558,21.3916,610.8314)	(10.4709,33.2070,594.0142)	
(-5.7083,-67.8628,593.6998)	(20.3313,-65.1387,597.5552)	(7.7755,-26.7806,598.7824)	(7.3620,-14.1156,589.8370)	(-41.0193,-48.0914,602.9724)	(-15.9297,-46.9632,604.8341)	(24.1960,-46.1929,607.6229)	(48.5627,-47.7345,617.4895)	(-21.3996,23.9906,598.1576)	(6.4100,13.6079,593.9666)	(27.0679,20.3596,609.8552)	(6.3515,33.1946,594.0412)	
(-9.8277,-67.8752,593.7311)	(16.0561,-67.0046,595.5857)	(2.5457,-25.7133,596.8250)	(1.0339,-15.1055,588.8672)	(-45.2738,-46.1675,605.0040)	(-19.0659,-45.9325,602.8594)	(20.9490,-44.0209,606.6484)	(47.3872,-47.2860,618.4856)	(-25.5496,22.9309,598.1806)	(2.2447,13.5749,592.9910)	(23.7439,21.3069,606.8796)	(2.1771,34.2193,593.0808)	
(-17.0366,-66.8722,593.7652)	(6.7031,-66.9090,594.6208)	(-5.7024,-26.8181,597.8659)	(-6.0613,-14.1295,588.9110)	(-51.6544,-46.3428,607.0386)	(-27.4432,-46.1138,604.9052)	(14.3187,-45.7540,601.6793)	(38.5176,-49.6520,614.5264)	(-30.7239,23.9185,597.2090)	(-4.9890,13.5532,593.0222)	(18.3656,22.1999,602.9500)	(-5.0105,33.1071,593.1122)	
(-29.4010,-65.8723,594.8360)	(-5.7438,-65.6884,592.7104)	(-17.1465,-25.6790,594.9270)	(-18.3004,-15.1328,586.9806)	(-61.3092,-44.4890,610.1026)	(-37.9806,-45.2420,606.9716)	(4.9194,-45.7822,601.7255)	(30.7056,-48.4466,609.5690)	(-39.0508,23.9722,599.2555)	(-15.2725,15.5326,591.0988)	(9.8803,21.1018,600.9808)	(-15.3081,33.0228,592.1578)	
(-34.5662,-64.9741,594.8676)	(-10.9020,-66.6249,591.7337)	(-23.3359,-26.7302,594.9626)	(-23.3892,-14.1262,587.0030)	(-65.6716,-44.6514,612.1234)	(-41.1640,-44.2792,607.9890)	(-1.3788,-45.7231,600.7679)	(24.0409,-51.0390,606.5860)	(-45.3827,24.0602,602.2882)	(-21.4205,14.5168,591.1286)	(4.5720,22.0211,599.0098)	(-21.4665,31.9830,592.1833)	
(-40.8083,-65.2148,596.9012)	(-17.0501,-66.7578,592.7630)	(-28.4965,-25.7162,594.9998)	(-31.5293,-14.1538,587.0622)	(-72.4264,-42.9036,617.1682)	(-47.4882,-44.2982,608.0270)	(-5.5820,-45.6576,599.7857)	(20.5963,-50.2468,602.6182)	(-49.6011,26.1814,603.3216)	(-26.5463,15.5165,592.1317)	(0.3695,21.9742,598.0144)	(-26.5984,32.9888,592.2231)	
(-44.9484,-65.2272,596.9270)	(-21.1625,-66.7702,592.7858)	(-32.6297,-25.7708,596.0068)	(-35.5934,-14.1953,588.0804)	(-74.5656,-42.9100,617.1828)	(-51.8418,-42.4146,611.0558)	(-9.7621,-46.5456,598.8092)	(16.4154,-49.9266,601.6464)	(-52.7405,26.1719,603.3404)	(-30.6550,15.5165,592.1884)	(-3.7745,20.9301,598.0473)	(-30.7102,35.0313,592.2542)	
(-51.2520,-64.3130,598.9638)	(-27.3274,-65.5249,591.8246)	(-40.9227,-25.8441,597.0568)	(-40.7738,-14.2663,590.1046)	(-79.0178,-43.0658,619.2069)	(-56.1294,-42.4987,612.0793)	(-14.9638,-45.6077,598.8379)	(10.0888,-50.7335,600.6859)	(-56.9158,24.0665,603.3578)	(-36.8332,15.5218,593.2241)	(-8.9820,21.9117,597.0703)	(-36.8885,35.0634,593.2886)	
(-58.5772,-63.5186,600.0068)	(-32.4655,-64.6349,591.8629)	(-47.1760,-24.8640,598.1054)	(-48.8482,-12.2369,590.1511)	(-83.5041,-41.0665,621.2371)	(-62.6171,-43.5735,614.1146)	(-21.1919,-45.5484,597.8727)	(4.7830,-49.7034,598.7060)	(-63.5098,26.3458,608.4011)	(-44.0846,15.5210,594.2628)	(-15.2086,21.8587,596.1103)	(-42.0576,35.1046,594.3148)	
(-65.0104,-63.7527,603.0326)	(-42.7890,-64.8878,593.9177)	(-54.5313,-23.9381,600.1358)	(-57.1500,-12.2844,591.2080)	(-90.5884,-42.5821,627.2748)	(-66.0152,-40.7430,617.1414)	(-29.5175,-43.7217,600.9264)	(-3.5638,-49.6403,597.7424)	(-70.0543,26.4530,611.4406)	(-52.3953,17.6125,596.3034)	(-23.4777,20.8057,596.1404)	(-50.3450,35.1490,595.3720)	
(-67.3224,-62.0866,606.0613)	(-46.9818,-66.0377,595.9386)	(-58.8008,-24.0828,602.1549)	(-61.3059,-13.3655,593.2312)	(-90.6926,-41.6334,628.2782)	(-68.1480,-42.8907,617.1444)	(-32.6560,-45.9015,600.9380)	(-7.7305,-50.5266,597.7738)	(-72.3329,25.3864,612.4546)	(-56.6338,15.5821,598.3272)	(-26.5724,21.7901,595.1800)	(-54.5668,35.2437,597.3918)	
(-69.4965,-62.1972,607.0730)	(-49.0885,-66.1567,596.9471)	(-63.0446,-24.2213,603.2026)	(-64.6391,-14.4598,595.2504)	(-93.0851,-41.8441,630.2908)	(-70.4334,-43.0400,619.1537)	(-34.7050,-45.7452,599.9469)	(-9.8067,-50.4462,597.7726)	(-72.1728,26.4435,611.4467)	(-58.7603,15.5966,599.3349)	(-26.5775,21.8588,597.1704)	(-56.6803,35.2437,598.3910)	
(-73.9455,-62.5227,610.0992)	(-52.2843,-65.4712,598.9638)	(-67.5082,-24.2696,607.2268)	(-68.9119,-13.5200,598.2628)	(-95.8248,-42.0549,635.3018)	(-74.9656,-43.2672,621.1836)	(-38.9149,-45.9985,601.9668)	(-14.9682,-49.6746,597.8140)	(0.0000,0.0000,-1.0000)	(-63.1002,15.6491,602.3550)	(-34.8742,21.8682,598.2210)	(-60.9528,35.3918,600.4251)	
(-78.4360,-62.8483,613.1200)	(-56.5365,-65.5948,600.9780)	(0.0000,0.0000,-1.0000)	(-72.2492,-13.5787,600.2864)	(-98.2620,-41.0161,637.3238)	(-77.3790,-41.3189,625.2052)	(-43.1164,-46.0048,602.9926)	(-20.1509,-49.6114,597.8327)	(0.0000,0.0000,-1.0000)	(-69.7229,15.7489,606.4062)	(-39.0446,21.8900,599.2398)	(-67.4011,33.4562,603.4558)	
(-80.6516,-62.9590,614.1346)	(-58.6823,-65.8233,601.9952)	(0.0000,0.0000,-1.0000)	(-74.3296,-13.5850,600.3137)	(-98.2521,-43.1534,637.3177)	(-79.6262,-43.5659,626.2056)	(-43.1164,-46.0048,602.9926)	(-22.2210,-49.6208,597.8542)	(0.0000,0.0000,-1.0000)	(-71.9043,15.7521,607.4184)	(-41.0948,21.8495,599.2384)	(-67.4042,35.5428,603.4601)	
(-78.4360,-62.8483,613.1228)	(-58.6761,-65.7122,601.9894)	(0.0000,0.0000,-1.0000)	(-76.4954,-14.3184,601.3098)	(-95.8248,-42.1230,636.2992)	(-79.7132,-43.6373,627.2058)	(-45.3072,-46.2457,606.0038)	(-24.2923,-49.6208,596.8790)	(-81.3627,23.5560,619.4888)	(-71.9106,15.7694,608.4046)	(-41.0948,21.8495,598.2611)	(-69.7092,33.6062,606.4650)	
(-80.7355,-65.1977,615.1232)	(-57.6293,-67.7919,601.9794)	(0.0000,0.0000,-1.0000)	(-74.2539,-13.5603,599.3176)	(-98.4845,-43.4392,639.3126)	(-79.8001,-43.7088,627.2087)	(-43.2091,-46.2425,604.9938)	(-24.2910,-49.6208,596.8790)	(-81.4598,23.5918,620.4984)	(-71.9138,15.7726,608.4088)	(-41.1215,21.8806,599.2570)	(-67.5348,33.5594,605.4485)	
(-78.5228,-62.9526,614.1172)	(-56.5428,-65.7060,600.9894)	(0.0000,0.0000,-1.0000)	(-74.4084,-13.5850,601.2940)	(-96.0438,-42.1910,637.3055)	(-77.4560,-43.5594,626.1920)	(-43.2390,-46.2425,605.9936)	(-22.2240,-49.6146,596.8703)	(-81.4566,23.5918,620.4968)	(-69.7292,15.7521,607.3924)	(-39.0213,21.8588,599.2354)	(-67.5317,33.4562,605.4442)	
(-80.9160,-65.4133,617.1205)	(-55.4977,-67.7856,600.9808)	(-75.3310,-29.1807,626.2468)	(-74.3327,-13.5850,601.2882)	(-96.2693,-42.3272,639.3032)	(-77.5394,-43.6308,627.1938)	(-43.2359,-46.3175,606.9920)	(-20.1427,-49.6933,597.8484)	(0.0000,0.0000,-1.0000)	(-69.7963,15.7726,608.3842)	(-39.0446,21.8900,599.2470)	(-67.6111,33.6125,606.4577)	
(-74.0990,-64.8553,613.0849)	(-52.3656,-68.5804,600.9550)	(0.0000,0.0000,-1.0000)	(-74.2816,-14.2493,627.2840)	(0.0000,0.0000,-1.0000)	(-75.3689,-43.6275,627.1833)	(-36.9025,-46.2204,605.9573)	(-14.9651,-49.6808,597.8228)	(0.0000,0.0000,-1.0000)	(-65.5136,15.7616,607.3604)	(-34.8742,21.8713,598.2267)	(-63.2164,33.4625,603.4284)	
(-67.5942,-64.6207,610.0554)	(-49.2491,-65.6840,600.9462)	(0.0000,0.0000,-1.0000)	(-65.6707,-14.4893,596.2592)	(-91.4220,-42.0384,636.2748)	(-69.7886,-43.4651,625.1514)	(-35.8697,-47.2626,606.9513)	(-9.7782,-48.6243,598.7949)	(-75.0914,24.6202,621.4616)	(-61.1790,13.6300,605.3276)	(-30.7272,21.8806,598.1978)	(-58.9786,33.4250,602.4046)	
(-63.2390,-64.3926,608.0321)	(-42.9317,-67.5222,598.9036)	(0.0000,0.0000,-1.0000)	(0.0000,0.0000,-1.0000)	(0.0000,0.0000,-1.0000)	(-67.4116,-45.4031,622.1302)	(-31.6604,-46.2827,606.9264)	(-5.6050,-47.6555,598.7749)	(-72.8519,20.3543,620.4375)	(-56.8288,13.5816,602.3075)	(-27.6064,20.8289,597.1834)	(-56.8881,33.3781,602.3888)	
(-61.1246,-66.4965,608.0090)	(-38.7549,-67.3952,597.8838)	(0.0000,0.0000,-1.0000)	(0.0000,0.0000,-1.0000)	(-84.2418,-46.0544,629.2214)	(-60.8271,-45.2340,620.0944)	(-25.3383,-48.0442,602.8856)	(0.6321,-49.7127,598.7262)	(-68.5592,22.3238,620.4182)	(-52.5263,13.5362,600.2737)	(-23.4751,20.8057,597.1547)	(-52.5853,33.2873,599.3771)	
(-55.7534,-66.9652,605.9828)	(-31.4699,-69.2100,595.8358)	(-47.5323,-28.4717,608.0844)	(-48.0860,-16.4159,594.1390)	(-79.7067,-45.8132,627.1969)	(-56.3698,-47.1380,617.0618)	(-19.0690,-48.0254,602.8509)	(5.8277,-50.6594,598.7102)	(-61.6870,22.2406,613.3746)	(-45.2109,12.4999,598.2386)	(-15.2055,21.8587,596.1245)	(-44.1690,31.0838,596.3128)	
(-47.1988,-67.8782,601.9274)	(-24.2336,-69.1883,595.7930)	(-36.8383,-28.0500,600.0352)	(-41.0302,-17.6499,600.0967)	(-75.1927,-47.8194,623.1662)	(-49.7912,-46.8058,613.0251)	(-11.7543,-48.9603,602.8089)	(14.2566,-49.8449,600.6485)	(-56.2749,21.2191,611.3486)	(-36.8772,13.5156,596.1865)	(-6.9663,19.7839,595.0676)	(-36.9022,31.0059,595.2625)	
(-38.7777,-67.5097,598.8807)	(-15.9672,-69.1634,595.7374)	(-29.5761,-28.2780,602.9758)	(0.0000,0.0000,-1.0000)	(-68.3441,-47.4083,620.1244)	(-43.3255,-46.5521,609.9932)	(-3.3911,-47.9782,602.7583)	(22.6774,-49.9862,601.6232)	(-49.9132,22.2660,611.3048)	(-28.6079,13.5088,595.1407)	(-1.8473,20.8382,595.0304)	(-28.6694,31.1304,596.2228)	
(-25.2762,-67.1258,595.8072)	(-1.5888,-66.8257,593.6770)	(-15.0437,-27.8384,596.9009)	(-16.1992,-16.2016,589.9433)	(-58.4008,-46.9879,615.0736)	(-31.6713,-46.3545,606.9396)	(8.1146,-45.8507,602.7090)	(34.6416,-48.1869,606.5481)	(-39.2077,22.1298,606.2462)	(-15.2334,13.5192,593.0664)	(10.7433,22.0054,597.9612)	(-15.2917,33.0700,593.1565)	
(-17.0232,-66.9865,594.7620)	(8.7663,-66.9090,594.6193)	(-5.7346,-25.7413,596.8678)	(-5.9586,-14.1295,588.9306)	(-49.7075,-48.6883,610.0210)	(-23.2537,-45.9482,602.8884)	(16.6743,-43.9560,605.6635)	(42.2154,-47.1941,608.5185)	(-30.7651,22.0210,602.2044)	(-7.0387,13.5326,593.0152)	(17.9320,21.9895,596.9513)	(-7.0698,33.0506,593.1068)	
(-5.7346,-67.7467,593.6969)	(20.1800,-64.9142,595.5542)	(6.5269,-25.6045,594.7843)	(5.1591,-14.0175,586.8341)	(-38.9974,-48.3300,605.9602)	(-14.9073,-45.8481,601.8426)	(26.2916,-44.0731,607.6112)	(51.0396,-44.3037,611.4979)	(-21.3902,21.9462,599.1492)	(4.2516,13.5604,591.9712)	(25.3356,23.1262,599.8932)	(2.0948,32.0022,591.0640)	
(4.5405,-66.6959,592.6492)	(27.5102,-66.0423,597.5108)	(13.8009,-26.6154,594.7600)	(13.4511,-16.0861,587.8111)	(-33.7301,-48.2326,604.9314)	(-7.5954,-45.8230,601.8064)	(34.8313,-44.1285,608.5739)	(59.1463,-44.8655,617.4096)	(-15.1726,21.9336,598.1147)	(10.4100,13.5789,591.9329)	(32.8990,23.2935,604.8452)	(10.2921,33.0464,591.0214)	
(11.7961,-65.7484,593.6128)	(35.9811,-63.1298,598.4911)	(24.3637,-25.6930,597.6910)	(22.7320,-14.0694,589.7578)	(-26.3721,-50.0521,602.8828)	(0.6686,-45.6388,599.7670)	(40.4142,-43.2010,611.5536)	(63.8374,-42.7041,619.4028)	(-8.9521,21.9524,598.0830)	(17.6604,14.6790,592.9069)	(39.1611,23.3124,604.8061)	(17.5304,34.1551,591.9887)	
(22.2435,-64.9080,595.5426)	(45.7896,-64.4648,602.4322)	(31.7155,-26.7556,598.6617)	(32.9756,-14.0677,590.7006)	(-14.9514,-49.7658,598.8236)	(8.0597,-46.8175,602.7032)	(47.1308,-42.3953,614.4967)	(70.1172,-41.9636,626.3830)	(-2.7346,22.9995,598.0500)	(28.1197,15.7589,594.8436)	(45.0596,22.4614,607.7959)	(25.9125,35.3152,593.9414)	
(27.5855,-66.0423,597.5192)	(50.4735,-63.9431,606.4018)	(40.3419,-23.7301,601.6090)	(38.5280,-14.1268,593.6645)	(-11.8267,-50.7031,598.8036)	(14.3187,-45.7602,601.6908)	(53.0864,-43.6737,619.4712)	(75.4051,-41.3368,631.3610)	(6.5963,21.9898,597.9942)	(33.4730,14.8156,596.8200)	(49.3976,23.5228,609.7512)	(32.2833,35.4449,595.9165)	
(31.7480,-67.1894,597.5022)	(56.1298,-63.0879,610.3592)	(43.5864,-24.9012,604.5966)	(45.7397,-14.1889,596.6338)	(-5.5988,-49.7377,598.7692)	(18.5592,-45.8161,602.6310)	(57.7798,-40.7738,622.4384)	(78.0851,-41.5286,634.3332)	(10.8030,22.0336,598.9710)	(39.8993,15.8901,598.7831)	(54.0069,23.6813,613.7255)	(37.6589,35.5778,597.8845)	
(38.3855,-67.6146,601.4380)	(60.7816,-62.4297,613.3278)	(50.3540,-23.9151,606.5586)	(51.4126,-15.2646,598.6036)	(0.6259,-49.7190,598.7347)	(24.1153,-47.0919,607.6128)	(60.3509,-40.9692,625.4338)	(80.9479,-41.7909,641.3050)	(13.9184,21.0159,598.9538)	(45.4449,15.9755,602.7436)	(56.2674,24.7433,614.7234)	(42.0349,33.6221,599.8552)	
(40.5751,-67.7256,602.4296)	(65.9015,-63.0385,618.3188)	(0.0000,0.0000,-1.0000)	(56.8799,-16.3700,601.5522)	(4.7861,-49.7065,598.7132)	(25.1582,-48.2154,607.5968)	(64.1677,-42.2560,631.3988)	(0.0000,0.0000,-1.0000)	(20.2183,22.0963,599.9206)	(50.2408,13.9581,606.7226)	(57.1993,22.7016,614.7014)	(45.3950,33.7389,601.8414)	
(43.9449,-68.7689,605.4090)	(67.1291,-65.2873,619.3056)	(0.0000,0.0000,-1.0000)	(58.0626,-17.4116,601.5522)	(7.9046,-50.7304,598.6959)	(28.4091,-47.2353,608.5886)	(64.1742,-44.3696,629.4131)	(82.3830,-42.9652,640.3231)	(21.3355,21.0706,599.9091)	(52.4725,14.0333,607.7090)	(59.3180,20.5770,614.6955)	(49.9340,32.9210,604.8054)	
(43.9449,-68.7689,605.4032)	(66.9905,-66.1521,620.2867)	(0.0000,0.0000,-1.0000)	(58.9638,-14.2422,600.5428)	(7.9533,-50.7304,598.6959)	(30.5203,-47.2289,608.5930)	(64.4565,-42.3283,632.4040)	(82.3929,-42.9686,641.3066)	(21.3355,21.0706,599.9091)	(54.7111,14.0605,608.6924)	(0.0000,0.0000,-1.0000)	(49.9340,32.9210,604.8054)	
(46.2768,-68.1661,606.3977)	(67.1259,-64.1126,620.3043)	(0.0000,0.0000,-1.0000)	(0.0000,0.0000,-1.0000)	(7.9533,-50.7304,599.6908)	(30.6114,-46.2517,609.5616)	(66.6508,-44.5047,632.3872)	(82.3863,-42.9652,640.3247)	(23.3514,21.0675,599.8976)	(56.9566,14.0878,610.6662)	(0.0000,0.0000,-1.0000)	(52.1650,30.8726,605.7776)	
(44.0585,-69.0005,605.4161)	(67.1355,-66.2609,620.3103)	(0.0000,0.0000,-1.0000)	(58.0626,-17.4116,601.5522)	(7.9078,-50.7304,598.6959)	(30.7872,-46.4041,610.5608)	(64.1840,-44.4421,631.4004)	(83.5074,-43.2965,642.3100)	(23.3452,21.0409,599.8846)	(54.7111,14.0605,608.6995)	(61.8656,20.6773,617.6774)	(49.6933,30.8178,604.7910)	
(43.9449,-68.7689,605.4118)	(67.1355,-66.2609,620.3000)	(0.0000,0.0000,-1.0000)	(58.0563,-18.3344,631.5038)	(7.9533,-50.7304,599.6923)	(28.4154,-47.3117,609.5776)	(64.4598,-44.5113,632.3934)	(82.5567,-43.0375,642.2902)	(21.3355,21.0675,599.9091)	(54.7111,14.0605,608.7038)	(59.3243,20.6083,616.6899)	(49.6901,32.8690,604.7882)	
(44.0585,-69.0005,605.4161)	(67.1355,-66.3664,620.3000)	(0.0000,0.0000,-1.0000)	(0.0000,0.0000,-1.0000)	(6.8662,-49.7913,599.6980)	(28.4936,-47.2353,609.5733)	(64.4565,-44.5113,631.4216)	(81.4406,-44.0757,642.2992)	(21.3355,21.0409,598.9108)	(54.7111,14.0605,608.6936)	(0.0000,0.0000,-1.0000)	(49.9340,30.8178,604.7898)	
(44.0648,-71.2196,606.4008)	(67.1355,-66.2609,620.3000)	(0.0000,0.0000,-1.0000)	(57.7812,-18.3653,632.5030)	(6.8631,-49.7034,598.7016)	(28.4999,-46.2580,609.5733)	(64.1807,-44.5113,631.3960)	(0.0000,0.0000,-1.0000)	(21.3355,21.0738,599.9091)	(54.7111,14.0605,608.7038)	(59.5928,20.6741,617.6790)	(49.9403,30.8663,605.7892)	
(41.8472,-69.0037,605.4276)	(65.9175,-65.1867,618.3246)	(0.0000,0.0000,-1.0000)	(61.9183,-18.2757,631.5038)	(4.7923,-49.7065,598.7146)	(26.3915,-46.2675,609.5850)	(63.0822,-43.4149,629.4026)	(81.2852,-44.2137,642.3055)	(21.2679,21.0613,599.9062)	(52.5996,14.0542,608.7040)	(0.0000,0.0000,-1.0000)	(49.9403,30.8663,605.7964)	
(38.7006,-67.9600,604.4434)	(61.3334,-64.9823,616.3214)	(56.1037,-29.0820,626.5118)	(57.2952,-19.3231,627.5540)	(0.6290,-47.6399,598.7432)	(22.0880,-47.1779,608.6236)	(60.5064,-45.3949,626.4314)	(77.6317,-45.1270,638.3408)	(18.0662,22.0586,598.9323)	(48.0098,13.0101,606.7298)	(55.4656,20.6580,618.7124)	(44.3420,33.6789,601.8243)	
(34.2109,-67.6397,601.4912)	(54.2795,-67.5429,611.3626)	(47.6708,-26.6597,619.5714)	(48.7198,-18.0015,620.5836)	(-7.6758,-49.7440,598.7806)	(18.9164,-46.2024,607.6318)	(55.5070,-45.0302,621.4424)	(0.0000,0.0000,-1.0000)	(12.7506,21.9708,596.9600)	(42.6485,13.9423,604.7702)	(56.2485,20.7766,624.6940)	(39.1330,33.6633,602.8412)	
(24.5639,-67.3254,598.5443)	(46.2705,-63.9590,606.4396)	(36.1260,-27.3094,612.6242)	(37.2597,-17.7916,612.6750)	(-14.9514,-49.7658,598.8236)	(10.3739,-46.0782,605.6941)	(47.1436,-44.5425,614.5100)	(0.0000,0.0000,-1.0000)	(2.3118,21.8770,595.0174)	(31.7861,12.8290,601.8108)	(47.8875,21.5647,616.7506)	(31.6328,32.6015,601.9006)	
(11.9846,-68.1642,596.6090)	(36.3935,-65.6421,602.4613)	(23.7300,-26.9239,605.6946)	(0.0000,0.0000,-1.0000)	(-26.3677,-49.8821,599.8838)	(-1.2187,-46.0381,604.7674)	(38.3050,-45.3944,611.5495)	(61.8556,-46.1757,627.3868)	(-6.9755,21.8429,595.0688)	(19.9485,13.6896,595.8790)	(39.0648,20.5506,614.7886)	(19.8898,32.4177,596.9608)	
(2.5768,-66.9276,594.6565)	(27.8486,-66.3827,600.5138)	(14.2626,-27.9937,601.7463)	(12.6814,-17.3000,594.7939)	(-35.7652,-50.0804,601.9352)	(-9.6189,-46.0602,604.8050)	(30.6993,-44.2124,609.5922)	(53.7209,-46.0400,628.4458)	(-17.2752,21.8524,596.1260)	(10.5294,13.6203,593.9466)	(31.4558,21.3916,609.8566)	(10.4709,33.2070,594.0085)	
(-5.6758,-67.9788,594.6992)	(20.3405,-67.2175,597.5568)	(6.7449,-27.8184,597.7886)	(5.2676,-16.1728,589.8456)	(-41.0193,-48.0914,602.9724)	(-16.9751,-46.0855,604.8414)	(24.1960,-46.1960,607.6186)	(49.5200,-46.8941,616.4860)	(-21.4055,23.9781,598.1576)	(4.3010,13.5810,592.9710)	(25.6803,21.1755,606.8679)	(4.2426,33.1349,593.0496)	
(-10.8606,-64.7949,593.7440)	(11.9136,-65.8640,595.6056)	(0.4330,-25.6713,595.8338)	(-0.9986,-15.0807,586.8792)	(-47.4020,-48.3552,606.0068)	(-23.2506,-46.0949,604.8704)	(18.8443,-46.1308,606.6426)	(42.6652,-46.5278,612.5252)	(-26.5863,23.9656,598.1863)	(-1.8678,12.5395,592.9982)	(22.6951,22.2816,604.9062)	(-2.0038,32.0417,592.0796)	
(-17.0428,-64.8104,593.7710)	(6.6970,-64.8469,594.6364)	(-5.7024,-26.8212,597.8702)	(-6.0291,-14.1587,589.9162)	(-53.8061,-46.4274,608.0503)	(-27.4535,-44.0887,605.9120)	(12.2775,-43.7452,602.6930)	(38.4113,-47.4485,614.5308)	(-32.8069,23.9531,598.2207)	(-7.0145,15.6053,593.0378)	(16.2717,22.1936,602.9516)	(-7.0729,35.1592,593.1179)	
(-27.3451,-65.8661,594.8261)	(-1.6282,-64.7578,593.6740)	(-15.0833,-25.6821,595.9082)	(-18.3004,-15.1358,587.9748)	(-61.3622,-46.6844,611.0912)	(-35.8759,-45.1593,606.9599)	(5.9211,-46.7379,601.7198)	(32.9057,-46.4009,610.5738)	(-40.0892,25.0054,599.2655)	(-17.3218,15.5203,591.1144)	(8.8383,22.1465,601.9748)	(-15.3142,35.0776,592.1676)	
(-36.6487,-65.0913,595.8786)	(-10.9082,-64.5700,591.7408)	(-25.3997,-26.7896,596.9666)	(-27.4652,-14.1909,589.0296)	(-67.8631,-44.7327,613.1353)	(-43.2720,-44.2855,608.0006)	(-1.4510,-45.5671,598.7646)	(24.1185,-47.0919,608.5974)	(-47.4392,26.0705,602.3084)	(-24.4935,15.5288,592.1500)	(1.4503,23.0544,600.0112)	(-24.5518,35.0498,592.2231)	
(-44.9878,-63.2627,597.9324)	(-21.1656,-64.8166,593.7824)	(-34.6925,-23.6696,595.0410)	(-35.5995,-12.1482,588.0775)	(-74.6456,-42.9815,618.1830)	(-51.8355,-44.5352,611.0471)	(-9.7621,-46.5456,598.8092)	(16.4715,-45.8256,602.6627)	(-52.6947,26.1340,603.3377)	(-32.7244,15.5458,593.1957)	(-6.8878,21.9617,598.0716)	(-32.7660,35.0252,592.2727)	
(-52.3359,-63.4998,599.9738)	(-28.3594,-66.7918,592.8286)	(-45.1024,-25.9534,599.0655)	(-44.7742,-12.2079,589.1454)	(-81.4350,-43.2866,622.2196)	(-58.3594,-42.6478,613.0940)	(-17.0418,-45.5359,598.8479)	(8.0049,-48.6607,601.6896)	(-61.2762,24.1667,606.3797)	(-43.0530,14.5184,595.2318)	(-13.1252,23.9652,598.1060)	(-42.0638,35.1077,594.3217)	
(-60.8351,-63.8478,603.0180)	(-36.6099,-64.8693,593.8808)	(-52.4964,-23.9738,601.1144)	(-54.2222,-13.3532,593.1971)	(-86.1371,-43.5887,626.2416)	(-64.9393,-43.7991,617.1267)	(-25.3435,-45.7951,600.8948)	(0.5894,-47.5647,597.7594)	(-68.0059,26.4973,612.4296)	(-48.2590,15.5563,596.2764)	(-21.4117,23.9087,597.1518)	(-48.2818,35.1552,596.3427)	
(-60.8351,-61.6507,603.0180)	(-38.6696,-64.8754,593.8907)	(-54.5834,-23.9801,601.1302)	(-54.1731,-13.3285,592.2026)	(-88.3074,-43.5920,626.2566)	(-63.7506,-42.8843,615.1222)	(-27.4274,-45.8014,599.9082)	(-1.4841,-47.5709,598.7347)	(-67.7896,24.2605,609.4192)	(-50.3586,15.5677,597.2697)	(-21.4086,23.9465,597.1632)	(-50.4174,35.2499,597.3546)	
(-65.1551,-61.9760,605.0525)	(-42.8188,-64.9989,594.9132)	(-56.7166,-24.0283,602.1434)	(-58.3937,-13.4086,595.1990)	(-90.7968,-41.6302,629.2755)	(-68.1480,-42.8907,615.1471)	(-31.5905,-44.6119,599.9397)	(-5.6112,-47.6524,598.7662)	(-69.7606,26.2857,607.4327)	(-54.5479,15.5821,598.3014)	(-25.5487,22.9403,598.1690)	(-52.4998,35.2499,598.3608)	
(-74.0254,-62.6269,611.0964)	(-52.2843,-65.4712,598.9638)	(-69.7529,-24.3599,609.2128)	(-71.1385,-13.5787,600.2907)	(-98.4812,-43.2232,639.3126)	(-77.4560,-45.3509,626.1936)	(-38.8888,-45.8359,600.9698)	(-12.8806,-47.6836,598.8222)	(0.0000,0.0000,-1.0000)	(-67.4910,15.7141,605.3882)	(-34.9132,24.0193,600.2313)	(-65.3134,35.5460,603.4485)	
(-80.9224,-63.2720,617.1322)	(-58.6823,-65.8233,602.0008)	(0.0000,0.0000,-1.0000)	(-78.7568,-13.6717,603.3178)	(-98.5991,-42.4700,640.3159)	(-79.8001,-43.7088,628.2031)	(-45.2801,-44.0676,605.0140)	(-23.2623,-47.6302,597.8800)	(-82.0628,20.1755,615.4876)	(-74.0250,14.7676,608.4248)	(-43.2287,21.9117,600.2703)	(-71.8872,32.6478,607.4774)	
(-83.2427,-65.6353,619.1354)	(-60.8288,-65.9408,603.0110)	(0.0000,0.0000,-1.0000)	(-79.0138,-15.8492,606.3047)	(-98.7137,-42.5380,641.3164)	(-82.1580,-43.8582,630.2185)	(-47.4514,-44.2234,607.0283)	(-27.4094,-48.6742,597.9001)	(0.0000,0.0000,-1.0000)	(-76.3717,14.8051,611.4209)	(-45.3428,21.9365,601.2822)	(-74.0786,34.8065,608.5012)	
(-81.0127,-63.3763,618.1322)	(-61.9866,-68.0336,605.0022)	(-77.1496,-26.5772,611.2542)	(-78.7600,-13.6717,603.3380)	(-98.7137,-42.4666,642.3137)	(-79.8870,-43.7802,629.2033)	(-47.4514,-44.2234,607.0240)	(-25.3358,-47.6364,597.8929)	(-82.0692,22.2758,615.4992)	(-76.3654,12.6776,611.4122)	(-45.3428,20.8967,601.2822)	(-74.0754,32.6929,608.4940)	
(-85.4859,-65.7496,620.1502)	(-61.9866,-68.2628,605.0093)	(0.0000,0.0000,-1.0000)	(-85.9876,-16.9308,635.3448)	(-98.7137,-42.4666,642.3137)	(-82.3388,-44.0011,632.2190)	(-49.5900,-46.4147,608.0270)	(-27.4133,-48.6742,598.8968)	(0.0000,0.0000,-1.0000)	(-76.3717,13.6732,611.4209)	(-47.4267,20.8967,601.2936)	(-74.0754,32.6929,608.4940)	
(-83.2427,-65.6353,619.1382)	(-62.0475,-68.2628,606.0020)	(0.0000,0.0000,-1.0000)	(-81.0258,-16.6838,607.3066)	(-98.7070,-44.6910,641.3102)	(-82.4291,-44.0726,633.2192)	(-47.4451,-46.3302,607.0154)	(-27.4133,-48.6742,598.8968)	(0.0000,0.0000,-1.0000)	(-76.3749,13.6902,611.4252)	(-47.4267,20.8873,601.2952)	(-74.0754,32.6929,608.4940)	
(-83.3364,-65.7431,620.1326)	(-59.7741,-68.0274,602.9978)	(0.0000,0.0000,-1.0000)	(-78.9250,-15.8179,603.3294)	(-98.8216,-44.8374,642.3046)	(-79.8870,-43.7802,629.2062)	(-47.4083,-46.2520,606.0154)	(-25.3363,-47.7180,598.8839)	(0.0000,0.0000,-1.0000)	(-76.3717,13.6902,611.4209)	(-45.3092,20.8936,600.2818)	(-74.0754,32.6478,608.4912)	
(-83.3364,-65.7431,620.1355)	(-59.7741,-68.0274,602.9978)	(0.0000,0.0000,-1.0000)	(-83.6907,-19.0312,634.3247)	(-98.7103,-45.7232,641.3118)	(-79.9739,-43.8517,630.2036)	(-47.4451,-46.3302,607.0154)	(-25.3363,-47.7180,598.8884)	(0.0000,0.0000,-1.0000)	(-76.4491,13.7244,612.4128)	(-45.3092,20.8704,600.2818)	(-74.0754,32.6929,608.4940)	
(-83.4301,-65.8509,621.1327)	(-57.6927,-67.2066,602.9920)	(0.0000,0.0000,-1.0000)	(-82.5078,-17.7457,633.3272)	(-98.7137,-44.6910,641.3164)	(-77.7063,-43.7736,629.1912)	(-47.4819,-46.4084,608.0152)	(-23.2593,-47.7117,598.8739)	(0.0000,0.0000,-1.0000)	(-76.4586,13.7275,612.4258)	(-44.2690,20.8704,600.2760)	(-70.8412,33.6562,607.4802)	
(-76.4742,-65.1849,615.1040)	(-56.7423,-69.0581,604.9775)	(0.0000,0.0000,-1.0000)	(-77.8648,-18.7026,630.2974)	(0.0000,0.0000,-1.0000)	(-76.6977,-44.7821,630.1883)	(-41.1312,-46.3112,606.9804)	(-19.1085,-47.6992,598.8509)	(0.0000,0.0000,-1.0000)	(-72.1285,13.7200,611.3888)	(-41.1483,21.9180,600.2530)	(-70.8286,30.5440,607.4657)	
(-76.6377,-65.4004,617.0996)	(-52.4047,-69.9802,601.9462)	(0.0000,0.0000,-1.0000)	(-76.7728,-19.7859,630.2913)	(-93.7179,-47.6307,636.2748)	(-74.2658,-46.5687,627.1652)	(-39.0036,-46.2267,606.9660)	(-14.9452,-47.6868,598.8352)	(0.0000,0.0000,-1.0000)	(-68.7359,11.5586,608.3698)	(-39.0446,21.8900,599.2412)	(-65.3072,33.4625,603.4427)	
(-69.8552,-64.8425,612.0671)	(-52.4563,-68.0054,602.9546)	(-71.0604,-29.4677,627.2156)	(-73.1899,-17.5066,629.2652)	(-91.6238,-44.6776,637.2661)	(-72.0237,-45.7155,626.1546)	(-37.9648,-49.3721,606.9528)	(-12.8854,-49.6746,597.8155)	(0.0000,0.0000,-1.0000)	(-65.5105,13.6548,607.3561)	(-34.8680,19.7894,598.2152)	(-64.2586,30.4191,603.4298)	
(-65.4729,-66.7315,610.0322)	(-42.9348,-67.5222,598.9079)	(-61.7784,-28.9984,618.1602)	(-63.0086,-16.1989,619.2266)	(-86.9220,-44.9612,633.2451)	(-65.1906,-45.3218,621.1182)	(-29.5484,-46.1983,605.9166)	(-5.6312,-49.6528,597.7696)	(-73.0057,20.4156,622.4386)	(-56.8382,13.5848,602.3204)	(-26.5724,21.7901,595.1773)	(-54.7914,31.3481,602.3644)	
(-55.7597,-67.3100,605.9816)	(-33.5569,-69.3342,596.8584)	(-49.8388,-28.7221,613.0920)	(-51.9711,-15.9700,612.1674)	(-79.6198,-46.5882,626.1967)	(-56.2749,-44.8471,615.0721)	(-21.1564,-45.9419,602.8783)	(4.7365,-49.6278,597.7208)	(-64.1276,22.3708,618.3860)	(-47.3647,12.5620,601.2452)	(-17.3012,21.7837,594.1216)	(-47.5322,33.5128,603.3373)	
(-42.9677,-65.5542,599.9120)	(-21.1430,-67.1134,595.7844)	(-34.7870,-28.1412,602.0050)	(0.0000,0.0000,-1.0000)	(-72.8027,-45.4193,622.1630)	(-47.5986,-44.5908,612.0177)	(-9.6698,-45.9042,602.8074)	(16.2781,-47.6807,599.6764)	(-54.1533,22.2533,611.3297)	(-34.8066,13.5075,595.1976)	(-5.9470,20.8258,595.0602)	(-34.8590,33.1241,595.2723)	
(-36.7070,-65.4244,598.8777)	(-10.8337,-66.9679,594.7278)	(-27.4772,-28.0218,599.9934)	(-29.5215,-17.3235,591.0210)	(-67.2014,-48.2344,619.1212)	(-41.2137,-46.5489,609.9784)	(-1.3065,-45.8790,602.7596)	(23.7211,-48.8599,602.6122)	(-47.7300,24.3208,609.3053)	(-26.5452,13.5057,594.1391)	(2.3149,21.8770,595.0316)	(-24.5440,33.0986,594.2038)	
(-27.3467,-68.1601,596.8153)	(-3.6486,-66.8319,593.6884)	(-17.1465,-25.6821,594.9356)	(-18.2775,-15.1266,586.9790)	(-58.3467,-46.9097,614.0708)	(-33.8000,-44.3253,608.9362)	(6.0175,-46.8972,602.7206)	(32.5244,-46.0865,606.5568)	(-39.1378,22.0301,603.2509)	(-17.3027,13.5018,592.1018)	(10.7433,22.0054,597.9670)	(-17.3609,33.0228,592.1747)	
(-19.0863,-66.9927,594.7734)	(6.6970,-64.8500,594.6392)	(-6.8673,-25.6511,594.8700)	(-10.0826,-14.1156,587.9534)	(-49.6705,-46.5712,610.0268)	(-25.3523,-44.0855,605.9019)	(14.5079,-43.8910,604.6890)	(37.7954,-47.1272,607.5224)	(-32.8716,24.1356,603.2220)	(-9.0915,13.5172,592.0324)	(13.7209,20.9503,596.9342)	(-9.1497,33.0351,592.1266)	
(-7.7710,-65.8072,593.7196)	(16.0437,-64.8252,594.5906)	(2.4996,-25.6682,595.8181)	(1.1698,-14.1110,588.8672)	(-43.2956,-46.4739,608.9918)	(-16.9947,-45.8450,601.8440)	(21.9950,-44.9188,606.6439)	(48.7972,-44.2390,610.5062)	(-25.5529,24.1199,602.1814)	(0.0975,14.5755,591.0138)	(23.1751,23.0837,597.9094)	(0.0455,32.0386,591.0780)	
(4.5436,-66.8009,593.6287)	(29.6652,-66.0423,597.5064)	(15.9326,-25.6309,595.7480)	(15.4224,-14.0130,586.8128)	(-31.6324,-48.2263,604.9198)	(-5.5497,-45.7356,600.7752)	(34.8282,-44.1285,608.5739)	(58.8647,-43.4336,616.4341)	(-15.1562,21.9680,599.1176)	(12.4628,13.5851,591.9428)	(32.6019,22.2187,601.8362)	(12.3354,35.1070,591.0199)	
(15.9186,-66.7731,593.5802)	(40.2435,-63.2151,599.4571)	(27.4802,-25.6836,597.6780)	(26.7432,-14.0510,589.7182)	(-21.1758,-47.7870,599.8636)	(3.8788,-46.7535,601.7428)	(44.7715,-42.2632,612.5132)	(67.3546,-43.7767,621.3872)	(-6.8878,21.9179,597.0730)	(21.7729,15.6919,592.8842)	(41.6780,23.4279,606.7978)	(21.6359,35.1857,592.9502)	
(22.2435,-64.9080,595.5412)	(45.7896,-64.4648,602.4278)	(31.6148,-24.6302,597.6694)	(31.0238,-14.0708,590.7062)	(-18.0437,-49.7721,599.8378)	(8.0049,-46.6613,601.7039)	(47.1308,-42.3953,614.4952)	(70.1140,-41.9603,626.3636)	(-2.7377,22.9727,598.0500)	(28.0306,15.7347,593.8526)	(46.1073,24.5716,607.7886)	(25.9125,35.3152,593.9356)	
(27.5948,-66.1516,597.5250)	(52.7055,-61.9401,607.4166)	(40.2337,-23.7012,600.6285)	(40.5911,-14.1206,593.6588)	(-9.7528,-50.7835,598.7921)	(14.3031,-43.6677,601.6894)	(53.0864,-41.5980,619.4799)	(72.7524,-41.2023,633.3404)	(4.5227,21.9898,598.0057)	(33.3753,14.8156,596.8142)	(50.2062,25.5931,607.7566)	(32.2864,35.4480,595.9051)	
(34.0084,-67.2973,599.4630)	(58.5138,-65.4096,611.3478)	(48.2557,-26.0282,606.5644)	(49.0882,-15.2339,597.5901)	(-1.4479,-49.7252,598.7462)	(19.6109,-46.7861,604.6483)	(58.0448,-40.9084,624.4467)	(78.0884,-41.5286,634.3438)	(11.7832,20.9769,597.9655)	(41.9763,15.8964,598.7846)	(55.1983,22.7331,614.7190)	(39.8403,35.6412,598.8583)	
(38.2805,-67.5099,600.4633)	(63.1898,-64.7585,614.3104)	(51.5350,-26.0668,607.5448)	(53.4896,-14.2157,598.5806)	(0.6290,-49.7190,598.7347)	(24.0377,-46.8532,606.6280)	(62.7968,-41.0972,627.4197)	(78.2437,-41.7876,638.3360)	(15.9923,22.0524,598.9423)	(46.4824,15.9818,601.7442)	(56.1320,23.6845,613.7094)	(42.0349,33.6221,599.8452)	
(41.6268,-68.7720,604.4116)	(65.9015,-63.0385,618.3084)	(54.8247,-26.1886,610.5288)	(57.9187,-14.2610,601.5407)	(6.8662,-49.7002,598.7002)	(27.2754,-47.1589,607.5851)	(64.1775,-42.3217,631.4094)	(81.2719,-41.8581,641.3096)	(20.1556,22.0963,599.9206)	(49.9873,15.0884,606.7168)	(56.9219,22.5562,613.6976)	(47.5962,32.8627,602.8252)	
(46.2768,-68.1693,606.4079)	(67.2708,-64.2180,621.3032)	(0.0000,0.0000,-1.0000)	(0.0000,0.0000,-1.0000)	(7.9626,-50.8170,599.6953)	(30.5203,-46.4009,607.5879)	(66.9302,-42.5288,633.4103)	(84.1693,-41.0650,645.3095)	(23.4256,21.0769,600.8885)	(54.7111,14.0605,608.6967)	(59.1743,22.6321,616.6840)	(50.0576,32.9730,605.8064)	
(46.2768,-68.1724,606.4094)	(67.2676,-64.2147,621.3032)	(0.0000,0.0000,-1.0000)	(0.0000,0.0000,-1.0000)	(10.0306,-49.7788,599.6808)	(32.9057,-46.4756,610.5694)	(64.5977,-42.4663,633.4074)	(81.6026,-41.9926,644.3122)	(25.4319,21.0800,599.8903)	(56.9566,14.0878,609.6872)	(0.0000,0.0000,-1.0000)	(52.1525,33.9126,605.7848)	
(46.2768,-68.1693,606.4064)	(70.0336,-64.4221,624.2964)	(0.0000,0.0000,-1.0000)	(0.0000,0.0000,-1.0000)	(10.0337,-49.7788,599.6823)	(32.9120,-46.4009,610.5694)	(64.5977,-42.4663,633.4118)	(81.6060,-41.0650,644.3060)	(23.3514,21.0738,599.8976)	(57.0906,14.1087,610.6676)	(0.0000,0.0000,-1.0000)	(52.2920,31.9197,606.7670)	
(46.2768,-68.1756,606.4208)	(70.0401,-66.5808,624.2875)	(0.0000,0.0000,-1.0000)	(0.0000,0.0000,-1.0000)	(9.9847,-49.7788,599.6793)	(30.5235,-48.2091,610.5855)	(64.4598,-44.5113,632.4100)	(0.0000,0.0000,-1.0000)	(25.4319,21.0800,599.8860)	(56.9566,14.0878,609.6872)	(0.0000,0.0000,-1.0000)	(52.2920,31.9197,606.7713)	
(44.1785,-70.2855,606.4122)	(70.0401,-66.5808,625.2669)	(0.0000,0.0000,-1.0000)	(0.0000,0.0000,-1.0000)	(7.9564,-50.8170,599.6938)	(30.7904,-46.4073,610.5811)	(64.4598,-44.5113,632.4161)	(82.7171,-43.1065,642.3146)	(23.3514,21.0738,599.8976)	(54.8417,14.0814,609.6989)	(59.3212,20.6709,616.7002)	(52.1587,33.9727,605.7948)	
(44.1722,-68.2833,606.4152)	(67.2805,-66.3697,622.2931)	(0.0000,0.0000,-1.0000)	(58.0563,-18.3963,633.5020)	(5.9211,-50.7335,599.7038)	(28.4967,-47.3117,609.5980)	(64.4631,-44.5146,632.3994)	(81.6060,-44.1497,642.3224)	(23.3514,21.0706,599.8976)	(54.8417,14.0814,609.6989)	(59.5992,20.6709,617.6746)	(52.2920,34.0264,607.7752)	
(42.0676,-69.1226,606.4266)	(66.0575,-65.2906,619.3028)	(58.5358,-28.1272,629.4955)	(0.0000,0.0000,-1.0000)	(5.8759,-50.7335,599.6996)	(28.6783,-46.4201,610.6031)	(63.0822,-43.4149,629.4042)	(80.0039,-43.0375,640.3292)	(21.1940,21.0284,598.9094)	(52.7267,14.0750,609.7106)	(0.0000,0.0000,-1.0000)	(47.5962,32.7524,605.7994)	
(34.2109,-67.6397,601.4912)	(56.6603,-65.6369,614.3415)	(0.0000,0.0000,-1.0000)	(0.0000,0.0000,-1.0000)	(-3.5187,-49.7315,598.7576)	(19.9830,-47.1842,608.6455)	(58.0610,-43.0872,625.4280)	(0.0000,0.0000,-1.0000)	(13.7888,20.9503,596.9558)	(44.4012,13.8861,601.7558)	(55.4720,20.5891,619.7162)	(42.1526,31.5898,600.8262)	
(23.6187,-70.5634,600.5154)	(48.7400,-66.3880,609.4044)	(38.5635,-29.6209,616.5890)	(39.3883,-17.8163,614.6355)	(-13.8974,-51.8386,598.8066)	(10.3770,-48.1815,605.6870)	(49.5200,-44.6847,617.4674)	(0.0000,0.0000,-1.0000)	(4.2363,19.7280,591.9979)	(33.9739,11.7448,601.7992)	(46.8231,20.5666,617.7458)	(31.7331,30.6187,601.8878)	
(9.9207,-70.2426,597.5885)	(34.3090,-67.7444,602.4716)	(21.5683,-28.9694,602.7094)	(0.0000,0.0000,-1.0000)	(-28.4476,-51.9708,600.8864)	(-3.3164,-48.1411,604.7631)	(36.1926,-47.5248,612.5428)	(59.1477,-48.2649,624.4245)	(-9.0562,21.8147,595.0775)	(19.8794,11.6036,594.8808)	(37.8964,21.4765,610.8108)	(17.6113,30.1422,593.9586)	
(0.5229,-69.0052,594.6764)	(25.6991,-68.4715,600.5152)	(14.1975,-27.9452,600.7483)	(0.0000,0.0000,-1.0000)	(-35.7652,-50.0804,601.9352)	(-9.6541,-47.9971,602.8003)	(30.6993,-46.3295,609.5820)	(52.1516,-48.2746,624.4485)	(-15.2353,21.7961,595.1118)	(12.5921,11.5819,594.9096)	(32.4269,20.3036,607.8356)	(12.4737,31.1014,593.0028)	
(-5.6697,-69.0177,594.6922)	(18.2670,-67.2175,597.5638)	(6.7449,-27.8184,597.7858)	(5.2164,-16.1107,587.8478)	(-41.0193,-48.0914,602.9724)	(-16.9688,-48.0191,602.8393)	(22.0848,-47.2480,607.6302)	(47.4978,-46.9038,617.4970)	(-21.4175,20.7466,595.1458)	(4.2023,13.5398,590.9657)	(25.6058,19.1771,602.8894)	(4.1442,30.9234,591.0344)	
(-14.9600,-66.9803,594.7506)	(9.8593,-68.0483,595.6170)	(-1.6666,-27.7039,594.8414)	(-1.9259,-17.1244,586.8821)	(-49.5032,-48.3616,606.0184)	(-25.3393,-48.2073,602.8929)	(16.7397,-46.0624,605.6680)	(40.6433,-47.5216,614.5190)	(-28.6356,21.7870,596.1862)	(-3.0076,13.4976,590.0224)	(20.3060,22.1371,600.9389)	(-3.0967,30.8550,590.0726)	
(-19.0863,-66.9927,594.7734)	(4.6369,-66.9183,594.6350)	(-7.8561,-28.7520,594.8714)	(-8.1455,-16.0975,585.9203)	(-57.0111,-48.6257,609.0591)	(-29.5484,-46.1983,605.9150)	(12.2993,-47.9310,602.6773)	(38.4145,-49.6488,613.5376)	(-32.7878,21.8401,597.2120)	(-7.0993,13.4853,590.0492)	(16.0761,20.0075,599.9480)	(-7.1574,32.9406,590.1108)	
(-25.2758,-68.0378,594.8078)	(-1.5950,-66.8257,593.6756)	(-13.0140,-27.7318,594.8928)	(-16.2588,-17.1581,586.9496)	(-60.3030,-47.5752,611.0824)	(-33.7507,-46.2109,605.9456)	(6.0144,-46.8175,602.7191)	(32.7292,-48.3621,608.5828)	(-36.9539,23.9375,598.2436)	(-13.2369,13.4668,590.0692)	(11.8477,18.9893,599.9466)	(-13.2889,30.8742,590.1434)	
(-29.4021,-68.0502,594.8306)	(-3.6783,-68.7759,592.6822)	(-17.1535,-27.7048,593.9386)	(-19.3504,-14.0446,583.9964)	(-61.3029,-46.6062,610.0940)	(-37.9806,-45.2420,606.9716)	(4.9225,-45.7822,601.7270)	(28.4122,-48.2904,607.5808)	(-41.1277,23.9597,599.2670)	(-17.3287,12.4524,590.0974)	(8.7260,22.0336,598.9710)	(-17.3868,31.8920,590.1716)	
(-34.5600,-67.0393,594.8619)	(-8.8251,-66.7331,592.7176)	(-23.3388,-26.6833,593.9657)	(-23.3920,-14.0830,586.0002)	(-65.6054,-44.5766,611.1233)	(-41.1375,-44.2045,606.9890)	(-1.3819,-45.7231,600.7622)	(24.1122,-49.1122,607.5896)	(-45.2817,23.9503,599.2900)	(-22.4390,13.4422,590.1342)	(4.5258,21.9866,598.0199)	(-20.4586,32.9006,590.1913)	
(-40.8083,-65.2148,596.9012)	(-17.0501,-66.7578,592.7630)	(-30.5508,-25.7193,594.9970)	(-30.5135,-15.1756,587.0538)	(-72.2733,-42.7608,615.1678)	(-47.5313,-42.2593,609.0324)	(-7.6851,-45.5858,598.7976)	(18.5686,-47.9153,602.6484)	(-50.5227,26.0548,600.3277)	(-28.5872,15.4717,590.1709)	(-1.7756,20.9036,596.0544)	(-28.6391,32.8760,590.2353)	
(-49.1688,-66.3823,598.9466)	(-23.2157,-66.8908,593.7968)	(-36.7495,-25.7410,595.0554)	(-37.6041,-15.1879,587.0763)	(-76.7883,-42.9879,618.1892)	(-53.9539,-44.5416,611.0588)	(-11.8014,-46.6316,600.8198)	(14.3156,-47.8434,601.6650)	(-54.8250,24.0696,603.3407)	(-34.7442,15.4740,591.2010)	(-5.9347,20.8585,596.0558)	(-32.7339,32.8668,590.2664)	
(-49.1349,-64.3067,597.9553)	(-25.2750,-67.8055,592.8086)	(-38.8127,-25.7503,595.0710)	(-39.6545,-15.2500,589.0876)	(-79.0178,-43.0658,619.2012)	(-53.9603,-42.4210,611.0675)	(-12.8947,-45.5234,597.8268)	(12.2345,-47.8434,601.6680)	(-54.6773,23.9598,600.3394)	(-36.8042,15.4856,592.1984)	(-6.9694,21.8460,596.0588)	(-36.8287,33.8815,590.2876)	
(-54.3737,-63.5060,598.9924)	(-30.4218,-64.7397,592.8469)	(-45.0963,-25.9534,598.0812)	(-46.8436,-14.2786,590.1371)	(-83.6918,-41.3417,622.2403)	(-58.2513,-42.5051,612.0910)	(-19.0986,-45.6983,599.8606)	(5.8215,-48.5838,599.6938)	(-61.3421,26.3142,608.3866)	(-41.9707,15.4971,593.2328)	(-13.1756,21.7961,595.0874)	(-41.9944,34.9468,592.3083)	
(-54.4163,-63.5060,599.9866)	(-30.4218,-64.7397,592.8469)	(-45.1024,-25.9503,598.0954)	(-46.8067,-14.2786,590.1272)	(-83.6918,-42.1376,622.2403)	(-60.4307,-43.5671,613.1013)	(-19.0950,-45.7763,600.8602)	(5.8215,-48.5838,599.6938)	(-61.4017,26.3521,608.3894)	(-43.0228,15.5179,594.2345)	(-13.1756,21.7961,595.0874)	(-41.9944,34.9943,592.3083)	
(-54.4163,-63.5060,599.9838)	(-30.4308,-64.8507,593.8451)	(-45.1024,-25.9503,598.0954)	(-46.8436,-14.2786,590.1371)	(-83.6918,-42.1376,623.2378)	(-58.3054,-42.5764,613.0910)	(-19.0950,-45.7763,600.8602)	(5.8246,-50.6594,598.7044)	(-61.3954,24.2388,608.3780)	(-42.9748,15.4971,593.2412)	(-13.1787,21.7961,594.1186)	(-39.9287,34.9530,591.3134)	
(-52.2905,-63.3921,598.9724)	(-30.4156,-66.7980,592.8370)	(-45.1297,-25.9472,599.0712)	(-44.7376,-14.2462,589.1256)	(-81.3511,-41.1312,621.2252)	(-58.3054,-42.5764,613.0910)	(-17.0244,-45.6920,599.8490)	(7.9046,-50.6532,599.6780)	(-59.2375,26.3174,607.3772)	(-40.9457,14.4963,593.2354)	(-13.1787,21.7961,594.1144)	(-39.9416,34.9499,591.3134)	
(-54.3675,-63.3984,598.9854)	(-30.4156,-66.7980,592.8355)	(-45.0932,-25.9534,598.0755)	(-44.7681,-14.2462,589.1256)	(-81.2607,-41.0632,620.2250)	(-58.2513,-42.5051,612.0910)	(-19.1079,-45.6202,598.8609)	(5.8184,-50.6563,598.7102)	(-61.2825,26.2700,606.3884)	(-42.9748,15.4971,593.2427)	(-13.1619,21.8305,595.0932)	(-40.9412,32.8923,591.3064)	
(-58.5772,-63.5186,600.0068)	(-34.5122,-66.6959,591.8629)	(-49.1781,-23.8387,598.0969)	(-48.8826,-14.3080,591.1330)	(-85.7544,-41.1409,622.2494)	(-62.4919,-43.5735,613.1131)	(-21.1950,-45.5484,597.8727)	(4.7830,-47.6305,598.7344)	(-63.3837,26.2637,606.4028)	(-44.0073,17.5462,593.2412)	(-15.2250,21.8243,595.1103)	(-44.0822,35.0510,593.3242)	
(-64.9569,-61.6633,602.0526)	(-40.7293,-64.8816,593.9021)	(-56.6148,-23.9444,600.1516)	(-57.1500,-12.2875,591.2137)	(-90.4906,-39.3214,626.2834)	(-65.7505,-40.4713,613.1410)	(-29.4953,-44.4529,597.9298)	(-3.5576,-47.5772,597.7766)	(-67.5160,26.2100,605.4226)	(-52.3496,17.5759,595.3031)	(-23.4839,22.8383,595.1686)	(-50.3056,37.1478,594.3744)	
(-71.6776,-62.3078,608.0846)	(-49.0885,-66.1567,596.9471)	(-63.0477,-24.0891,603.2026)	(-65.6738,-13.4581,596.2506)	(-93.5355,-38.6205,632.3082)	(-72.5859,-40.8982,619.1772)	(-34.6952,-43.5880,598.9556)	(-11.8641,-48.5505,597.8126)	(-72.9207,26.1185,607.4530)	(-60.8404,17.6631,599.3506)	(-30.7239,23.9185,597.2033)	(-58.7662,37.3635,598.4194)	
(-78.4360,-62.8483,613.1228)	(-54.4101,-65.5886,599.9752)	(0.0000,0.0000,-1.0000)	(-72.1707,-13.5540,599.2961)	(-99.5921,-41.2948,639.3262)	(-77.3790,-41.3189,625.2052)	(-43.1226,-43.9119,603.0011)	(-19.1190,-47.6177,597.8512)	(-81.1909,23.4877,617.5006)	(-67.3480,15.6634,603.3786)	(-36.9539,23.9375,598.2422)	(-65.1168,35.3824,600.4510)	
(-80.7355,-65.1977,615.1260)	(-57.6293,-67.9065,601.9837)	(0.0000,0.0000,-1.0000)	(0.0000,0.0000,-1.0000)	(-98.4845,-43.4392,639.3155)	(-79.8935,-41.5974,629.2152)	(-43.1164,-46.0048,602.9926)	(-23.2623,-47.6302,597.8800)	(0.0000,0.0000,-1.0000)	(-71.8307,15.7046,607.3996)	(-41.0948,21.8495,598.2581)	(-67.3980,33.4062,603.4488)	
(-81.0095,-63.3763,618.1278)	(-57.6356,-67.9065,601.9880)	(0.0000,0.0000,-1.0000)	(-79.9554,-18.8215,629.3001)	(-96.2693,-42.3272,639.3032)	(-77.4624,-43.6308,626.2025)	(-43.2060,-46.2393,605.9922)	(-22.2210,-49.6933,597.8557)	(-81.3659,23.5560,619.4904)	(-69.7166,13.6422,607.3750)	(-41.0948,21.8495,598.2524)	(-67.3980,33.4499,603.4515)	
(-78.6032,-65.1913,615.1142)	(-57.6833,-67.9065,602.9792)	(0.0000,0.0000,-1.0000)	(-78.8716,-16.4914,629.3059)	(-96.2693,-42.3952,639.3062)	(-75.2856,-43.5528,626.1787)	(-43.2359,-46.3175,606.9920)	(-22.2162,-49.6996,597.8599)	(0.0000,0.0000,-1.0000)	(-69.7197,13.6453,607.3794)	(-39.0213,21.8526,598.2452)	(-67.4011,33.4562,603.4558)	
(-78.6032,-65.1913,615.1142)	(-55.5420,-67.9002,601.9721)	(0.0000,0.0000,-1.0000)	(-78.8716,-16.4914,629.3059)	(-96.2693,-42.3952,639.3062)	(-75.2856,-43.5528,626.1816)	(-41.0784,-46.1548,604.9807)	(-20.1427,-49.6933,597.8514)	(0.0000,0.0000,-1.0000)	(-69.7197,13.6422,607.3794)	(-39.0213,21.8557,598.2409)	(-67.3980,33.4562,603.4515)	
(-78.6032,-65.1913,615.1142)	(-54.4983,-68.7030,601.9664)	(-73.2374,-29.3764,627.2321)	(-76.6156,-16.6664,629.2910)	(0.0000,0.0000,-1.0000)	(-75.3656,-43.6243,627.1817)	(-41.1312,-46.3112,606.9804)	(-18.0692,-49.6871,597.8442)	(0.0000,0.0000,-1.0000)	(-67.5515,13.6314,606.3758)	(-36.9279,21.8557,598.2280)	(-63.0933,33.3593,601.4314)	
(-72.0535,-64.9566,613.0732)	(-52.4110,-68.8130,601.9548)	(-68.7686,-27.5649,611.1986)	(-75.5237,-16.6302,628.2890)	(-91.3178,-42.9940,634.2816)	(-74.2788,-44.6293,627.1757)	(-36.8830,-46.1422,605.9544)	(-14.9620,-49.6808,597.8255)	(0.0000,0.0000,-1.0000)	(-65.4440,13.6377,606.3556)	(-34.8578,21.8339,597.2220)	(-63.1501,33.4093,602.4235)	
(-72.0535,-64.9566,613.0788)	(-52.4172,-68.0085,601.9591)	(0.0000,0.0000,-1.0000)	(-71.1058,-17.5267,628.2634)	(-89.1199,-42.0350,634.2650)	(-72.0302,-44.5496,626.1636)	(-35.8697,-47.1827,606.9513)	(-12.8885,-49.6746,597.8140)	(0.0000,0.0000,-1.0000)	(-63.1539,13.5831,603.3426)	(-32.7878,21.8401,597.2105)	(-61.0094,33.3656,601.4199)	
(-65.4792,-64.6143,610.0436)	(-45.0751,-67.7574,600.9118)	(0.0000,0.0000,-1.0000)	(0.0000,0.0000,-1.0000)	(0.0000,0.0000,-1.0000)	(-67.4116,-45.4031,622.1302)	(-31.6604,-46.2827,606.9280)	(-7.7078,-48.6212,598.7776)	(0.0000,0.0000,-1.0000)	(-56.7793,13.5613,601.3114)	(-26.5750,21.8214,596.1660)	(-56.7733,31.2424,600.3750)	
(-57.9085,-67.3100,606.9944)	(-37.7299,-69.5825,598.8664)	(-51.8861,-28.6309,611.1166)	(-54.1245,-18.1322,613.1634)	(-82.0611,-45.9696,629.2094)	(-58.5694,-45.0779,619.0808)	(-23.2444,-48.2010,604.8720)	(2.7091,-49.7158,598.7274)	(-66.0708,22.3580,615.4020)	(-48.2947,13.5049,597.2740)	(-19.3582,19.7157,594.1272)	(-48.3800,31.1647,598.3366)	
(-50.3655,-67.9991,602.9430)	(-26.3023,-69.3124,596.8041)	(-41.0584,-28.1601,602.0625)	(0.0000,0.0000,-1.0000)	(-77.4495,-45.7318,626.1847)	(-51.9602,-46.8905,613.0414)	(-13.8451,-48.9666,602.8204)	(12.1235,-49.7757,600.6500)	(-57.2256,22.1786,609.3536)	(-38.9267,11.4299,595.2134)	(-9.0562,19.7467,594.0633)	(-36.8823,30.9560,593.2802)	
(-38.7777,-67.5097,598.8849)	(-15.9672,-69.1634,595.7473)	(-30.6246,-30.2672,604.9771)	(0.0000,0.0000,-1.0000)	(-68.3473,-47.4899,620.1287)	(-43.3255,-46.5521,609.9990)	(-3.3849,-47.9782,602.7613)	(20.5901,-49.9077,601.6117)	(-49.8352,22.2008,609.3112)	(-28.5959,11.4377,594.1378)	(-1.8862,18.7144,593.0277)	(-28.6573,31.0307,594.2265)	
(-28.3780,-69.4365,597.8150)	(-1.5433,-69.0052,594.6680)	(-17.1006,-27.8933,597.9262)	(-17.2756,-15.3063,590.9602)	(-58.5630,-47.2227,618.0708)	(-33.7650,-46.2890,606.9396)	(6.0269,-48.9164,602.7221)	(32.4424,-48.1151,605.5649)	(-39.2077,22.1298,606.2462)	(-17.2965,11.4438,592.0934)	(10.5140,19.8055,593.9677)	(-17.3548,30.9618,592.1551)	
(-15.9824,-69.0456,594.7478)	(9.7978,-67.9323,594.6150)	(-3.7655,-28.7334,594.8344)	(-6.0813,-16.1179,586.8933)	(-48.5587,-50.6288,609.0036)	(-23.2386,-48.2794,605.8657)	(16.6182,-48.0875,604.6644)	(42.2343,-49.3074,609.5016)	(-28.6597,21.9212,599.1895)	(-5.0473,11.4496,590.0352)	(17.8634,20.9956,596.9298)	(-5.1391,30.8550,589.1050)	
(-7.7680,-69.9307,594.6823)	(15.9935,-66.8904,594.5908)	(2.4136,-27.6398,593.8289)	(0.9987,-17.0748,585.8598)	(-44.3040,-50.6161,607.9804)	(-16.9484,-48.1821,604.8343)	(22.0107,-49.2015,606.6223)	(46.5744,-48.4021,610.4641)	(-25.5434,20.8879,599.1695)	(0.0674,10.4411,589.9830)	(23.1072,20.9752,597.8824)	(-0.0300,30.8611,589.0614)	
(-5.7021,-69.9245,593.6914)	(20.2711,-69.1692,596.5406)	(6.5922,-29.7412,594.7802)	(6.0789,-17.0717,585.8374)	(-40.0632,-50.4332,606.9574)	(-15.8933,-49.2226,605.8266)	(26.2979,-46.1865,607.6070)	(48.9145,-46.4277,611.4806)	(-21.4086,21.8400,596.1488)	(2.0674,10.4472,589.9618)	(25.3480,21.0472,599.8846)	(1.9636,29.8542,588.0655)	
(-8.7551,-72.1155,594.6994)	(18.1979,-69.0671,596.5435)	(2.4198,-29.7016,593.8177)	(1.9227,-18.0680,585.8486)	(-44.3040,-50.6161,607.9804)	(-17.9772,-49.3121,606.8436)	(24.1185,-47.1620,607.6128)	(49.1649,-46.5896,614.4674)	(-24.5053,19.7311,596.1548)	(0.0674,10.4411,589.9816)	(23.2679,21.0409,599.8760)	(0.9411,30.8203,588.0726)	
(-10.8121,-74.1962,594.7109)	(15.0959,-71.2538,596.5592)	(0.3601,-29.7140,594.8016)	(-0.0143,-17.0527,584.8658)	(-44.2978,-52.7263,607.9718)	(-20.0724,-50.4582,606.8467)	(19.9061,-49.2814,606.6355)	(44.5730,-48.4928,610.5124)	(-26.5714,19.7835,597.1664)	(-1.9724,11.4527,589.9830)	(22.1601,19.9640,597.9196)	(-1.0481,28.8166,589.0586)	
(-11.8278,-71.0984,594.7193)	(10.9049,-72.1825,596.5680)	(-1.6996,-29.7140,593.8390)	(-1.1150,-17.0245,583.8718)	(-46.4058,-52.7326,607.9864)	(-22.1739,-50.4645,606.8584)	(18.7943,-50.2595,605.6334)	(42.3507,-51.5040,610.4890)	(-26.5688,19.7558,596.1690)	(-2.9953,9.4017,589.9986)	(22.2294,19.9952,598.8994)	(-3.0906,28.8135,589.0812)	
(-13.8944,-71.2259,595.7274)	(8.8383,-72.1887,596.5894)	(-3.7593,-30.7986,594.8316)	(-3.1401,-17.0397,583.8998)	(-48.5972,-50.7990,610.0036)	(-21.1246,-48.4393,607.8593)	(18.8538,-48.2375,606.6368)	(42.4514,-48.5677,610.5182)	(-28.6415,19.7835,597.1834)	(-5.0074,9.4093,590.9915)	(18.0069,19.9516,597.9168)	(-5.1330,28.8043,589.1009)	
(-15.9396,-73.4255,596.7298)	(8.8383,-72.1856,596.5879)	(-3.7593,-30.7510,593.8462)	(-3.1775,-16.9993,582.8848)	(-48.5909,-52.8276,609.9950)	(-24.2785,-50.4709,607.8682)	(16.6931,-50.2658,605.6465)	(40.3298,-51.5936,610.5052)	(-28.6354,19.7496,596.1804)	(-5.0412,9.3956,589.9874)	(18.0069,19.9516,597.9268)	(-5.1667,28.7547,588.0868)	
(-17.9980,-73.4317,597.7406)	(6.7779,-74.2605,595.6046)	(-6.7786,-32.9273,595.8327)	(-7.1844,-19.0730,583.9027)	(-50.7478,-52.9225,611.0064)	(-26.3853,-50.5622,607.8814)	(14.5888,-50.2721,605.6594)	(38.1176,-53.6304,609.5252)	(-30.7115,19.7742,597.1921)	(-8.1009,7.3415,590.0100)	(15.8681,16.8382,597.9098)	(-8.1875,26.7137,588.1052)	
(-20.0746,-73.5627,597.7506)	(3.7260,-73.2417,595.6244)	(-9.9038,-31.7974,593.8747)	(-9.2095,-19.0791,583.9098)	(-52.8726,-50.8969,611.0269)	(-28.4934,-50.6536,608.8911)	(12.4876,-50.2784,605.6668)	(37.0538,-50.6230,609.5252)	(-32.7945,19.7988,598.2038)	(-10.1468,7.3353,590.0199)	(13.7363,16.8061,596.9216)	(-10.2549,26.7045,588.1081)	
(-20.0715,-73.5627,597.7522)	(3.7260,-73.2417,595.6232)	(-9.9038,-31.8036,593.8804)	(-9.2365,-19.0730,583.9027)	(-55.0887,-51.0736,614.0384)	(-28.4934,-50.5686,608.8911)	(12.4876,-50.2784,605.6668)	(38.2113,-51.6000,610.5271)	(-32.7945,19.7957,598.2038)	(-10.1468,7.3353,590.0100)	(15.8743,16.8641,597.9240)	(-10.2299,26.7045,588.1108)	
(-20.0715,-73.5627,597.7522)	(3.6780,-73.2417,595.6217)	(-9.9038,-31.8498,594.8545)	(-11.2346,-19.0851,583.9252)	(-52.8662,-53.0175,612.0182)	(-28.4934,-50.5686,608.8911)	(12.4908,-50.2784,605.6668)	(37.0569,-52.6586,609.5208)	(-32.7945,19.7957,598.2038)	(-11.2257,9.3604,589.0355)	(13.7332,16.8061,595.9459)	(-10.2549,26.7045,588.1081)	
(-22.1450,-73.5690,597.7636)	(1.6114,-73.2480,595.6331)	(-9.9038,-31.8529,594.8588)	(-11.2346,-19.0851,583.9252)	(-55.0335,-53.1125,613.0283)	(-28.4934,-50.5686,608.8911)	(10.3895,-50.2848,605.6784)	(36.9681,-52.5767,609.5048)	(-34.8844,19.8203,599.2154)	(-12.1926,7.3292,590.0368)	(13.6776,16.8061,595.9417)	(-12.2723,26.7353,589.1010)	
(-22.1450,-73.5690,597.7636)	(1.6559,-73.3726,596.6324)	(-11.9451,-31.8591,594.8816)	(-11.2582,-19.0504,582.9408)	(-55.0887,-51.0736,613.0386)	(-28.4934,-50.6536,608.8942)	(10.3895,-50.2848,605.6784)	(37.0569,-52.6586,609.5165)	(-32.7816,19.7711,598.2022)	(-11.2023,9.3710,590.0214)	(13.7301,16.7802,595.9290)	(-12.2723,26.7414,589.1068)	
(-22.1450,-73.5690,597.7636)	(1.6559,-73.3726,596.6282)	(-11.9670,-31.8591,594.8644)	(-11.2346,-19.0851,583.9252)	(-55.0887,-50.9884,613.0386)	(-30.6106,-50.6599,608.9102)	(10.3864,-50.2848,605.6784)	(36.9681,-52.5767,609.5048)	(-32.7945,19.7988,598.2038)	(-11.2023,9.3740,590.0256)	(13.7425,16.8061,596.9315)	(-12.2723,26.7384,589.1124)	
