(-8.7259,-54.8418,597.7698)	(15.1803,-51.7574,598.6542)	(-0.5558,-12.2537,597.8726)	(-1.0880,0.1997,585.9517)	(-43.2909,-37.9549,608.0266)	(-20.1083,-34.7167,607.9112)	(20.0738,-31.4878,609.7114)	(42.8345,-30.6817,614.5874)	(-32.8608,33.3906,600.2596)	(-5.9852,26.9322,594.0672)	(16.1597,37.8299,602.0260)	(-8.1540,44.3491,592.1671)	
(-7.6892,-55.8796,597.7571)	(15.1803,-51.7512,598.6457)	(-2.6293,-12.2569,596.9001)	(-1.0880,0.1997,586.9362)	(-45.4658,-38.0900,610.0381)	(-20.1065,-34.7167,607.9112)	(18.9538,-30.4925,609.7173)	(42.8376,-30.6753,614.5802)	(-32.8608,33.3937,600.2596)	(-5.9852,26.9322,593.0926)	(16.1566,37.8299,602.0202)	(-8.1540,44.3491,592.1656)	
(-8.7531,-54.7482,596.7704)	(15.1803,-51.7574,598.6542)	(-0.5558,-12.2701,597.8868)	(-1.0910,0.1978,586.9587)	(-45.4324,-38.0256,609.0381)	(-20.1083,-34.7167,607.9112)	(18.0290,-31.4910,609.7173)	(42.8345,-30.6721,614.5743)	(-30.7708,33.3498,599.2478)	(-5.9852,26.9322,593.0899)	(16.1597,37.8299,602.0160)	(-8.1540,44.3491,592.1600)	
(-8.7081,-54.8418,598.7606)	(15.1803,-51.7574,598.6557)	(-0.5558,-12.2506,597.8810)	(-1.9778,0.1966,586.9418)	(-45.4324,-38.0256,609.0381)	(-20.1083,-34.7167,607.9112)	(18.9506,-30.4925,609.7114)	(43.0417,-28.6344,616.5712)	(-30.7708,33.3467,599.2478)	(-6.0172,26.9322,593.0827)	(16.1597,37.8299,602.0160)	(-8.1540,44.3491,592.1671)	
(-7.7181,-55.7874,597.7398)	(15.1803,-51.7512,598.6457)	(-0.5558,-12.2701,597.8882)	(-1.9388,0.1929,587.9528)	(-45.4261,-40.1393,609.0295)	(-20.1065,-34.7790,608.9109)	(18.0290,-31.5383,609.7188)	(42.8345,-28.5440,614.5948)	(-32.8478,33.3467,599.2608)	(-5.9852,26.9322,593.0884)	(16.1504,37.8299,602.0160)	(-8.1540,44.3491,592.1698)	
(-7.6954,-55.7874,597.7568)	(13.1033,-51.7637,598.6629)	(-0.5496,-14.3551,597.8955)	(-1.0880,0.1978,586.9474)	(-45.4324,-38.0256,609.0381)	(-20.1097,-34.7231,608.9094)	(20.0801,-31.4910,609.7114)	(44.9731,-30.6753,614.5874)	(-32.8509,33.3498,599.2636)	(-5.9852,26.9322,593.0842)	(16.2248,37.8904,603.0100)	(-8.1540,44.3491,592.1728)	
(-8.7352,-54.7576,597.7668)	(15.1803,-51.8332,599.6277)	(-0.5558,-12.2701,597.8898)	(-1.0880,0.1997,585.9574)	(-45.4658,-38.0900,610.0381)	(-20.1065,-34.7167,607.9112)	(19.0195,-30.4925,609.7173)	(42.8313,-30.6688,614.5684)	(-30.7708,33.3467,599.2478)	(-6.0172,26.9322,593.0856)	(16.1504,37.8299,602.0160)	(-8.1540,44.3491,592.1671)	
(-7.7150,-55.7874,597.7441)	(15.1803,-51.8332,599.6292)	(-0.5558,-12.2670,597.8853)	(-1.0910,0.1978,586.9474)	(-45.4658,-38.0900,610.0381)	(-22.2195,-34.7231,607.9214)	(18.0259,-31.5415,609.7232)	(45.3039,-28.6827,618.5517)	(-32.8478,33.3498,599.2608)	(-5.9852,26.9753,594.0771)	(16.0915,37.7694,601.9958)	(-8.1540,44.3491,592.1714)	
(-10.8057,-54.7544,597.7641)	(15.1803,-51.7543,598.6484)	(-0.5087,-14.3718,598.8752)	(-1.1317,0.1997,585.9630)	(-45.4324,-38.0256,609.0381)	(-20.1083,-34.7167,607.9112)	(20.0833,-31.5351,610.6991)	(45.3007,-28.6795,617.5732)	(-32.8478,33.3498,599.2608)	(-5.9852,26.9322,594.0672)	(16.1504,37.8299,601.9958)	(-8.1540,44.3491,592.1558)	
(-8.7259,-54.8418,597.7683)	(15.1803,-51.7512,598.6472)	(-0.5558,-12.2764,598.8766)	(-1.0880,0.1978,586.9459)	(-45.4324,-38.0256,609.0381)	(-20.1083,-34.7167,607.9112)	(19.0195,-30.4925,609.7130)	(43.0417,-28.6344,616.5712)	(-30.7708,33.3467,599.2478)	(-5.9852,26.9322,593.0899)	(16.1597,37.8299,603.0000)	(-8.1540,44.3491,592.1728)	
(-10.8057,-54.7544,597.7783)	(15.1803,-51.7543,598.6499)	(-2.6666,-12.2342,595.9004)	(-1.9388,0.1948,586.9587)	(-45.4387,-35.9120,609.0468)	(-22.2195,-34.7199,607.9214)	(20.0769,-31.5351,609.7071)	(42.8313,-28.5473,614.6020)	(-32.8545,33.3498,600.2569)	(-5.9852,26.9384,593.0984)	(16.1597,37.8299,602.9856)	(-8.1602,46.4040,592.1756)	
(-10.8057,-54.7576,597.7726)	(15.1803,-51.8332,598.6557)	(-2.6666,-12.2537,596.9001)	(-1.0910,0.1978,586.9544)	(-45.4387,-35.9120,609.0468)	(-22.2210,-34.7167,607.9154)	(20.0769,-31.5351,609.7071)	(45.1905,-28.6344,616.5799)	(-32.8545,33.3498,600.2512)	(-5.9852,26.9322,593.0926)	(16.1535,37.8299,601.9958)	(-8.1602,46.4040,592.1740)	
(-10.8088,-54.7607,597.7598)	(16.2095,-49.6721,598.6484)	(-2.6666,-12.2506,596.8929)	(-1.9388,0.1948,586.9587)	(-45.4387,-35.9120,609.0468)	(-22.2227,-32.6621,608.9224)	(19.0195,-28.4207,610.7164)	(42.8249,-26.4096,614.6108)	(-32.8478,33.3498,600.2569)	(-5.9852,26.9753,594.0630)	(16.1597,37.8299,602.0260)	(-8.1256,44.4216,593.1559)	
(-8.7593,-52.6761,597.7696)	(16.2095,-49.6721,598.6484)	(-0.5558,-12.2670,597.8840)	(-1.0910,0.1978,586.9587)	(-45.4721,-35.9729,610.0468)	(-20.1160,-32.6129,608.9165)	(20.1380,-29.4180,610.7121)	(45.2943,-26.5347,617.5820)	(-32.8478,33.3498,599.2608)	(-8.0734,26.9260,593.0899)	(16.2186,39.9833,603.0287)	(-8.1602,46.4040,592.1726)	
(-8.7593,-52.6761,597.7654)	(16.2095,-49.6659,598.6399)	(-2.6293,-12.2600,597.8840)	(-1.9388,0.1948,587.9472)	(-43.2972,-35.8447,608.0352)	(-20.1178,-32.6097,607.9242)	(19.0163,-28.3690,609.7275)	(42.8153,-24.2752,614.6211)	(-32.8348,33.2871,598.2590)	(-8.0734,26.9260,593.0899)	(14.1184,39.0612,603.0360)	(-10.2130,46.3978,592.1827)	
(-6.6893,-51.6400,596.7674)	(16.2033,-47.5899,598.6542)	(-2.6293,-12.2733,597.8898)	(-3.1200,0.1917,586.9741)	(-43.3272,-35.9056,609.0351)	(-20.1209,-32.6066,607.9182)	(19.0788,-26.2969,610.7267)	(43.0257,-22.2136,616.5974)	(-34.9021,31.2053,598.2620)	(-10.1046,26.9198,593.1211)	(12.0307,39.0549,603.0476)	(-12.2442,46.4675,593.1955)	
(-4.5851,-51.7221,597.7554)	(16.2033,-47.5962,598.6642)	(-1.6799,-10.1686,595.9103)	(-3.0827,0.1917,586.9699)	(-43.3208,-38.0193,609.0236)	(-20.1195,-34.6545,606.9157)	(19.0725,-26.2937,610.7208)	(42.8090,-20.0096,614.6430)	(-36.9955,31.2489,599.2710)	(-12.1859,26.9136,593.1084)	(9.8852,41.0171,603.0519)	(-14.3185,46.3855,592.2096)	
(-2.5491,-51.6276,596.7445)	(20.3541,-45.5046,598.6524)	(0.4292,-10.1847,596.9043)	(-1.1348,2.2338,585.9560)	(-41.1766,-40.0588,608.0062)	(-19.0735,-33.5470,606.9185)	(20.0611,-25.1838,610.7252)	(43.8687,-18.9328,616.6032)	(-36.9619,33.2245,597.2844)	(-9.1375,28.9316,592.1068)	(8.9941,42.2657,606.0503)	(-13.3013,48.4403,592.2181)	
(2.6168,-49.5430,596.7243)	(24.4988,-43.4162,598.6366)	(2.4533,-10.1531,595.8844)	(-1.1317,2.2322,584.9449)	(-36.9440,-40.0493,606.9858)	(-16.9884,-33.4739,605.9056)	(22.3114,-21.0159,611.7362)	(44.9094,-12.5232,614.6309)	(-38.9853,33.1117,595.2924)	(-11.2602,28.7859,589.1278)	(4.4546,46.8939,598.1234)	(-17.4326,47.2514,590.2262)	
(4.6868,-47.4708,596.7328)	(22.4821,-39.3193,599.6474)	(0.2955,-8.0654,594.8905)	(-1.1317,2.2322,584.9505)	(-35.8885,-40.8832,606.9772)	(-14.8872,-33.3625,605.8897)	(22.3083,-20.9859,611.7346)	(44.9094,-10.3984,614.6662)	(-41.0423,31.0433,595.2981)	(-13.3286,29.8081,588.1403)	(2.3323,46.8117,598.0992)	(-20.5014,48.2601,590.2360)	
(6.7569,-47.4584,596.7129)	(24.6512,-39.3805,600.6294)	(2.4011,-8.0687,594.9090)	(0.1010,2.2384,586.9502)	(-33.7839,-39.9688,606.9655)	(-12.8403,-33.2989,604.8668)	(24.3527,-17.8019,610.7497)	(47.2721,-8.2853,616.6618)	(-41.0691,31.0869,596.2929)	(-13.3026,28.7798,589.1321)	(2.1921,46.5837,594.1330)	(-18.4900,52.1895,588.2492)	
(13.9154,-44.1729,595.6844)	(30.7111,-36.1674,599.6096)	(8.5220,-3.9109,593.8692)	(3.0147,4.2943,586.9344)	(-29.5609,-41.9917,605.9310)	(-7.7028,-31.0355,600.8536)	(29.6299,-14.5664,610.7041)	(53.6737,-3.9866,616.6482)	(-36.8655,32.9549,592.2841)	(-9.2835,32.7741,587.1162)	(6.3487,50.8025,595.0990)	(-16.4801,52.0231,586.2444)	
(18.1175,-41.2108,596.6808)	(36.1922,-32.1067,601.6094)	(11.6699,-1.8495,594.8603)	(7.9195,8.3697,584.9234)	(-25.3633,-39.6726,602.9199)	(-3.4380,-28.0957,602.8456)	(32.9020,-12.4942,611.7094)	(55.3717,-0.7782,624.6276)	(-36.8885,35.0634,593.2886)	(-5.1910,36.9218,588.1161)	(8.6889,53.3059,600.1104)	(-13.4123,51.1059,587.2252)	
(16.1223,-43.3543,597.6662)	(34.2090,-32.1683,602.6201)	(11.6669,-2.8809,596.8623)	(8.0381,7.3301,585.9276)	(-25.3633,-39.6726,602.9199)	(-3.3308,-28.2446,605.8503)	(33.0843,-12.5392,613.7036)	(53.2216,-2.9399,622.6425)	(-34.8096,32.9641,592.2712)	(-5.1574,36.9822,589.1176)	(9.9086,50.4352,605.0848)	(-11.3707,50.0872,587.2140)	
(14.0549,-45.4424,597.6776)	(30.9894,-36.3013,601.6312)	(9.6679,-4.9596,595.8728)	(5.0502,4.3107,586.9303)	(-27.4683,-37.7146,604.9369)	(-5.4060,-28.2963,606.8573)	(27.7782,-14.6829,613.7274)	(51.0716,-5.1015,622.6516)	(-36.8961,30.9966,594.2694)	(-5.1115,32.9467,590.1066)	(9.9118,48.3423,603.0977)	(-11.3536,50.1638,588.2099)	
(7.8343,-46.4926,597.7120)	(27.7770,-38.3344,601.6284)	(6.6332,-8.0846,596.8640)	(3.1698,1.2287,589.9240)	(-31.6746,-37.7915,605.9626)	(-9.6059,-30.4157,606.8704)	(26.6298,-17.8546,612.7134)	(48.8062,-9.3872,620.6412)	(-39.0024,31.0932,596.2870)	(-9.1971,30.8865,590.1122)	(7.6705,44.9758,601.0705)	(-15.4193,47.1023,588.2198)	
(2.6629,-49.6278,597.7222)	(24.5843,-43.4875,599.6430)	(2.4993,-10.1723,596.8814)	(0.8466,2.2399,585.9390)	(-37.9869,-39.9815,606.9873)	(-16.9658,-33.5312,606.9026)	(24.3591,-22.0398,610.7147)	(46.4391,-14.7319,618.6222)	(-36.9389,31.1056,596.2770)	(-9.1643,28.8851,591.1138)	(7.6254,42.8242,600.0620)	(-16.4151,45.2097,590.2076)	
(-1.5203,-49.5585,597.7310)	(22.4977,-43.4875,599.6330)	(0.4292,-10.1785,596.8956)	(-1.0971,2.2354,585.9672)	(-41.1501,-39.9910,607.0063)	(-18.0233,-35.6376,606.9040)	(22.1761,-25.1342,609.7199)	(45.1585,-18.0112,617.6024)	(-39.0553,33.2684,598.2934)	(-11.2136,28.8789,591.1308)	(7.7341,43.0315,602.0605)	(-15.3867,47.2576,590.2232)	
(-8.7593,-52.6761,596.7874)	(14.0611,-47.5179,597.6706)	(-5.8453,-11.1914,594.9419)	(-7.1203,0.1776,586.9868)	(-45.3990,-37.9613,608.0382)	(-22.2227,-32.6129,607.9330)	(16.8855,-26.2196,608.7527)	(40.6671,-21.0438,614.6430)	(-41.2093,33.4282,601.3088)	(-13.2431,28.9193,592.1282)	(6.6458,41.8458,600.0893)	(-18.4130,45.4260,593.2155)	
(-11.8644,-51.6556,596.7960)	(9.9141,-48.5620,597.6921)	(-5.8453,-11.2061,595.9218)	(-7.1203,0.1776,587.9810)	(-47.5565,-33.8047,609.0672)	(-24.3319,-32.6192,607.9432)	(14.7118,-26.2196,608.7527)	(38.5444,-23.1414,616.6240)	(-37.0477,35.5236,601.2943)	(-13.2232,28.9688,593.1523)	(8.8353,41.9132,602.0836)	(-15.2950,50.8202,596.2347)	
(-16.0197,-51.5796,595.8194)	(6.7600,-49.5305,596.7000)	(-8.8498,-13.3298,597.9242)	(-9.1593,0.1714,587.9979)	(-52.8809,-32.8163,610.1008)	(-28.5533,-30.5217,608.9676)	(12.5481,-28.2910,607.7563)	(38.5539,-27.3964,614.6242)	(-37.0938,37.7300,603.3008)	(-11.1436,29.0184,594.1155)	(9.8305,38.8621,602.0534)	(-13.2574,54.8741,595.2384)	
(-20.1489,-49.6083,596.8504)	(2.6199,-49.5430,596.7273)	(-8.9400,-10.1712,594.9563)	(-9.2192,2.2093,585.9896)	(-55.1001,-30.8101,612.1213)	(-28.5533,-30.5217,608.9660)	(10.4368,-28.2974,607.7680)	(36.1355,-29.4769,612.6330)	(-34.9763,39.7018,601.2971)	(-9.1169,31.0364,593.1068)	(14.1278,36.8439,603.0174)	(-9.1516,52.7349,594.2099)	
(-18.0661,-51.7627,597.8300)	(4.7365,-49.6216,597.7122)	(-9.9371,-12.2333,594.9464)	(-9.2131,0.1753,585.9884)	(-55.2406,-33.1014,615.1156)	(-28.5533,-30.5280,608.9660)	(10.4494,-30.4076,607.7652)	(36.1260,-28.4537,611.5987)	(-37.0278,35.4669,600.2912)	(-11.1903,28.9254,592.1154)	(14.1340,37.8841,603.0332)	(-11.2718,48.3671,591.2008)	
(-11.8455,-53.7308,596.7890)	(8.9494,-52.8032,598.6802)	(-6.8615,-15.3156,594.9108)	(-7.2054,-1.8474,584.9732)	(-49.7423,-36.0465,611.0702)	(-24.3245,-34.7326,608.9210)	(14.7275,-30.4469,608.7354)	(40.6894,-26.4129,614.6124)	(-36.9557,31.1554,597.2759)	(-12.2230,24.7762,591.0970)	(14.0661,34.6957,602.0132)	(-12.3026,44.1888,590.1852)	
(-11.8424,-55.8921,597.7770)	(6.8631,-52.7194,598.6886)	(-8.8915,-17.4215,595.9177)	(-7.1689,-3.8868,585.9646)	(-47.5439,-38.0320,609.0470)	(-23.2704,-35.7845,607.9258)	(14.6625,-30.3949,607.7360)	(38.5539,-27.3964,614.6300)	(-39.0553,31.2395,598.2934)	(-12.2230,24.7396,590.1237)	(11.8011,34.5789,600.0149)	(-14.3485,44.1826,590.1966)	
(-14.9633,-54.7762,596.8090)	(6.8255,-54.8013,598.6774)	(-8.8645,-17.4497,596.9018)	(-9.2010,-3.8956,585.9871)	(-51.8107,-38.1091,610.0760)	(-27.4866,-35.7972,607.9535)	(13.6116,-32.5051,607.7332)	(38.2733,-33.7186,613.5840)	(-36.9955,31.2489,599.2710)	(-12.2230,24.7762,591.1098)	(10.7061,35.4968,598.0322)	(-14.3243,42.1409,590.1966)	
(-18.0630,-53.7495,597.8185)	(3.7090,-53.6841,597.6938)	(-8.8976,-15.3590,595.9319)	(-9.1801,-1.8642,586.9743)	(-51.8234,-33.8748,610.0906)	(-28.5470,-32.6319,607.9680)	(11.5003,-32.4560,606.7468)	(36.2320,-31.6010,613.5943)	(-37.0384,33.3844,601.2788)	(-12.2013,24.8157,592.0985)	(13.8843,32.5026,599.0050)	(-12.2811,44.1980,590.1978)	
(-20.1365,-51.6805,596.8446)	(1.5910,-51.6151,596.7216)	(-9.9341,-14.3309,595.9476)	(-9.2131,0.1753,585.9926)	(-55.0448,-32.8784,611.1125)	(-30.6458,-32.6382,607.9766)	(9.3985,-32.5178,607.7564)	(35.0904,-35.7917,613.5856)	(-34.9474,35.4731,600.2824)	(-12.2075,26.8675,592.1054)	(13.8719,34.5298,599.0078)	(-10.2318,44.2674,591.1684)	
(-22.2100,-51.6898,596.8676)	(-0.5201,-51.5330,595.7378)	(-9.9464,-12.3013,597.9300)	(-11.2217,0.1672,588.0092)	(-57.1696,-30.7642,611.1328)	(-32.7694,-30.5344,608.0028)	(9.3326,-32.4069,605.7574)	(34.0263,-34.7902,612.5879)	(-34.9763,39.7018,601.2971)	(-9.1107,28.9781,593.1181)	(16.1535,35.6834,601.9873)	(-10.2130,46.3916,592.1698)	
(-27.4054,-48.5909,596.8990)	(-7.8203,-50.3471,593.7972)	(-17.1533,-10.2538,598.0028)	(-18.3067,2.1986,591.0343)	(-60.4207,-27.5897,612.1680)	(-35.9410,-29.4352,608.0246)	(4.9190,-28.0705,602.7992)	(30.7429,-30.5030,610.6463)	(-37.0434,39.6319,600.3126)	(-15.2528,31.1178,595.1484)	(9.9430,36.8313,603.0348)	(-13.2618,48.6753,595.1989)	
(-36.7588,-41.4439,597.9730)	(-19.1671,-43.1681,593.8711)	(-29.6434,-5.1417,602.0946)	(-29.6394,7.3577,598.1312)	(-68.3482,-22.6252,619.2282)	(-43.3019,-24.1968,607.0827)	(-5.6640,-25.8285,598.8700)	(19.8558,-29.2267,607.7240)	(-47.7218,46.3662,607.3952)	(-25.5854,34.5214,601.2166)	(2.7561,42.2373,606.0896)	(-23.5678,56.5218,601.3064)	
(-54.7386,-37.7966,605.0878)	(-34.6593,-39.2265,595.9732)	(-45.3477,0.0327,603.2029)	(-47.1793,11.4358,597.2498)	(-79.8814,-16.4665,628.3176)	(-58.6494,-18.2681,618.1923)	(-21.2411,-21.8321,601.9698)	(4.8633,-25.9745,601.8284)	(-59.9850,49.0573,619.4845)	(-41.2610,41.8330,602.3380)	(-8.8427,44.1030,605.1662)	(-37.1456,61.6984,602.3990)	
(-61.2159,-35.8986,608.1344)	(-43.0155,-39.4548,599.0186)	(-51.5824,2.1036,603.2217)	(-50.2349,13.4406,594.2786)	(-84.7121,-14.4240,633.3529)	(-63.2467,-16.2768,623.2260)	(-27.5072,-21.8893,603.0044)	(-3.5218,-25.9157,600.8606)	(-60.8261,51.1885,615.4950)	(-45.3958,40.7757,601.3548)	(-14.1200,45.0550,603.1963)	(-41.2871,59.4967,601.4129)	
(-61.3282,-38.1377,610.1258)	(-45.1863,-41.7540,602.0214)	(-52.6136,0.0128,602.2288)	(-53.2203,9.2975,593.2842)	(-84.8061,-14.5049,634.3534)	(-63.2403,-18.4389,623.2172)	(-29.6281,-22.0489,607.0156)	(-5.5995,-28.0016,600.8536)	(-62.0682,49.0541,618.4884)	(-44.2319,39.4222,597.3557)	(-13.1549,41.6550,598.1912)	(-43.2736,56.0906,598.4142)	
(-63.4933,-42.4497,611.1174)	(-47.2549,-48.0286,602.0072)	(-57.0385,-6.3307,607.2318)	(-56.4946,6.2161,596.2698)	(-87.1923,-16.7120,636.3544)	(-62.8672,-20.4290,617.2070)	(-29.5642,-29.0631,600.9905)	(-6.5984,-34.2627,601.8203)	(-65.8712,44.2151,611.4883)	(-48.3535,35.2686,597.3688)	(-17.3474,37.2469,594.1892)	(-44.2017,52.7158,595.4013)	
(-72.2860,-38.4920,615.1853)	(-55.8068,-46.2773,606.0534)	(-64.4725,-6.3810,611.2622)	(0.0000,0.0000,-1.0000)	(-92.0259,-14.6174,640.3958)	(-72.0951,-21.6246,626.2555)	(-36.9817,-28.4464,607.0334)	(-13.9410,-34.1729,599.8657)	(0.0000,0.0000,-1.0000)	(-54.7577,35.4703,601.3853)	(-23.5234,36.2037,594.2219)	(-50.4823,52.8756,598.4231)	
(-70.0807,-38.4211,614.1762)	(-53.7181,-44.2488,606.0589)	(-65.6975,-6.6009,627.2836)	(0.0000,0.0000,-1.0000)	(-89.7064,-14.5859,639.3816)	(-70.0060,-18.5848,627.2542)	(-35.8990,-29.2301,607.0216)	(-12.9148,-35.2061,598.8690)	(-62.6385,47.5297,611.4837)	(-50.4721,37.3884,598.3736)	(-19.4009,37.2376,595.1952)	(-46.2649,52.7096,595.4142)	
(-70.0870,-36.2901,614.1820)	(-54.7135,-44.9866,605.0648)	(0.0000,0.0000,-1.0000)	(0.0000,0.0000,-1.0000)	(-87.4912,-14.5793,639.3678)	(-67.6962,-18.5151,625.2416)	(-35.9231,-29.3847,607.0246)	(-12.9055,-35.2093,598.8748)	(-62.5770,47.6022,610.4830)	(-50.4628,35.3128,598.3608)	(-17.3480,35.1345,593.1877)	(-44.1635,50.5617,594.3896)	
(-68.0151,-40.6135,615.1530)	(-51.6544,-46.3428,607.0414)	(-61.2248,-6.5441,623.2600)	(-63.2533,6.4234,623.3162)	(0.0000,0.0000,-1.0000)	(-67.7577,-20.7191,626.2330)	(-36.9856,-31.5958,609.0202)	(-12.9055,-37.2852,598.8604)	(-62.0021,46.9165,617.4818)	(-50.5413,33.3437,600.3532)	(-19.4042,32.0409,593.1834)	(-44.1956,50.6505,595.3956)	
(-58.1909,-45.5317,611.0823)	(-37.8525,-50.0866,601.9467)	(0.0000,0.0000,-1.0000)	(0.0000,0.0000,-1.0000)	(-81.4862,-23.0752,634.3064)	(-56.5890,-24.7798,620.1544)	(-22.2273,-32.5573,606.9317)	(2.7211,-37.3056,599.7796)	(-55.2265,42.2008,610.4248)	(-41.0453,31.0433,595.2996)	(-11.2025,33.0351,592.1379)	(-37.9317,47.3388,592.3445)	
(-49.5434,-48.4432,607.0199)	(-28.4419,-51.9708,599.8868)	(-40.1858,-12.5743,607.1214)	(0.0000,0.0000,-1.0000)	(-73.2536,-26.1163,626.2481)	(-53.2576,-28.9727,618.1187)	(-14.8643,-35.5674,605.8826)	(12.1971,-37.3962,600.7414)	(-51.9563,40.0969,608.3960)	(-32.7705,28.9472,594.2366)	(-3.9532,32.1390,594.0910)	(-31.7559,46.1875,591.3016)	
(-44.1462,-50.1055,602.9812)	(-20.1365,-51.7689,597.8414)	(-31.7090,-12.4579,602.0704)	(-30.5996,-0.9254,592.0913)	(-69.8404,-27.1976,625.2196)	(-45.6279,-28.7582,614.0846)	(-8.5806,-32.4083,605.8490)	(17.4185,-36.3389,601.6947)	(-45.5645,39.9887,606.3571)	(-26.5914,28.9720,594.2039)	(2.3236,33.2892,596.0597)	(-25.6089,46.2818,591.2802)	
(-32.6058,-47.7398,598.9298)	(-10.8624,-49.4985,595.8034)	(-23.3658,-10.3465,602.0285)	(-23.4075,2.1798,595.0600)	(-64.1624,-29.1026,621.1800)	(-40.1756,-29.5456,609.0494)	(0.7468,-30.1760,602.8138)	(25.7555,-33.1828,602.6520)	(-43.5240,40.1191,608.3436)	(-21.4302,31.1553,597.1730)	(8.7885,37.7475,601.0320)	(-19.4315,48.6660,595.2474)	
(-17.0787,-47.3669,594.8424)	(6.6384,-45.2304,594.7196)	(-8.9254,-6.0499,595.9700)	(-10.1406,5.2770,588.0328)	(-53.1147,-30.9606,617.1098)	(-27.5006,-28.3141,605.9782)	(14.5691,-24.0227,606.7566)	(38.7817,-23.9563,606.6444)	(-35.0093,39.8261,603.2978)	(-9.0695,33.1985,595.1169)	(20.6286,40.1877,606.0010)	(-7.0649,52.8274,595.1958)	
(-7.7975,-46.3002,594.8010)	(13.9123,-44.1698,595.6844)	(-1.7704,-7.0315,593.9278)	(-1.1469,7.3088,584.9740)	(-44.4209,-32.7352,610.0539)	(-19.0830,-28.3375,606.9342)	(20.8924,-24.0038,606.7274)	(44.4907,-22.0109,611.5837)	(-30.7894,39.5932,600.2710)	(-3.9886,34.1455,593.1093)	(22.7958,40.2580,606.9646)	(-2.9818,52.6610,594.1742)	
(-10.8212,-49.5897,596.8060)	(9.9079,-44.4870,597.6948)	(-5.7810,-9.1723,596.9330)	(-7.1568,2.2170,586.9924)	(-47.6302,-33.9196,611.0671)	(-22.2290,-29.3972,606.9302)	(16.6115,-26.0781,605.7411)	(40.8833,-21.2154,614.6416)	(-36.9681,35.2997,597.2901)	(-11.1903,28.9254,592.1267)	(16.3550,40.1111,605.0302)	(-11.2315,48.5259,593.1913)	
(-24.2761,-53.9489,598.8556)	(-2.5147,-51.7159,597.7424)	(-18.1974,-14.3295,594.9892)	(-18.3801,-1.8833,586.0236)	(-58.4326,-36.3159,615.1145)	(-33.8635,-33.8814,610.9924)	(6.0763,-31.2004,604.7840)	(33.0408,-28.4729,612.6463)	(-47.4981,30.2773,602.3354)	(-21.4602,24.7423,591.1566)	(6.5157,33.3552,598.0210)	(-23.5575,44.0856,589.2528)	
(-31.5703,-56.2376,601.8763)	(-9.7851,-55.7905,596.7776)	(-23.3550,-17.5057,596.9992)	(-22.3943,-5.9915,588.0406)	(-62.8867,-34.3669,618.1501)	(-38.1185,-33.9483,612.0143)	(-0.1319,-34.5386,605.8012)	(22.9495,-35.5208,606.6696)	(-47.6469,33.6725,606.3429)	(-24.5189,23.7104,591.1694)	(2.2871,31.1705,595.0655)	(-24.5771,43.1986,591.2492)	
(-33.6653,-56.2438,601.9022)	(-9.7882,-55.7905,596.7746)	(-23.3550,-17.5088,596.9948)	(-24.4343,-5.9852,587.0576)	(-65.1583,-34.4884,620.1622)	(-40.2652,-35.0695,613.0260)	(0.8872,-35.5903,605.7926)	(25.1394,-36.6347,607.6385)	(-45.4108,33.4690,602.3324)	(-22.4740,23.6788,590.1663)	(4.3964,33.2955,597.0326)	(-23.5449,44.3752,593.2470)	
(-31.5780,-56.2376,601.8906)	(-9.7627,-55.8858,597.7713)	(-23.3521,-17.5371,597.0148)	(-22.3988,-5.9791,587.0406)	(-62.9477,-34.4244,619.1502)	(-38.1398,-34.0057,613.0142)	(-0.1256,-34.5976,606.7992)	(25.1394,-36.6843,607.6385)	(-45.4445,33.5191,603.3300)	(-22.4740,23.6788,590.1720)	(4.3933,33.2955,596.0483)	(-22.5431,48.3332,591.2631)	
(-31.5610,-58.3235,600.8824)	(-7.6830,-57.9552,597.7486)	(-21.2786,-17.5277,597.9718)	(-20.3743,-5.9730,587.0448)	(-62.9413,-36.5726,619.1414)	(-38.0909,-37.0654,611.9982)	(1.9822,-36.6324,606.7848)	(27.3235,-36.6811,607.6487)	(-43.3235,33.4752,602.3208)	(-21.4388,23.7166,591.1524)	(6.4630,33.3017,596.0552)	(-21.5093,46.2880,591.2491)	
(-27.3854,-57.0800,598.8628)	(-3.5422,-54.7482,597.7354)	(-17.1509,-15.4118,596.9890)	(-17.2899,-3.9590,590.0008)	(-58.3785,-36.2549,615.1145)	(-33.8491,-33.8240,609.9926)	(3.0314,-35.5745,606.7832)	(29.4348,-36.6780,607.6428)	(-41.2692,35.6246,603.3182)	(-17.3395,23.8015,593.1384)	(10.7123,33.4212,598.0295)	(-18.4130,45.4260,592.2366)	
(-24.2774,-53.8570,597.8559)	(-0.4729,-53.6935,596.7230)	(-14.0153,-12.3138,597.9728)	(-13.1772,0.1534,590.0302)	(-56.2054,-34.0601,613.1142)	(-32.7631,-32.6446,607.9942)	(7.2280,-32.4132,605.7734)	(33.7408,-34.6170,609.5946)	(-37.1337,37.8505,605.3016)	(-14.2058,26.9966,595.1300)	(11.9206,36.7789,602.0089)	(-13.2420,48.6846,595.2159)	
(-17.0859,-49.3472,594.8368)	(8.7673,-49.4394,595.6948)	(-5.7291,-6.0805,598.9522)	(-5.9206,5.3200,592.9956)	(-50.7722,-30.6928,611.0977)	(-25.3988,-28.2654,604.9768)	(14.5848,-28.2299,606.7334)	(37.9576,-30.4257,609.5842)	(-31.9358,41.2745,608.2938)	(-5.8852,34.4153,598.1226)	(18.5866,42.3521,607.0066)	(-5.9122,54.2216,599.1994)	
(-7.7779,-46.3002,595.7976)	(18.1958,-43.3511,597.6588)	(4.4952,-1.8712,594.9201)	(4.0172,8.3934,587.9453)	(-41.2440,-26.3878,609.0624)	(-18.0317,-25.2113,607.9442)	(22.2375,-23.0667,610.7323)	(47.5442,-22.2799,618.5869)	(-24.5677,45.0929,603.2614)	(2.3113,37.4266,597.0610)	(23.0220,42.5766,610.9840)	(2.3865,57.3589,599.1562)	
(-11.8706,-51.6493,596.7874)	(16.1409,-49.5842,597.6476)	(0.4655,-8.1189,597.9038)	(-0.9281,2.2510,589.9536)	(-46.5359,-32.7415,610.0656)	(-22.2290,-30.5027,607.9416)	(20.1380,-29.3145,608.7163)	(45.1841,-28.6279,614.5962)	(-28.7246,39.7206,602.2600)	(-3.9116,32.1907,595.0982)	(22.8838,40.3220,607.9790)	(-3.9640,49.8263,596.1562)	
(-15.9895,-53.7402,596.8105)	(8.8928,-52.7132,597.6808)	(-5.8453,-11.1914,594.9419)	(-5.1551,2.2216,585.9896)	(-49.7487,-33.9260,611.0788)	(-26.4388,-32.6812,608.9561)	(14.7768,-28.3396,608.7558)	(40.5924,-31.6418,614.5743)	(-34.9865,37.6730,602.2890)	(-9.1169,31.0364,593.1208)	(16.2217,37.8904,603.0000)	(-9.1927,48.4527,592.1911)	
(-17.0232,-54.7825,597.8072)	(6.8255,-54.7950,597.6838)	(-7.9054,-12.2302,594.9392)	(-9.2131,0.1753,586.0038)	(-51.9046,-36.1138,612.0819)	(-26.4411,-32.6812,608.9546)	(12.5575,-30.4012,607.7492)	(38.2733,-33.7186,612.5994)	(-34.9639,35.5267,601.2800)	(-10.1296,26.9198,593.0984)	(14.0630,36.7852,602.0218)	(-12.2657,46.3916,592.1926)	
(-19.0936,-54.8823,597.8230)	(5.7794,-53.7603,597.6780)	(-9.9088,-14.3477,596.9260)	(-9.2071,-1.8588,585.9884)	(-54.0737,-36.1812,613.0937)	(-28.5521,-34.8603,609.9574)	(11.5003,-32.4560,607.7418)	(36.1418,-33.6679,611.6178)	(-37.0477,35.5236,601.2916)	(-12.1859,26.8706,592.1183)	(13.9491,34.6404,601.0075)	(-12.2811,44.2612,591.1896)	
(-19.0936,-54.8823,597.8230)	(4.7458,-54.8106,597.6882)	(-11.9758,-14.3309,595.9433)	(-11.2391,-1.8650,585.9857)	(-54.1209,-36.2421,614.0909)	(-30.6671,-34.8666,609.9750)	(9.3985,-32.5178,607.7564)	(36.0517,-35.7853,611.6017)	(-37.0353,33.3844,601.2745)	(-14.2360,24.8491,593.1098)	(11.8011,34.5236,599.0264)	(-14.3305,44.2520,591.2010)	
(-21.1607,-54.9822,598.8340)	(1.6417,-53.7790,597.7124)	(-11.9976,-14.3309,595.9376)	(-11.2626,-1.8596,585.0068)	(-54.1209,-36.2421,614.0937)	(-30.6671,-34.8666,609.9706)	(9.3985,-34.5691,606.7542)	(35.1820,-35.8426,612.6010)	(-37.0017,33.3342,599.2851)	(-14.2541,24.7731,591.1352)	(11.8011,34.5789,599.0307)	(-14.3243,42.2068,591.1869)	
(-21.1576,-56.9673,598.8213)	(4.6992,-54.7202,596.7002)	(-10.9940,-15.3714,595.9505)	(-11.2391,-1.8650,585.9914)	(-54.0673,-38.3087,613.0850)	(-30.6671,-34.8634,610.9674)	(9.3985,-34.5691,606.7498)	(34.0231,-34.7838,611.5989)	(-37.0017,33.3342,599.2851)	(-14.2541,24.7731,591.1310)	(11.8073,32.4445,599.0150)	(-14.3243,42.1440,590.2064)	
(-21.1544,-57.0613,598.8256)	(4.7458,-54.8137,597.6910)	(-11.9696,-16.3996,595.9391)	(-11.2330,-3.8990,585.9871)	(-54.0737,-36.1812,613.0966)	(-30.6671,-34.8666,609.9706)	(9.4017,-34.6280,607.7464)	(34.0294,-36.8520,611.5887)	(-37.0154,33.3342,600.2742)	(-14.2541,24.7731,591.1211)	(11.7429,32.4445,598.0208)	(-14.3424,42.1378,590.1923)	
(-23.2376,-54.9885,598.8484)	(0.5653,-54.8169,597.7054)	(-12.9907,-15.4209,597.9428)	(-13.2050,-3.9348,589.0094)	(-56.1991,-36.1876,613.1083)	(-32.7695,-34.7484,608.9868)	(7.1939,-36.5574,605.7518)	(34.0294,-36.9110,611.6004)	(-37.0415,33.4376,601.2858)	(-14.2117,22.8208,594.0973)	(13.8843,32.5026,599.0092)	(-12.2750,42.2129,591.1714)	
(-28.4301,-53.9614,598.8786)	(-4.6130,-53.7059,596.7474)	(-16.1221,-12.2746,595.9846)	(-15.2927,-0.8577,587.0318)	(-59.5115,-30.9798,615.1452)	(-34.9098,-30.6451,611.0067)	(5.1729,-32.4750,606.7802)	(29.5146,-34.6266,609.6238)	(-37.0677,35.5772,602.2892)	(-16.2984,26.8613,592.1410)	(11.7491,32.4445,599.0006)	(-14.3305,44.2612,591.2010)	
(-26.3593,-51.8761,598.8756)	(-2.5054,-53.7915,597.7354)	(-16.1010,-14.3695,596.9618)	(-15.2701,-1.8995,589.0022)	(-59.6232,-31.0845,617.1453)	(-34.9098,-30.6909,611.0039)	(7.2375,-32.4687,606.7686)	(31.7157,-34.6790,610.6012)	(-34.9536,37.5556,600.2882)	(-16.2984,26.8951,592.1551)	(11.7491,32.4445,599.0022)	(-14.3305,44.2582,591.2010)	
(-24.2823,-51.8699,598.8640)	(-2.5054,-53.7915,597.7354)	(-14.0642,-14.3309,595.9476)	(-13.2512,-1.8795,587.0010)	(-57.3729,-33.1079,615.1246)	(-32.8011,-32.8115,610.9878)	(7.2905,-32.5241,607.7682)	(35.0809,-32.6630,611.6076)	(-37.0278,35.4669,601.2888)	(-14.2603,26.8214,591.1380)	(11.8073,32.4964,599.0207)	(-14.3366,44.1857,591.1980)	
(-21.1640,-54.8886,598.8198)	(-0.4319,-53.7822,597.7224)	(-13.0309,-15.3776,595.9620)	(-13.2451,-3.9140,586.9983)	(-56.2497,-36.2485,614.1054)	(-32.7821,-34.8666,609.9824)	(9.3922,-32.4624,606.7570)	(34.0231,-34.7870,611.6048)	(-39.1254,33.4314,601.2973)	(-16.2922,24.8065,592.1311)	(11.8073,32.5482,600.0064)	(-16.3737,42.2006,591.1982)	
(-23.2376,-54.9885,598.8455)	(-0.4319,-53.7853,597.7240)	(-14.0642,-14.3140,594.9664)	(-13.2712,-1.8741,586.0124)	(-56.3068,-34.1750,615.1143)	(-32.7821,-34.8793,610.9776)	(7.2905,-32.5241,607.7682)	(35.0841,-32.6630,611.6092)	(-39.1254,33.4314,601.2973)	(-16.2922,24.8399,593.1156)	(10.7123,33.4212,598.0338)	(-16.3737,42.2006,591.2039)	
(-23.2314,-57.0675,598.8370)	(2.6722,-54.7233,596.7104)	(-13.0108,-15.3993,596.9504)	(-13.2451,-3.9140,587.0039)	(-56.3004,-36.3095,615.1056)	(-31.7591,-33.8782,610.9732)	(7.2905,-34.5754,607.7522)	(34.0231,-34.7838,611.6032)	(-39.1254,33.4314,601.2973)	(-16.2922,24.8096,592.1368)	(10.7657,33.4747,599.0180)	(-16.3737,42.1975,591.1940)	
(-21.1544,-57.0613,598.8228)	(2.6784,-54.8169,597.7024)	(-13.0108,-15.3993,596.9461)	(-13.2451,-3.9140,587.0179)	(-56.3004,-36.3095,615.1056)	(-32.7821,-34.8666,610.9718)	(7.2905,-34.5754,607.7522)	(34.0263,-34.7870,611.6092)	(-39.1254,33.4314,601.2973)	(-16.2922,24.8368,593.1114)	(10.7123,33.4212,598.0295)	(-16.3737,42.2006,591.2082)	
(-23.2376,-54.9885,598.8455)	(2.6753,-54.8169,597.7010)	(-13.0309,-15.3931,596.9389)	(-13.2250,-3.9201,587.9925)	(-56.3004,-36.3095,615.1056)	(-32.7821,-34.8666,610.9792)	(7.2905,-34.5754,607.7506)	(33.9364,-34.7346,611.5930)	(-39.1254,33.4314,601.2973)	(-16.2922,24.8430,593.1170)	(10.7123,33.4212,598.0338)	(-16.3737,42.2006,591.1982)	
(-23.2376,-54.9885,598.8455)	(2.6784,-54.8169,597.7024)	(-13.0309,-15.3714,595.9505)	(-13.2712,-1.8741,586.9954)	(-56.3004,-36.3095,615.1056)	(-31.7246,-35.9315,609.9722)	(7.2905,-34.5754,606.7658)	(33.9332,-34.7314,610.6259)	(-39.1254,33.4314,601.2973)	(-16.2922,24.8461,593.1213)	(10.7657,33.4212,599.0094)	(-16.3737,42.1975,591.1982)	
(-23.2314,-57.0675,598.8370)	(0.6049,-54.8231,597.7140)	(-14.0458,-14.3402,595.9548)	(-13.2712,-1.8772,586.0052)	(-56.3004,-36.3095,615.1056)	(-32.7821,-34.8666,610.9792)	(7.2905,-34.5754,607.7522)	(34.0263,-34.7838,611.6048)	(-39.1020,33.3781,601.2973)	(-16.2922,24.8430,593.1170)	(10.7626,35.5538,599.0222)	(-16.3737,42.1286,591.1926)	
(-23.2376,-54.9885,598.8455)	(2.6784,-54.8169,597.7024)	(-13.0108,-15.3993,596.9504)	(-13.2512,-1.8765,587.0066)	(-56.3004,-36.3095,615.1056)	(-31.7591,-33.8782,610.9792)	(7.2905,-34.5754,607.7522)	(34.0231,-34.7838,611.6032)	(-39.1316,35.5205,602.3020)	(-16.2922,24.8368,593.1114)	(10.7595,35.5538,599.0164)	(-16.3737,42.2006,591.2039)	
(-23.2376,-54.9885,598.8455)	(-0.4319,-53.7853,597.7240)	(-14.0458,-14.3402,595.9605)	(-13.2712,-1.8741,586.0180)	(-56.3068,-34.1750,615.1114)	(-32.7821,-34.8666,610.9776)	(7.2905,-32.5241,607.7682)	(35.0777,-32.6630,611.6032)	(-39.1550,35.5710,602.3036)	(-16.2922,24.8368,593.1228)	(10.7657,35.5538,599.0364)	(-16.3798,44.2520,591.2124)	
(-23.2376,-54.9885,598.8455)	(2.6722,-54.7233,597.6994)	(-14.0458,-14.3402,595.9662)	(-13.2512,-1.8795,587.0164)	(-56.3004,-36.3095,615.1027)	(-32.7821,-34.8666,609.9852)	(7.2437,-34.5754,606.7600)	(33.9332,-34.7346,611.5887)	(-39.1254,33.4314,601.2973)	(-16.2922,24.8368,593.1114)	(10.7595,35.4905,599.0322)	(-16.3798,44.2551,591.2150)	
(-23.2376,-54.9885,598.8455)	(1.6417,-53.7790,597.7124)	(-14.0458,-14.3371,595.9605)	(-15.2867,-2.8952,587.0138)	(-56.3004,-36.3095,615.1056)	(-31.7591,-33.8782,610.9732)	(9.3922,-32.4624,607.7476)	(33.9332,-34.7346,611.5887)	(-39.1254,33.4314,601.2973)	(-16.2922,24.8430,593.1270)	(9.7757,34.5758,599.0422)	(-16.3652,44.2582,591.2264)	
(-23.2376,-54.9885,599.8424)	(-0.4412,-53.6935,597.7210)	(-14.0642,-14.3340,595.9490)	(-15.2867,-2.8952,587.0138)	(-56.3004,-36.3095,615.1027)	(-31.7591,-33.8782,610.9732)	(7.2905,-32.5241,607.7682)	(33.9269,-34.6758,610.5996)	(-39.1550,35.5710,602.3036)	(-16.2775,24.8461,593.1384)	(10.7595,35.5475,599.0380)	(-16.3652,44.3183,592.1914)	
(-23.2376,-54.9885,598.8455)	(1.6417,-53.7790,597.7124)	(-14.0458,-14.3371,595.9548)	(-15.3032,-2.8881,586.0222)	(-56.3004,-36.3095,615.1056)	(-32.7821,-34.8666,610.9776)	(9.3985,-34.5691,606.7498)	(33.9332,-34.7346,611.5930)	(-39.1550,35.5772,602.3062)	(-16.3131,26.8582,592.1296)	(10.7626,35.5506,599.0322)	(-16.3652,44.2582,591.2264)	
(-23.2376,-54.9885,598.8455)	(-0.4319,-53.7853,597.7240)	(-14.0458,-14.3371,595.9548)	(-13.2512,-1.8765,587.0122)	(-56.3004,-36.3095,615.1056)	(-31.7591,-33.8782,610.9792)	(7.2905,-34.5754,607.7522)	(33.9332,-34.7314,610.6200)	(-39.1550,35.5710,602.3036)	(-16.2775,24.8461,593.1369)	(10.7595,35.4905,599.0322)	(-16.3652,44.3244,592.2084)	
(-23.2376,-54.9885,598.8455)	(2.6353,-54.7233,597.6940)	(-13.0108,-15.3993,596.9446)	(-13.2512,-1.8795,587.0010)	(-56.3004,-36.3095,615.1056)	(-31.7591,-33.8782,610.9792)	(7.2873,-34.5754,606.7643)	(34.0231,-34.7346,611.5989)	(-39.1254,33.4314,601.2973)	(-16.2775,24.8461,593.1384)	(10.7657,35.5538,599.0322)	(-16.3798,44.2551,591.2150)	
(-23.2376,-54.9885,598.8455)	(2.6784,-54.8169,597.7024)	(-14.0642,-14.3140,594.9650)	(-13.2512,-1.8765,586.9968)	(-56.3004,-36.3095,615.1056)	(-31.7591,-33.8782,610.9792)	(7.2905,-34.5754,607.7522)	(34.0263,-34.7838,611.6092)	(-39.1254,33.4314,601.2973)	(-16.2775,24.8399,593.1213)	(10.7092,35.4905,599.0422)	(-16.3798,44.2520,591.2124)	
(-23.2376,-54.9885,598.8455)	(0.6049,-54.8231,597.7140)	(-13.0108,-15.3993,596.9504)	(-15.3032,-2.8881,586.0278)	(-56.3004,-36.3095,615.1056)	(-32.7821,-34.8666,610.9792)	(7.2936,-34.5754,607.7580)	(33.9332,-34.7838,611.5989)	(-39.1254,33.4314,601.2973)	(-16.2775,24.8430,593.1312)	(10.7657,35.5506,599.0422)	(-16.3798,44.2520,591.2124)	
(-23.2376,-54.9885,598.8455)	(2.6784,-54.8169,597.7024)	(-14.0642,-14.3171,595.9433)	(-13.2512,-1.8765,587.0164)	(-56.3068,-34.1750,615.1143)	(-31.7591,-33.8782,610.9776)	(7.2905,-32.5241,607.7682)	(35.0777,-32.6630,611.6032)	(-39.1254,33.4314,601.2973)	(-16.2775,24.8430,593.1312)	(11.8104,32.4964,600.0106)	(-16.3798,44.2520,591.2124)	
(-23.2376,-54.9885,598.8455)	(2.6784,-54.8169,597.7024)	(-14.0642,-14.3140,594.9706)	(-13.2512,-1.8765,587.0024)	(-56.3004,-36.3095,615.1056)	(-32.7821,-34.8666,610.9718)	(9.3985,-34.5691,606.7542)	(35.0841,-35.7853,611.6134)	(-39.1254,33.4314,601.2973)	(-16.2922,24.8368,593.1170)	(11.8073,32.4964,599.0222)	(-16.3798,44.1857,591.2109)	
(-23.2376,-54.9885,598.8455)	(2.6784,-54.8169,597.7024)	(-14.0642,-14.3171,594.9706)	(-13.2712,-1.8741,586.0222)	(-56.3004,-36.3095,615.1056)	(-32.7821,-34.8666,610.9732)	(9.3985,-34.5691,607.7390)	(34.0231,-34.7838,611.6032)	(-39.1254,33.4314,601.2973)	(-16.2922,24.8368,593.1114)	(11.8042,32.4964,599.0207)	(-16.3737,42.2006,591.2024)	
(-23.2376,-54.9885,598.8455)	(2.6784,-54.8169,597.7024)	(-13.0108,-15.4024,596.9560)	(-13.2512,-1.8795,587.0010)	(-56.3004,-36.3095,615.1056)	(-31.7591,-33.8782,610.9792)	(9.3985,-34.5691,607.7405)	(33.9364,-34.7346,611.5930)	(-39.1192,33.3812,601.2973)	(-16.2922,24.8034,592.1311)	(10.7123,33.4212,598.0322)	(-16.3737,42.2006,591.2024)	
(-23.2376,-54.9885,598.8455)	(2.6784,-54.8169,597.7024)	(-13.0309,-15.3776,595.9620)	(-13.2250,-3.9229,587.9981)	(-56.3004,-36.3095,615.1056)	(-31.7591,-33.8782,610.9792)	(7.2905,-34.5754,607.7522)	(34.0231,-34.7346,611.5989)	(-39.1254,33.4314,601.2973)	(-16.2775,24.8399,593.1213)	(10.7626,35.5538,599.0222)	(-16.3737,42.2037,591.2066)	
(-23.2376,-54.9885,598.8455)	(2.6353,-54.7233,596.7058)	(-13.0309,-15.3962,596.9389)	(-13.2712,-1.8711,586.0263)	(-56.3004,-36.3095,615.1056)	(-32.7821,-34.9257,610.9792)	(9.3985,-34.5691,606.7542)	(34.0231,-34.7838,611.6004)	(-39.1254,33.4314,601.2973)	(-16.2922,24.8096,592.1311)	(10.7154,33.4212,598.9979)	(-16.3737,42.2006,591.2024)	
(-23.2314,-57.0675,598.8370)	(2.6784,-54.8169,597.7024)	(-13.0108,-15.3931,596.9389)	(-13.2250,-3.9256,588.0038)	(-56.4017,-36.3127,615.1071)	(-32.7821,-34.8666,610.9792)	(7.2873,-34.5754,607.7506)	(34.0231,-34.7870,611.6048)	(-39.1254,33.4314,601.2973)	(-16.2775,24.8491,593.1342)	(10.7154,33.4212,599.0022)	(-16.3737,42.2006,591.1982)	
(-23.2376,-54.9885,598.8455)	(2.6784,-54.8169,597.7024)	(-13.0309,-15.3931,596.9431)	(-15.2867,-2.8952,587.0138)	(-56.3004,-36.3095,615.1056)	(-32.7821,-34.8666,610.9732)	(7.2905,-34.5754,607.7522)	(34.0231,-34.7314,610.6259)	(-39.1254,33.4314,601.2973)	(-16.2922,24.8368,592.1368)	(10.7123,33.4212,598.0338)	(-16.3737,42.2006,591.2024)	
(-23.2376,-54.9885,598.8455)	(0.6049,-54.8231,597.7140)	(-13.0309,-15.3776,595.9662)	(-15.2640,-3.9409,588.9938)	(-56.3004,-36.3095,615.1056)	(-32.7821,-34.8666,610.9792)	(7.2873,-34.5754,606.7643)	(34.0231,-34.7282,611.5887)	(-39.1254,33.4314,601.2973)	(-16.2922,24.8430,593.1170)	(10.7154,33.4212,598.9979)	(-16.3737,42.1975,591.1997)	
(-23.2376,-54.9885,598.8455)	(0.5987,-54.8231,597.7082)	(-13.0108,-15.4024,596.9560)	(-15.2474,-3.9409,589.0150)	(-56.2434,-38.3795,614.0968)	(-31.7246,-35.9315,609.9722)	(7.2905,-34.5754,607.7522)	(33.9332,-34.7346,611.5930)	(-39.1425,33.4314,602.2864)	(-16.2922,24.8034,592.1368)	(10.7688,33.4747,599.0252)	(-16.3737,42.2006,591.1982)	
(-23.2376,-54.9885,598.8455)	(2.6784,-54.8169,597.7024)	(-13.0108,-15.4055,596.9618)	(-13.2512,-1.8765,587.0122)	(-56.3004,-36.3095,615.1084)	(-32.7821,-34.8666,610.9776)	(7.2905,-34.5754,607.7522)	(34.0231,-34.7838,611.6032)	(-39.1488,33.4847,602.2949)	(-16.2922,24.8368,593.1114)	(10.7154,33.4212,598.0380)	(-16.3798,44.2489,591.2124)	
(-23.2376,-54.9885,598.8455)	(0.6049,-54.8231,597.7140)	(-13.0108,-15.3993,596.9504)	(-15.3032,-2.8952,587.0024)	(-56.3004,-36.3095,615.1056)	(-32.7821,-34.8666,610.9776)	(7.2905,-34.5754,607.7522)	(34.0231,-34.7346,611.5989)	(-39.1254,33.4314,601.2973)	(-16.2922,24.8399,593.1156)	(10.7092,33.4212,598.0252)	(-16.3737,42.2006,591.2039)	
(-23.2376,-54.9885,598.8455)	(1.6417,-53.7790,597.7124)	(-13.0309,-15.3962,596.9389)	(-13.2512,-1.8795,587.0010)	(-56.3004,-36.3095,615.1056)	(-32.7821,-34.8666,610.9792)	(7.2905,-34.5754,607.7522)	(34.0294,-34.7902,611.6150)	(-39.1254,33.4314,601.2946)	(-16.2922,24.8430,593.1170)	(10.7657,35.5506,599.0322)	(-16.3737,42.2006,591.2039)	
(-23.2376,-54.9885,599.8366)	(1.6417,-53.7790,597.7124)	(-14.0458,-14.3402,595.9605)	(-13.2512,-1.8765,587.0066)	(-56.3004,-36.3095,615.1056)	(-32.7821,-34.8666,610.9792)	(7.2905,-34.5754,607.7522)	(34.0231,-34.7838,611.6032)	(-39.1254,33.4314,601.2973)	(-16.2922,24.8430,593.1255)	(10.7657,35.5538,599.0307)	(-16.3737,42.1975,591.1997)	
(-23.2376,-54.9885,598.8455)	(-0.4002,-53.7853,597.7240)	(-14.0458,-14.3340,595.9490)	(-13.2712,-1.8795,586.9870)	(-56.3004,-36.3095,615.1056)	(-32.7821,-34.8666,610.9792)	(7.2905,-34.5754,607.7564)	(33.9301,-34.7282,610.6098)	(-39.1425,33.4314,602.2922)	(-16.2922,24.8399,593.1170)	(10.7154,33.4212,598.0380)	(-16.3737,42.2006,591.2039)	
(-23.2376,-54.9885,598.8470)	(2.6784,-54.8169,597.7024)	(-14.0458,-14.3371,595.9548)	(-15.2867,-2.8952,587.0138)	(-56.3004,-36.3095,615.1056)	(-31.7591,-33.8782,610.9776)	(7.2905,-34.5754,607.7522)	(34.0231,-34.7346,611.5989)	(-39.1254,33.4314,601.2973)	(-16.2922,24.8368,593.1114)	(10.7626,35.5538,599.0222)	(-16.3944,43.2325,591.1911)	
(-23.2376,-54.9885,598.8470)	(2.6784,-54.8169,597.7024)	(-13.0108,-15.4055,596.9618)	(-15.3032,-2.8881,586.0319)	(-56.2497,-36.2485,614.1084)	(-31.7246,-35.9315,609.9765)	(7.2905,-34.5754,607.7564)	(33.9332,-34.7346,611.5887)	(-39.1254,33.4314,601.2973)	(-16.2922,24.8368,593.1114)	(10.7154,33.4212,598.0380)	(-16.3737,42.2006,591.2039)	
(-23.2376,-54.9885,598.8455)	(2.6784,-54.8169,597.7024)	(-14.0458,-13.2814,594.9706)	(-13.2512,-1.8765,587.0122)	(-56.3004,-36.3095,615.1027)	(-31.7419,-33.8718,610.9732)	(9.3985,-31.4627,607.7492)	(35.0904,-32.6662,611.6134)	(-39.1254,33.4314,601.2973)	(-16.2922,24.8430,593.1156)	(10.7626,33.4212,599.0080)	(-16.3737,42.2006,591.1884)	
(-23.2376,-54.9885,598.8455)	(1.6417,-53.7790,597.7124)	(-13.0309,-15.3962,596.9446)	(-15.2867,-1.8941,588.0080)	(-56.3004,-36.3095,615.1056)	(-32.7821,-34.8666,610.9776)	(7.2873,-34.5754,606.7643)	(33.9301,-34.7314,611.5887)	(-39.1254,33.4314,601.2973)	(-16.2922,24.8368,593.1114)	(10.7092,33.4212,598.0194)	(-16.3737,42.2006,591.2039)	
(-23.2376,-54.9885,598.8455)	(0.6018,-54.8231,597.7140)	(-14.0642,-14.3371,595.9505)	(-15.2867,-2.8952,587.0277)	(-56.3004,-36.3095,615.1056)	(-31.7246,-35.9315,609.9692)	(7.2905,-34.5754,607.7506)	(34.0231,-34.7838,611.6032)	(-39.1456,33.4314,602.2906)	(-16.2922,24.8430,593.1213)	(10.7626,33.4212,599.0036)	(-16.3737,42.1975,591.2024)	
(-23.2376,-54.9885,598.8470)	(1.6417,-53.7790,597.7124)	(-13.0108,-15.3993,596.9504)	(-13.2712,-1.8772,586.9954)	(-56.3004,-36.3095,615.1056)	(-31.7591,-33.8782,610.9792)	(7.2905,-34.5754,607.7564)	(34.0231,-34.7314,611.5930)	(-39.1254,33.4314,601.2973)	(-16.3069,24.8034,592.1170)	(10.7595,35.5538,599.0150)	(-16.3737,42.2006,591.2024)	
(-23.2376,-54.9885,598.8484)	(2.6784,-54.8169,597.7024)	(-13.0108,-15.3993,596.9404)	(-15.3032,-2.8881,586.0278)	(-56.3004,-36.3095,615.1056)	(-31.7591,-33.8782,610.9732)	(7.2873,-34.5754,606.7643)	(33.9301,-34.7250,610.6054)	(-39.1254,33.4314,601.2973)	(-16.2922,24.8368,593.1114)	(10.7688,33.4747,599.0136)	(-16.3737,42.1975,591.1997)	
(-21.1638,-54.9822,598.8340)	(1.6417,-53.7790,597.7124)	(-14.0458,-14.3632,596.9546)	(-15.3032,-2.8912,586.9983)	(-56.3004,-36.3095,615.1056)	(-32.7821,-34.8666,610.9776)	(7.2905,-34.5754,607.7522)	(34.0231,-34.7838,611.6032)	(-39.1254,33.4314,602.2922)	(-16.2922,24.8096,592.1311)	(10.7657,35.5475,600.0064)	(-16.3737,42.1975,591.1997)	
(-23.2376,-54.9885,598.8455)	(2.6784,-54.8169,597.7024)	(-14.0458,-14.3402,595.9605)	(-15.3032,-2.8952,587.0081)	(-56.3004,-36.3095,615.1056)	(-31.7246,-35.9315,609.9722)	(7.2905,-34.5754,607.7522)	(33.9301,-34.7314,611.5887)	(-39.1285,33.4314,601.2988)	(-16.2922,24.8034,592.1227)	(10.7688,33.4747,599.0122)	(-16.3737,42.2006,591.1997)	
(-23.2376,-54.9885,598.8455)	(1.6417,-53.7790,597.7124)	(-14.0642,-14.3402,595.9562)	(-15.2867,-2.8952,587.0138)	(-56.3004,-36.3095,615.1056)	(-31.7591,-33.8782,610.9732)	(7.2905,-34.5754,607.7522)	(34.0231,-34.7346,611.5974)	(-39.1254,33.4314,601.2973)	(-16.2922,24.8096,592.1170)	(10.7092,35.5506,599.0264)	(-16.3737,42.1975,591.1982)	
(-23.2376,-54.9885,598.8556)	(2.6353,-54.7233,596.7074)	(-14.0458,-14.3433,595.9704)	(-13.2712,-1.8795,586.9968)	(-56.3004,-36.3095,615.1056)	(-31.7246,-35.9315,609.9692)	(7.2873,-34.5754,606.7658)	(34.0263,-34.7838,611.6092)	(-39.1254,33.4314,601.2988)	(-16.2775,24.8430,593.1369)	(10.7626,35.5506,599.0364)	(-16.3737,42.2006,591.2054)	
(-23.2376,-54.9885,598.8455)	(1.6386,-53.6872,597.7124)	(-14.0458,-14.3340,595.9490)	(-15.2867,-2.8952,587.0138)	(-56.3004,-36.3095,615.1056)	(-31.7246,-35.9315,609.9692)	(7.2905,-34.5754,607.7522)	(34.0231,-34.7346,611.5930)	(-39.1254,33.4314,601.2973)	(-16.2922,24.8034,592.1212)	(10.7123,33.4212,598.0380)	(-16.3737,42.1975,591.1982)	
(-23.2376,-54.9885,598.8455)	(2.6784,-54.8169,597.7024)	(-14.0458,-14.3371,595.9548)	(-13.2712,-1.8772,586.0180)	(-56.4017,-36.4314,615.1084)	(-32.7821,-34.8666,609.9867)	(7.2936,-34.6343,607.7580)	(34.0231,-34.7314,611.5930)	(-39.1254,33.4314,601.2973)	(-16.3069,24.8065,592.1227)	(10.7092,35.5506,599.0250)	(-16.3737,42.2006,591.1997)	
(-23.2376,-54.9885,598.8455)	(2.6784,-54.8169,597.7024)	(-13.0309,-15.3931,596.9389)	(-15.2867,-2.8952,587.0138)	(-56.3004,-36.3095,615.1056)	(-31.7246,-35.9315,609.9737)	(7.2905,-34.5754,607.7506)	(34.0231,-34.7838,611.6032)	(-39.1254,33.4314,601.2973)	(-16.2922,24.8368,592.1368)	(10.7154,33.4212,598.9979)	(-16.3737,42.1975,591.1940)	
(-23.2376,-54.9885,598.8498)	(2.6753,-54.8169,597.7024)	(-13.0108,-15.4024,596.9560)	(-13.2712,-1.8741,586.9912)	(-56.3004,-36.3095,615.1056)	(-31.7591,-33.8782,610.9792)	(7.2905,-34.5754,607.7564)	(34.0263,-34.7870,611.6150)	(-39.1254,33.4314,602.2922)	(-16.2922,24.8034,592.1326)	(10.7688,33.4747,599.0122)	(-16.3737,42.1945,591.1940)	
(-23.2376,-54.9885,598.8455)	(1.6417,-53.7790,597.7124)	(-14.0642,-14.3171,594.9706)	(-15.3032,-2.8952,587.0024)	(-56.3004,-36.3095,615.1056)	(-31.7591,-33.8782,610.9792)	(7.2905,-34.5754,607.7522)	(34.0231,-34.7870,611.6048)	(-39.1254,33.4314,601.2973)	(-16.2775,24.8399,593.1270)	(10.7092,35.4936,599.0164)	(-16.3737,42.2006,591.1982)	
(-23.2376,-54.9885,598.8470)	(-0.4319,-53.7853,597.7240)	(-14.0458,-14.3140,594.9664)	(-15.2867,-2.8952,587.0138)	(-56.3004,-36.3095,615.1027)	(-32.7821,-34.8666,610.9776)	(7.2905,-34.5754,607.7564)	(33.9364,-34.7870,611.6032)	(-39.1254,33.4314,601.2973)	(-16.2922,24.8368,592.1368)	(10.7688,33.4747,599.0107)	(-16.3737,42.1975,591.1940)	
(-23.2376,-54.9885,598.8498)	(-0.4319,-53.7853,597.7240)	(-14.0458,-14.3371,595.9548)	(-15.3032,-2.8881,586.9983)	(-56.3068,-34.1750,615.1143)	(-32.7821,-34.8666,610.9776)	(7.2905,-32.5241,607.7682)	(35.0841,-32.6630,611.6092)	(-41.2392,33.4815,602.3108)	(-16.2922,24.8368,593.1114)	(10.7123,33.4212,598.0380)	(-16.3944,44.1765,590.2120)	
(-23.2376,-54.9885,598.8455)	(2.6784,-54.8169,597.7024)	(-14.0642,-14.3171,594.9664)	(-15.2867,-2.9024,588.0023)	(-56.3004,-36.3095,615.1056)	(-32.7821,-34.8666,610.9732)	(9.3484,-34.5691,606.7484)	(34.0231,-34.7838,611.5989)	(-39.1020,33.3781,601.2918)	(-16.2922,24.8065,592.1326)	(10.7626,35.4905,599.0422)	(-16.3737,42.2006,591.2024)	
(-23.2376,-54.9885,598.8455)	(1.6417,-53.7790,597.7124)	(-14.0642,-14.3340,595.9490)	(-15.3032,-2.8952,587.0081)	(-56.3004,-36.3095,615.1056)	(-31.7591,-33.8782,610.9792)	(7.2905,-34.5754,607.7522)	(34.0231,-34.7346,611.5974)	(-39.1456,33.4815,602.2906)	(-16.2922,24.8430,593.1170)	(10.7688,33.4747,599.0094)	(-16.3737,42.2696,591.2180)	
(-23.2376,-54.9885,598.8455)	(2.6784,-54.8169,597.7024)	(-14.0458,-14.3371,595.9548)	(-15.2867,-1.8941,587.0277)	(-56.3004,-36.3095,615.1056)	(-32.7821,-34.8666,610.9718)	(7.2905,-34.5754,607.7522)	(34.0231,-34.7838,611.5989)	(-39.1254,33.4314,601.2973)	(-16.2775,24.8461,593.1270)	(10.7688,33.4747,599.0136)	(-16.3737,42.2006,591.1997)	
(-23.2376,-54.9885,598.8484)	(1.6417,-53.7790,597.7124)	(-14.0642,-14.3171,595.9433)	(-15.3032,-2.8952,587.0024)	(-56.3004,-36.3095,615.1056)	(-31.7591,-33.8782,610.9792)	(7.2873,-34.5754,606.7658)	(33.9332,-34.7838,611.5974)	(-39.1254,33.4314,601.2973)	(-16.2922,24.8096,592.1424)	(10.7657,35.5506,599.0464)	(-16.3737,42.1975,591.1982)	
(-23.2376,-54.9885,598.8498)	(1.6799,-53.7790,597.7124)	(-14.0458,-14.3433,595.9662)	(-15.3032,-2.8952,587.0066)	(-56.3004,-36.3095,615.1056)	(-31.7591,-33.8782,610.9792)	(9.3985,-34.5691,607.7405)	(34.0263,-34.7870,611.6092)	(-39.1254,33.4314,601.2973)	(-16.2922,24.8368,592.1466)	(10.7092,35.4936,599.0164)	(-16.3737,42.1975,591.2024)	
(-23.2376,-54.9885,598.8455)	(-0.4319,-53.7853,597.7240)	(-14.0275,-14.3632,596.9546)	(-15.3032,-2.8952,587.0024)	(-56.3004,-36.3095,615.1056)	(-31.7591,-33.8782,610.9792)	(7.2905,-34.5754,607.7564)	(33.9332,-34.7838,611.5974)	(-39.1254,33.4314,601.2973)	(-16.2922,24.8034,592.1311)	(9.7757,34.5758,599.0422)	(-16.3737,42.2006,591.2024)	
(-23.2376,-54.9885,598.8484)	(2.6784,-54.8169,597.7024)	(-14.0275,-14.3632,596.9546)	(-15.3032,-2.8881,586.0180)	(-56.3004,-36.3095,615.1056)	(-31.7591,-33.8782,610.9792)	(9.3954,-34.5691,606.7498)	(33.9301,-34.7282,610.6200)	(-39.1223,33.3781,601.2973)	(-16.2922,24.8034,592.1311)	(10.7626,35.5506,600.0064)	(-16.3737,42.2006,591.2024)	
(-23.2376,-54.9885,598.8540)	(1.6417,-53.7790,597.7124)	(-14.0458,-14.3340,595.9490)	(-15.3032,-2.8952,587.0081)	(-56.3004,-36.3095,615.1056)	(-31.7246,-35.9315,609.9706)	(7.2406,-34.5754,606.7600)	(34.0231,-34.7838,611.6032)	(-39.1254,33.4314,601.2973)	(-16.2922,24.8399,593.1170)	(10.7595,35.4936,599.0222)	(-16.3737,42.1975,591.1982)	
(-24.2748,-53.9489,598.8584)	(1.6386,-53.6872,597.7094)	(-14.0642,-14.3309,595.9433)	(-13.2712,-1.8741,586.0166)	(-56.3004,-36.3095,615.1056)	(-32.7821,-34.8666,610.9718)	(7.2406,-34.5754,606.7614)	(33.9332,-34.7346,611.5930)	(-39.1456,33.4314,602.2922)	(-16.2775,24.8430,593.1312)	(10.7626,35.5538,599.0207)	(-16.3737,42.2006,591.2082)	
(-23.2376,-54.9885,598.8455)	(2.6353,-54.7233,597.6825)	(-14.0458,-14.3570,596.9431)	(-13.2512,-1.8765,586.9954)	(-56.3004,-36.3095,615.1056)	(-31.7591,-33.8782,610.9732)	(7.2905,-34.5786,607.7564)	(34.0231,-34.7346,611.5989)	(-39.1254,33.4314,601.2973)	(-16.2775,24.8399,593.1170)	(10.7092,35.4936,599.0164)	(-16.3737,42.2006,591.2024)	
(-23.2376,-54.9885,598.8470)	(2.6753,-54.8169,597.7024)	(-14.0458,-14.3433,595.9704)	(-15.2867,-2.8952,587.0236)	(-56.3004,-36.3095,615.1056)	(-31.7591,-33.8782,610.9806)	(7.2905,-34.5754,607.7522)	(33.9332,-34.7346,611.5930)	(-39.1254,33.4314,601.2973)	(-16.2922,24.8096,592.1368)	(10.7657,35.5538,599.0264)	(-16.3737,42.2006,591.2082)	
(-23.2376,-54.9885,598.8513)	(2.6722,-54.7233,596.7104)	(-14.0642,-14.3109,594.9650)	(-15.3032,-2.8881,586.0180)	(-56.3004,-36.3095,615.1056)	(-31.7591,-33.8782,610.9792)	(9.3484,-34.5691,606.7498)	(34.0231,-34.7314,611.5930)	(-39.1254,33.4314,601.2973)	(-16.2922,24.8368,593.1114)	(10.7626,35.5506,599.0307)	(-16.3737,42.2006,591.2024)	
(-23.2376,-54.9885,598.8455)	(1.6417,-53.7790,597.7124)	(-14.0275,-14.3695,596.9660)	(-15.3032,-2.8881,586.0180)	(-56.3004,-36.3095,615.1056)	(-32.7821,-34.8666,610.9732)	(7.2873,-34.5754,606.7643)	(34.0231,-34.7838,611.6048)	(-39.1254,33.4314,601.2946)	(-16.2922,24.8368,592.1424)	(10.7657,35.5475,600.0106)	(-16.3737,42.1975,591.1982)	
(-23.2376,-54.9885,598.8455)	(2.6784,-54.8169,597.7054)	(-14.0458,-14.3433,595.9704)	(-13.2712,-1.8711,586.0263)	(-56.3004,-36.3095,615.1056)	(-32.7821,-34.8666,610.9732)	(7.2905,-34.5754,607.7522)	(33.9332,-34.7314,611.5887)	(-39.1192,33.3781,601.2960)	(-16.2922,24.8430,593.1170)	(10.7595,35.5538,599.0207)	(-16.3737,42.1975,591.1982)	
(-23.2376,-54.9885,598.8484)	(-0.4319,-53.7853,597.7240)	(-14.0642,-14.3340,595.9490)	(-15.2867,-2.8952,587.0138)	(-56.3004,-36.3095,615.1056)	(-31.7591,-33.8782,610.9732)	(7.2905,-34.5754,607.7522)	(33.9332,-34.7346,611.5930)	(-39.1254,33.4314,601.2973)	(-16.2922,24.8096,592.1466)	(10.7719,33.4747,599.0337)	(-16.3737,42.1347,591.1982)	
(-23.2376,-54.9885,598.8484)	(1.6417,-53.7790,597.7124)	(-14.0458,-14.3371,595.9548)	(-13.2712,-1.8772,586.0222)	(-56.3004,-36.3095,615.1056)	(-31.7246,-35.9315,609.9765)	(7.2905,-34.5754,606.7614)	(33.9332,-34.7838,611.5989)	(-39.1020,33.3781,601.2918)	(-16.2922,24.8368,593.1114)	(10.7626,35.5506,599.0307)	(-16.3737,42.2006,591.2024)	
(-24.2761,-53.9489,598.8556)	(1.6417,-53.7790,597.7124)	(-14.0458,-14.3402,595.9605)	(-15.3032,-2.8952,587.0081)	(-56.3068,-34.1750,615.1143)	(-31.7591,-33.8782,610.9776)	(7.2873,-32.5241,607.7682)	(35.0777,-32.6630,611.5930)	(-41.2361,33.4752,602.3065)	(-16.2922,24.8430,593.1170)	(10.7688,33.4747,599.0252)	(-18.4118,42.1914,591.2180)	
(-23.2376,-54.9885,598.8455)	(-0.4319,-53.7853,597.7240)	(-13.0108,-15.4055,596.9618)	(-15.2640,-3.9440,589.0206)	(-56.3004,-36.3095,615.1056)	(-32.7821,-34.8666,610.9718)	(7.2873,-34.5754,606.7614)	(33.9269,-34.7282,610.6054)	(-41.2361,33.4815,602.3065)	(-18.3485,24.7972,592.1496)	(8.6357,35.4905,598.0537)	(-18.4230,42.1914,591.2138)	
(-22.2039,-53.8508,597.8444)	(-0.4319,-53.6935,596.7273)	(-14.0275,-14.3894,597.9586)	(-15.1977,-3.9644,592.0147)	(-56.2497,-36.2485,614.1084)	(-32.7695,-34.8170,609.9750)	(7.2810,-32.4687,606.7686)	(34.8946,-32.5555,609.6150)	(-41.2361,33.4752,602.3037)	(-18.3485,24.8701,594.1228)	(8.7948,35.6045,601.0235)	(-17.3977,42.2634,592.2155)	
(-20.1509,-49.6083,596.8504)	(0.5405,-47.4770,596.7442)	(-13.0062,-10.2382,597.9599)	(-15.2492,2.1971,590.0344)	(-55.1917,-33.0457,614.1156)	(-30.6706,-30.6260,609.9806)	(8.3224,-28.3037,607.7738)	(34.7777,-26.1592,608.6416)	(-43.4237,35.7317,605.3322)	(-17.3098,29.0494,595.1698)	(6.8037,39.9550,603.0708)	(-20.4538,45.5681,595.2374)	
(-15.0247,-45.2955,594.8395)	(4.5691,-43.1713,594.7552)	(-10.9216,-6.0962,598.9968)	(-14.1411,5.3020,594.0468)	(-52.9264,-32.8720,611.1008)	(-27.5087,-28.4115,607.9780)	(10.4211,-21.9668,607.7924)	(37.0635,-19.8778,610.6488)	(-43.6117,38.1895,611.3434)	(-17.2513,33.4972,601.1576)	(4.9985,44.7812,612.0780)	(-21.4746,53.2215,600.2774)	
(-13.0205,-38.9583,592.8542)	(2.3952,-36.8536,592.7772)	(-13.0171,0.1379,599.0066)	(-15.1942,11.4950,595.0580)	(-51.7954,-28.5332,609.1121)	(-27.5131,-24.1075,605.9970)	(10.2922,-17.6840,605.8120)	(35.6960,-16.6089,607.6842)	(-41.5154,46.6845,611.3621)	(-19.3346,39.8701,602.2124)	(4.0660,49.1007,612.1260)	(-21.4670,59.9459,605.3034)	
(-13.2376,-34.2981,583.8587)	(0.9999,-32.2733,584.8076)	(-14.1594,5.3014,594.0396)	(-15.2950,17.5627,590.1072)	(-50.2894,-23.8418,598.1198)	(-27.4705,-20.5042,595.0138)	(9.8087,-14.2166,595.8332)	(35.7309,-12.1704,597.7032)	(-41.4980,51.9000,610.3747)	(-20.4231,46.8253,599.2414)	(3.8196,56.0016,608.1372)	(-20.4700,64.5732,600.3229)	
(-10.7784,-18.3169,561.9266)	(1.0543,-17.4052,564.8634)	(-9.4586,18.2835,579.0732)	(-10.5265,32.2962,578.1389)	(-49.3513,-11.8969,575.1656)	(-23.4686,-7.7092,566.0390)	(10.0652,-3.6427,566.8782)	(36.7883,-1.6845,579.7138)	(-39.1922,63.5715,600.4152)	(-16.4463,60.5691,590.2834)	(7.6176,64.7598,600.1588)	(-15.4469,76.0454,591.3384)	
(-7.0582,-1.6997,557.9776)	(7.6770,0.2739,561.8879)	(-5.6957,35.0803,573.1327)	(-6.7916,48.7767,571.1716)	(-48.3585,2.0740,574.2172)	(-21.5160,4.1415,572.0682)	(0.0000,0.0000,-1.0000)	(42.1109,8.4125,580.7405)	(-37.0717,76.6166,596.4593)	(-11.4467,74.5378,587.3126)	(13.6926,76.2356,599.1781)	(-11.3052,92.0543,595.3850)	
(-2.8754,-1.7337,565.9546)	(13.8780,0.2730,569.8579)	(0.3156,34.1019,574.0738)	(-1.9161,45.7466,570.1278)	(-43.6368,2.1000,582.1913)	(-17.4279,5.1922,581.0459)	(19.9933,9.3758,582.8624)	(44.6059,9.4797,589.7310)	(-32.9191,74.4316,595.4274)	(-7.3936,73.4086,586.2884)	(13.6895,76.3600,601.1842)	(-9.3061,87.4947,592.3568)	
(2.2669,-16.5778,569.8656)	(21.3565,-11.6675,573.7800)	(3.2909,22.1222,573.0014)	(-0.0424,34.6347,566.0885)	(-40.6766,-10.0869,586.1280)	(-13.3222,-4.8844,582.9988)	(24.4714,3.3337,586.8247)	(0.0000,0.0000,-1.0000)	(-32.8064,62.4521,589.3762)	(-6.5668,59.4980,579.2266)	(17.7183,67.4753,597.1323)	(-9.4764,79.3748,586.3106)	
(4.3668,-24.5740,571.8104)	(23.5330,-18.7017,575.7336)	(4.4043,15.2085,574.9796)	(-0.0189,26.8200,566.0631)	(-35.5394,-19.1613,583.0611)	(-14.2813,-11.9765,583.9752)	(27.5542,-1.7592,587.7837)	(50.0706,0.3426,597.6510)	(-33.7438,53.9157,585.3479)	(-7.5828,52.3694,578.1948)	(13.3328,63.8296,593.1066)	(-10.5628,70.7695,581.2854)	
(0.4616,-28.6122,572.8226)	(19.5559,-24.7122,575.7312)	(2.4222,11.2105,574.9699)	(-2.0137,23.7763,566.0402)	(-39.5309,-21.1208,582.0738)	(-16.2859,-15.0369,584.9738)	(23.5616,-5.8656,587.7938)	(46.2984,-3.8165,600.6748)	(-31.6698,53.5662,581.3349)	(-8.6642,51.0982,575.2122)	(13.4066,61.8801,593.1278)	(-10.6313,68.4056,578.2842)	
(-6.3876,-34.7254,575.8214)	(15.6551,-30.7812,576.7351)	(-4.5005,5.2051,575.9742)	(-4.8586,16.9574,567.0418)	(-45.7906,-23.4105,588.0992)	(-21.3444,-18.1952,587.9833)	(19.5796,-12.0369,590.7755)	(45.2799,-9.0289,601.6400)	(-35.7603,49.8452,585.3424)	(-10.5904,45.2560,577.1758)	(12.2680,56.6435,591.1082)	(-13.6199,62.3804,578.2707)	
(-9.3087,-39.9378,577.8292)	(13.8028,-35.9197,578.7245)	(-3.4213,2.2150,577.9712)	(-5.6890,13.0795,570.0200)	(-47.9394,-25.5937,591.1024)	(-23.3624,-22.3965,589.9874)	(16.7244,-17.1848,591.7824)	(40.9116,-14.1983,597.6446)	(-38.8583,45.9356,588.3440)	(-11.5294,41.3880,579.1568)	(10.1211,50.3173,589.1098)	(-12.5903,59.4708,579.2684)	
(-11.2391,-42.1739,580.8308)	(11.9852,-38.1382,581.7214)	(-5.3520,0.1988,579.9670)	(-7.6027,11.1120,571.0338)	(-45.9955,-25.7236,594.0912)	(-23.3449,-24.5749,593.9712)	(15.7740,-18.3154,593.7844)	(38.9539,-16.3322,598.6626)	(-36.8194,43.8348,588.3272)	(-11.5061,39.4467,580.1709)	(10.2996,50.5661,592.0802)	(-12.5415,57.7449,582.2361)	
(-13.2044,-44.3528,582.8329)	(8.0708,-40.3126,583.7329)	(-7.3269,-1.8283,580.9808)	(-8.6535,9.1268,572.0200)	(-50.1508,-27.8466,595.1083)	(-26.4368,-23.6448,594.9897)	(13.7143,-20.3834,593.7858)	(39.3861,-18.5456,602.6613)	(-38.8522,43.9642,588.3357)	(-12.5273,38.3672,579.1696)	(10.3057,48.5113,592.0818)	(-14.5382,57.7449,582.2611)	
(-19.2437,-47.5671,584.8574)	(2.0105,-45.3927,583.7624)	(-13.2991,-6.9252,583.9876)	(-13.4892,5.1774,575.0380)	(-54.4240,-28.0055,598.1286)	(-28.4996,-25.7615,595.9924)	(8.6368,-23.5393,594.7970)	(36.2592,-21.6975,602.6414)	(-39.8968,43.0112,589.3404)	(-16.5018,34.4491,581.1839)	(7.1783,44.3229,592.0606)	(-16.5565,57.7419,582.2738)	
(-23.2712,-47.3855,594.8767)	(-3.7070,-47.2451,593.7702)	(-15.2020,-8.0584,590.9965)	(-17.4058,5.2062,581.0584)	(-59.2944,-29.6533,612.1534)	(-33.8248,-27.3221,607.0232)	(4.0013,-25.0581,605.8210)	(30.4479,-24.0136,607.6642)	(-43.3546,43.9193,602.3608)	(-17.3997,31.8403,589.1714)	(7.8366,42.9624,602.0836)	(-19.4904,56.4610,591.2741)	
(-22.2100,-51.6867,597.8372)	(0.5071,-49.4674,595.7436)	(-14.0887,-12.2230,594.9478)	(-13.3433,1.1866,584.0082)	(-57.3268,-30.9211,615.1333)	(-32.7568,-30.5312,607.9984)	(8.2803,-28.2552,606.7800)	(32.6630,-28.2792,608.6490)	(-39.1675,39.7561,603.3182)	(-15.3184,30.9180,591.1520)	(9.7695,38.7377,601.0434)	(-15.3664,52.5438,592.2436)	
(-17.0098,-54.9697,598.8096)	(5.8308,-53.7728,598.6759)	(-9.9815,-14.2724,593.9224)	(-9.2549,-3.8753,583.9762)	(-51.9109,-33.9898,612.0906)	(-28.5585,-32.7432,609.9662)	(12.5544,-30.4012,607.7492)	(36.1418,-31.5506,612.5994)	(-39.1020,33.3781,600.2942)	(-12.2507,26.7445,589.1222)	(13.8874,32.5026,599.0150)	(-12.3242,44.1163,589.1892)	
(-17.0005,-57.0488,598.8026)	(5.8463,-54.9041,598.6831)	(-7.8520,-20.5276,595.9064)	(-9.2158,-7.9423,584.9538)	(-51.8545,-38.1735,611.0732)	(-25.3791,-35.8517,608.9358)	(11.5035,-34.5628,606.7367)	(38.5699,-33.8327,614.6038)	(-37.9815,29.0338,597.2704)	(-11.2622,21.5959,588.0899)	(13.8257,30.3233,598.0022)	(-11.3433,40.9182,587.1707)	
(-21.1418,-59.2409,599.8151)	(0.6142,-56.8987,597.7069)	(-13.0386,-19.4802,594.9494)	(-13.2268,-10.0267,587.9660)	(-54.0264,-36.1202,612.0936)	(-31.7246,-35.9315,609.9706)	(7.1440,-36.5574,604.7524)	(31.9107,-36.9206,612.5910)	(-40.0766,29.0739,598.2822)	(-13.2951,19.5518,588.1140)	(12.6121,27.0711,594.9887)	(-13.3926,37.7998,586.1790)	
(-29.4833,-56.1359,600.8794)	(-7.6572,-56.9267,598.7466)	(-17.1518,-19.5212,595.9622)	(-19.3267,-8.0105,587.0056)	(-61.7560,-33.2322,617.1484)	(-35.9788,-33.8845,611.0026)	(4.0421,-36.6324,606.7746)	(30.7619,-37.9187,610.5954)	(-41.1763,31.2893,600.2972)	(-17.3532,20.6284,590.1254)	(12.6121,27.0711,594.9914)	(-15.4083,37.9086,587.1932)	
(-29.4790,-56.1359,600.8693)	(-5.6095,-56.9174,597.7414)	(-17.1579,-17.4525,595.9607)	(-17.3100,-6.9826,587.0139)	(-61.7560,-33.1207,617.1440)	(-35.9788,-33.8845,611.0026)	(3.0314,-36.6356,605.7751)	(30.6772,-37.8610,609.6269)	(-39.0787,33.3217,599.2911)	(-16.3302,22.6733,590.1240)	(12.6690,29.1829,595.9884)	(-13.3789,39.8994,587.1862)	
(-31.5672,-56.2376,600.8924)	(-7.6830,-57.9552,597.7514)	(-19.2148,-17.4901,596.9762)	(-19.3328,-5.9730,587.0294)	(-63.9644,-31.1497,619.1693)	(-39.1795,-33.8845,612.0245)	(2.9884,-35.5871,605.7810)	(28.4746,-37.8002,608.6189)	(-39.0787,33.3248,599.2938)	(-18.3648,21.6868,591.1142)	(10.6024,29.1767,595.9912)	(-15.3980,39.9588,588.1920)	
(-31.5749,-56.3330,601.8864)	(-7.6830,-57.9552,597.7514)	(-19.2404,-15.3622,595.9649)	(-20.3743,-5.9853,588.0138)	(-64.0208,-33.2913,619.1605)	(-39.1564,-33.8845,612.0214)	(1.9853,-36.6948,606.7848)	(26.1948,-37.6881,606.6538)	(-41.2361,33.4752,602.3065)	(-18.3648,21.6868,591.1142)	(10.6024,29.1767,595.9928)	(-17.4112,40.0837,590.2024)	
(-27.3963,-55.0946,600.8593)	(-3.5360,-56.9112,597.7298)	(-17.1579,-17.4525,595.9649)	(-17.3100,-6.9624,587.0027)	(-61.8747,-33.2880,619.1516)	(-35.9788,-33.8845,611.0026)	(4.0868,-36.6916,606.7746)	(30.5799,-37.7970,608.6029)	(-39.1316,35.5173,601.3046)	(-16.3155,22.6763,590.1323)	(11.7522,30.3655,598.0138)	(-16.3883,41.1138,590.2036)	
(-21.1480,-57.1584,599.8224)	(0.6080,-54.8231,597.7240)	(-13.0247,-17.4401,595.9478)	(-15.2911,-6.9563,586.0111)	(-56.4524,-36.4923,618.1029)	(-32.7695,-34.8202,610.9630)	(7.2936,-34.6343,607.7653)	(34.9862,-32.6045,610.6040)	(-41.1825,33.3718,600.3058)	(-16.3302,22.6733,590.1240)	(10.7626,33.4181,599.0122)	(-18.4230,42.1914,591.2096)	
(-14.9235,-57.0425,598.7911)	(6.8848,-55.9374,598.6746)	(-8.9216,-17.3964,594.9351)	(-9.2219,-5.9178,584.9790)	(-51.8950,-40.4298,612.0688)	(-27.4803,-37.9074,607.9449)	(13.6686,-32.5051,607.7375)	(38.3542,-29.4705,613.5956)	(-42.1787,29.1172,599.2940)	(-16.3302,22.6433,590.1140)	(8.6357,35.4905,598.0580)	(-18.4291,43.2263,591.2138)	
(-12.8668,-56.9423,597.7900)	(8.9556,-54.8823,598.6716)	(-7.8551,-17.3964,594.9180)	(-9.1949,-5.9240,585.9619)	(-49.7700,-40.3555,612.0500)	(-25.3728,-37.9074,607.9390)	(13.6718,-32.5083,608.7295)	(38.2606,-29.4705,612.6066)	(-42.1501,29.1109,598.2936)	(-16.3302,22.6702,590.1140)	(8.6794,35.5475,599.0222)	(-18.4352,45.2777,591.2222)	
(-12.8465,-57.0363,598.7796)	(8.9556,-54.8854,599.6652)	(-7.8869,-18.4527,595.8978)	(-9.2219,-5.9178,584.9734)	(-49.7234,-42.4083,611.0440)	(-25.3728,-37.9653,608.9228)	(13.6749,-32.5051,608.7310)	(38.3542,-29.4705,613.5956)	(-41.1227,31.1928,598.2964)	(-16.3449,21.6585,589.1280)	(6.5498,37.5599,598.0680)	(-18.4352,45.3519,591.2292)	
(-12.8434,-59.1153,598.7725)	(6.8848,-55.9374,598.6746)	(-8.9216,-17.3964,594.9294)	(-11.2505,-5.9208,584.9790)	(-49.7234,-42.4083,611.0440)	(-25.3728,-37.9653,608.9240)	(13.6718,-32.5051,608.7237)	(38.2637,-31.5442,612.5877)	(-41.1495,31.2364,598.2992)	(-15.3073,21.6493,590.1084)	(6.5529,37.5599,599.0380)	(-20.4846,45.2715,591.2434)	
(-12.8465,-57.0363,598.7796)	(6.8848,-55.9343,598.6704)	(-8.9185,-17.3964,594.9152)	(-11.2505,-5.9208,584.9790)	(-49.7234,-42.4083,611.0440)	(-25.3733,-38.0296,608.9286)	(13.6686,-32.5051,607.7346)	(38.2637,-31.5442,612.5920)	(-41.1227,31.1928,598.2964)	(-15.3073,21.6524,590.1183)	(6.4569,35.3703,597.0538)	(-18.4352,45.2777,591.2264)	
(-12.8465,-57.0363,598.7796)	(6.8848,-55.9374,598.6746)	(-8.9216,-17.3964,594.9309)	(-11.2505,-5.9208,584.9790)	(-49.7234,-42.4083,611.0440)	(-27.4843,-37.9717,608.9372)	(13.6147,-32.5051,607.7332)	(38.2606,-31.5442,612.5877)	(-42.1501,29.1078,598.2936)	(-15.3073,21.6462,590.1156)	(8.6357,35.4905,598.0480)	(-18.4575,45.1294,589.2259)	
(-14.9235,-57.0425,598.7911)	(6.8786,-54.8885,598.6831)	(-8.9216,-17.3964,594.9351)	(-11.2270,-5.9331,585.9788)	(-49.7234,-42.4083,611.0469)	(-27.4906,-35.8580,608.9533)	(11.5571,-32.5115,607.7448)	(36.1355,-31.5474,611.6148)	(-42.1501,29.1078,598.2936)	(-15.3073,21.6524,590.1240)	(8.6357,35.4905,598.0537)	(-17.4651,47.0216,587.2394)	
(-14.9235,-57.0425,598.7911)	(6.8848,-55.9374,598.6831)	(-8.9216,-17.3995,594.9309)	(-11.2505,-5.9239,584.9846)	(-51.8855,-42.4859,612.0586)	(-27.4883,-38.0359,609.9356)	(13.6147,-32.5051,607.7360)	(38.3605,-31.5946,613.5868)	(-44.2556,29.1141,599.3056)	(-16.3302,22.6702,590.1198)	(10.7154,33.4212,598.0338)	(-18.4717,42.9435,588.2143)	
(-14.9173,-59.1216,598.7840)	(6.8848,-55.9343,598.6731)	(-8.9486,-17.3964,594.9195)	(-11.2505,-5.9178,584.9734)	(-51.8855,-42.4859,612.0558)	(-27.4883,-38.0359,609.9386)	(11.5571,-32.5115,607.7464)	(38.4636,-31.6481,613.6176)	(-42.1501,29.1141,598.2936)	(-16.3302,22.6702,590.1198)	(10.7061,33.4212,598.0066)	(-18.4676,40.9060,587.2143)	
(-16.9943,-59.1278,598.7998)	(5.8463,-54.9041,598.6831)	(-8.9486,-17.3964,594.9195)	(-11.2209,-7.9672,585.9704)	(-51.8855,-42.4859,612.0558)	(-27.4883,-38.0359,609.9386)	(11.5634,-34.6216,607.7376)	(38.4700,-33.7218,613.5986)	(-40.0766,29.1141,598.2822)	(-15.3073,21.6118,590.0944)	(8.5265,33.3079,596.0396)	(-17.4499,39.9435,587.2102)	
(-19.0613,-59.2346,599.8023)	(5.8525,-56.9801,598.6718)	(-10.9816,-17.4026,594.9252)	(-11.1974,-7.9830,586.9647)	(-51.8855,-42.4859,612.0558)	(-27.4843,-37.9717,608.9388)	(11.5098,-34.6185,607.7362)	(35.0904,-35.7917,612.5966)	(-40.0766,29.0739,598.2779)	(-15.3073,21.6211,590.1000)	(10.6466,33.3676,597.0124)	(-15.4144,39.8933,587.1974)	
(-16.9943,-59.1278,599.7736)	(5.8525,-56.9801,598.6734)	(-10.9816,-17.4026,594.9266)	(-11.2209,-7.9733,585.9760)	(-54.0610,-40.4361,613.0763)	(-27.4946,-35.9188,609.9472)	(11.5066,-34.5628,607.7332)	(35.0872,-35.7885,612.5864)	(-41.1227,31.1959,598.2964)	(-15.3073,21.6462,590.1084)	(10.5962,33.3141,597.0124)	(-15.4307,39.8278,586.1972)	
(-21.1480,-57.1584,599.8252)	(2.6846,-56.8924,597.7012)	(-13.0448,-17.4088,594.9423)	(-13.2530,-7.9764,585.9930)	(-56.2434,-38.3795,614.0996)	(-29.6171,-35.9860,610.9529)	(9.4048,-33.5729,607.7405)	(34.0263,-33.7314,611.6048)	(-37.9907,29.0739,597.2746)	(-15.3073,21.6211,590.0944)	(10.5962,31.2454,596.0154)	(-17.4438,40.8387,587.1988)	
(-23.2284,-57.1646,599.8324)	(0.6539,-56.9957,598.7048)	(-13.0448,-17.4119,594.9538)	(-15.3077,-6.9563,585.9859)	(-56.2940,-38.4439,615.0940)	(-31.7355,-35.9924,610.9662)	(7.2968,-36.6822,607.7478)	(34.0294,-36.8552,611.5902)	(-41.1495,31.2364,599.2968)	(-17.3662,20.6284,590.1114)	(10.5932,31.2454,596.0124)	(-17.4499,39.8872,587.2044)	
(-23.2254,-57.2617,600.8362)	(0.6539,-56.9957,598.7048)	(-13.0448,-17.4088,594.9522)	(-15.3077,-6.9563,585.9915)	(-56.3004,-36.3095,615.1056)	(-31.7355,-35.9924,610.9662)	(7.3435,-34.6343,607.7594)	(34.0263,-34.7870,611.6252)	(-41.1495,31.2364,599.2968)	(-17.3532,20.6284,590.1212)	(10.6497,31.2955,596.9954)	(-17.4499,39.8841,587.2044)	
(-23.2284,-57.1646,599.8366)	(2.7308,-56.9894,598.6791)	(-13.0448,-17.4088,594.9351)	(-13.2329,-7.9830,586.9662)	(-56.2940,-38.4439,615.0940)	(-31.7355,-35.9892,610.9630)	(7.2968,-34.6343,607.7594)	(34.0294,-34.7934,612.6084)	(-42.1787,29.1573,599.2940)	(-17.3532,20.6284,590.1212)	(10.6024,31.2454,596.9940)	(-17.4499,39.9496,587.2143)	
(-21.1446,-57.1584,599.8337)	(2.7308,-56.9894,598.6934)	(-13.0448,-17.4088,594.9324)	(-15.2850,-9.0079,586.9774)	(-56.2940,-38.4439,615.0968)	(-31.7355,-35.9924,610.9674)	(7.3403,-34.6343,607.7638)	(34.0263,-34.7870,611.6193)	(-41.1495,31.2364,599.2968)	(-15.3073,21.6524,590.1240)	(10.6024,31.2454,596.0254)	(-17.4499,39.8872,587.2044)	
(-23.2284,-57.1646,599.8338)	(2.7246,-56.8924,598.6848)	(-13.0448,-17.4088,594.9351)	(-13.2329,-7.9830,586.9704)	(-56.2940,-38.4439,615.0940)	(-31.7183,-38.0487,609.9605)	(9.4080,-36.6758,607.7376)	(34.0294,-36.8552,611.5887)	(-41.1495,31.2364,599.2968)	(-17.3532,20.6611,590.1352)	(8.4797,31.2392,595.0354)	(-17.4499,39.8872,587.2128)	
(-21.1480,-57.1584,599.8252)	(2.7308,-56.9894,598.6934)	(-13.0448,-17.4088,594.9522)	(-13.2791,-5.9330,585.0056)	(-56.2940,-38.4439,615.0940)	(-31.7355,-35.9892,610.9630)	(9.4048,-36.6758,606.7456)	(34.0294,-36.8552,611.5902)	(-39.0491,31.1990,598.2849)	(-15.3073,21.6493,590.1254)	(10.6527,31.2955,597.0039)	(-17.4499,39.9496,587.2102)	
(-21.1480,-57.1584,599.8252)	(2.6846,-56.9832,597.7082)	(-13.0649,-17.4026,594.9266)	(-13.2791,-5.9362,585.9788)	(-56.2940,-38.4439,615.0940)	(-31.7355,-35.9924,610.9690)	(9.3547,-36.6758,606.7397)	(33.9427,-36.8552,611.5858)	(-39.0491,31.1990,598.2876)	(-15.3073,21.6493,590.1084)	(10.5901,31.2454,596.0040)	(-15.4144,39.8933,587.1974)	
(-25.3093,-57.2680,600.8420)	(0.6111,-56.8987,597.7084)	(-15.0747,-17.4777,596.9491)	(-15.2745,-6.9844,587.9856)	(-58.4326,-36.3159,615.1145)	(-33.8396,-35.9379,609.9854)	(5.1454,-36.6916,606.7630)	(31.8180,-36.8552,610.6187)	(-39.0522,31.1990,598.2892)	(-15.2908,21.6868,591.1184)	(8.5296,31.2392,596.0154)	(-15.3817,40.0243,589.1838)	
(-27.4048,-51.9802,599.8768)	(-7.7470,-53.6296,595.7652)	(-19.2016,-15.4707,598.9787)	(-21.3623,-2.9515,591.0474)	(-59.5147,-32.0535,615.1408)	(-35.9704,-30.7132,610.0114)	(1.8047,-33.3090,602.7836)	(25.1331,-33.4682,606.6653)	(-41.1918,35.4007,600.3186)	(-20.3969,23.8455,594.1343)	(8.6981,31.3894,599.0210)	(-19.4569,42.2634,592.2140)	
(-37.8101,-49.9165,599.9472)	(-13.9716,-51.4850,594.8084)	(-28.5635,-11.3554,600.0474)	(-28.5595,2.1600,592.1195)	(-66.1294,-26.9184,618.2016)	(-41.2970,-26.4785,611.0623)	(-3.4830,-28.0471,601.8460)	(20.8295,-30.2720,605.6920)	(-47.6657,39.9824,606.3688)	(-26.6054,31.1834,597.2058)	(2.5369,37.6683,601.0652)	(-24.5894,48.6443,595.2688)	
(-45.1801,-43.8434,602.0128)	(-23.2774,-45.3203,594.8852)	(-36.8869,-4.0920,599.1247)	(-37.7937,7.2693,592.1803)	(-70.7139,-22.7472,622.2410)	(-47.8063,-24.5445,615.1064)	(-11.8293,-26.9743,601.9008)	(14.2626,-27.9937,601.7436)	(-53.0261,44.3141,608.4190)	(-32.8348,35.3658,598.2575)	(-5.7762,40.9044,602.1444)	(-32.8998,55.0840,598.3484)	
(-41.0116,-41.7414,601.9983)	(-27.4257,-44.5230,598.9154)	(-38.9577,-6.1774,599.1220)	(-40.8113,5.1921,590.1828)	(-74.4026,-28.3391,629.2402)	(-50.0936,-26.8668,618.1128)	(-13.8371,-25.1118,606.9196)	(10.0723,-24.8288,601.7880)	(-59.5032,40.2686,611.4386)	(-39.0148,33.1681,596.3026)	(-9.9571,40.8294,601.1673)	(-39.0673,52.8205,596.3762)	
(-36.9188,-48.4084,605.9486)	(-19.1017,-47.6992,598.8554)	(-37.7814,-12.3171,595.0890)	(-37.6434,0.0918,585.1582)	(-69.8826,-34.7891,626.1842)	(-46.7115,-33.1872,617.0656)	(-9.6216,-28.3090,606.8763)	(14.2626,-25.9074,601.7636)	(-61.2448,33.5783,605.4180)	(-41.9729,25.7506,592.2788)	(-11.0751,37.5069,598.1540)	(-43.0272,46.2990,593.3734)	
(-36.8742,-57.8919,605.9114)	(-15.9833,-53.8320,597.8100)	(-38.8943,-19.6563,598.0750)	(-42.7478,-10.1511,589.1312)	(-69.6458,-43.3223,623.1540)	(-45.6326,-38.4118,615.0350)	(-10.7464,-32.2448,602.8689)	(16.6178,-26.0781,605.7528)	(-67.2299,22.9496,601.4118)	(-46.0601,19.5737,592.2778)	(-21.4454,32.1896,596.1925)	(-50.1391,38.9552,590.3808)	
(-43.1887,-62.1180,606.9258)	(-23.2314,-57.0675,598.8413)	(-49.6158,-24.2158,608.0974)	(-52.3877,-14.4583,596.1564)	(-75.6057,-46.3342,630.1704)	(-52.2417,-40.9047,620.0615)	(-18.0149,-34.5923,606.8998)	(7.9974,-29.0070,601.7868)	(-78.5964,21.2167,612.4665)	(-56.4666,15.5045,595.3132)	(-28.6573,31.0276,594.2280)	(-61.5572,32.9340,593.4224)	
(-41.0904,-60.0050,606.9215)	(-23.2254,-57.2617,600.8320)	(-47.6250,-24.3351,610.1208)	(0.0000,0.0000,-1.0000)	(-76.9364,-47.1180,633.1798)	(-52.2353,-43.0564,619.0586)	(-16.9494,-35.6952,606.8968)	(10.0879,-31.0867,601.7666)	(-76.7322,22.3227,615.4582)	(-54.4127,15.5138,595.3202)	(-28.6512,30.9777,593.2320)	(-60.8211,31.1770,596.4086)	
(-41.0703,-57.8010,605.9331)	(-23.2314,-57.0675,598.8370)	(-43.3082,-22.0901,607.0913)	(-48.2561,-13.5774,603.1486)	(-73.0453,-41.3059,625.1754)	(-49.8972,-38.4246,614.0644)	(-13.8886,-36.4300,601.8738)	(11.3175,-32.3420,604.7492)	(-68.4289,26.7435,618.4346)	(-47.3401,19.7583,598.2983)	(-19.3791,31.1054,595.1782)	(-50.4690,37.3853,598.3693)	
(-50.5863,-50.5500,607.0156)	(-32.5966,-55.0072,599.9013)	(-47.3948,-13.5774,603.1544)	(-48.1616,-4.0903,595.2014)	(-78.8292,-31.7156,629.2494)	(-57.6349,-33.3867,621.1250)	(-20.1326,-34.4215,604.9120)	(4.9315,-35.2744,602.7663)	(-63.7212,33.8878,611.4331)	(-47.2968,25.9470,598.3011)	(-15.2426,33.2364,596.1696)	(-45.1748,44.3888,594.3754)	
(-54.8933,-50.7330,609.0388)	(-35.7589,-52.0813,601.9266)	(-49.6876,-15.8106,609.1466)	(0.0000,0.0000,-1.0000)	(-81.2825,-29.7386,633.2716)	(-57.6937,-31.2873,621.1354)	(-22.2273,-32.5573,606.9317)	(3.8414,-34.2376,601.7784)	(-63.8537,36.1248,613.4458)	(-47.3618,25.0198,599.3058)	(-15.2426,33.2364,596.1584)	(-46.2850,45.4875,596.3921)	
(-54.8933,-50.7330,609.0388)	(-33.6604,-54.0690,600.9125)	(-48.4109,-12.5767,605.1532)	(-48.2422,-3.0661,597.2003)	(-77.8387,-27.4478,630.2586)	(-57.7526,-29.1321,622.1429)	(-20.1388,-32.3286,604.9162)	(3.8445,-34.2934,601.7942)	(-59.3782,35.9110,609.4172)	(-46.3264,26.0293,599.3042)	(-13.1561,33.2488,597.1442)	(-44.2122,44.4642,596.3722)	
(-57.1158,-48.7891,611.0590)	(-35.7589,-52.1698,601.9266)	(-48.5656,-12.6224,607.1534)	(-48.1678,0.0371,595.1984)	(-80.3774,-25.5690,634.2868)	(-57.7526,-29.1809,622.1429)	(-22.2227,-32.5573,607.9314)	(3.8414,-34.2840,601.7841)	(-61.7943,38.3188,614.4434)	(-46.3326,28.1053,599.3128)	(-13.1896,33.1892,595.1554)	(-43.1516,46.5232,595.3730)	
(-52.7881,-48.6130,610.0357)	(-32.6091,-54.1610,600.9010)	(-46.3588,-12.5704,605.1518)	(-46.0724,0.0454,594.1868)	(-79.0915,-29.6341,632.2592)	(-57.7526,-29.1321,622.1429)	(-18.0160,-32.5478,606.9099)	(4.8945,-37.3509,601.7655)	(-59.4906,36.0243,611.4212)	(-44.1917,26.0293,597.3048)	(-11.1265,33.1954,596.1268)	(-42.1108,43.4347,595.3518)	
(-52.7818,-50.7266,609.0270)	(-30.5253,-54.1547,600.8894)	(-43.2970,-13.6449,605.1112)	(-44.0322,-2.0071,594.1726)	(-79.0915,-29.6341,632.2622)	(-55.5407,-31.2808,621.1220)	(-18.0181,-32.5446,606.9084)	(4.8882,-37.3509,601.7625)	(-59.4969,38.1449,612.4248)	(-42.0615,25.9533,595.2841)	(-11.1326,33.1954,595.1454)	(-42.0822,43.3641,594.3556)	
(-49.5679,-53.8004,607.9995)	(-27.3994,-55.1883,600.8706)	(-42.1143,-14.5756,602.1096)	(-41.8526,-4.0267,590.1720)	(-77.9895,-32.7381,632.2397)	(-53.3877,-31.2743,621.1100)	(-16.9595,-35.6345,606.8939)	(9.1194,-36.3640,601.7482)	(-59.4842,33.9005,611.4068)	(-42.0330,23.8150,595.2700)	(-9.0695,33.2016,595.1268)	(-40.9986,43.1585,593.3310)	
(-45.3122,-55.8042,606.9676)	(-23.2254,-57.2617,600.8320)	(-39.0053,-15.6172,602.1038)	(0.0000,0.0000,-1.0000)	(-74.3831,-35.0357,629.2089)	(-50.0308,-34.3282,618.0805)	(-11.7135,-35.6282,605.8623)	(14.2969,-37.4025,601.7208)	(-57.2603,33.8037,609.3996)	(-38.9311,23.7742,594.2498)	(-9.0633,31.1364,595.1126)	(-38.9459,42.2644,592.3360)	
(-41.0766,-55.6978,605.9446)	(-19.0675,-57.1521,599.8051)	(-34.8213,-17.6940,602.0722)	(0.0000,0.0000,-1.0000)	(-72.2059,-34.9683,628.1996)	(-46.7786,-35.3253,618.0596)	(-9.5996,-35.6826,606.8489)	(18.5436,-37.4508,602.6913)	(-55.0995,33.7537,608.3847)	(-34.7851,23.7204,593.2168)	(-4.9645,31.0988,594.1110)	(-34.8042,41.0554,590.3056)	
(-35.7611,-57.6912,602.9048)	(-11.8301,-57.9677,597.7758)	(-27.5002,-17.5810,598.0262)	(-28.5199,-6.0346,590.0589)	(-67.4373,-36.7686,623.1642)	(-42.4124,-37.2034,614.0288)	(-1.2171,-35.5966,605.8056)	(22.9527,-37.5600,606.6552)	(-51.8429,31.4136,606.3604)	(-28.6176,23.6981,591.1963)	(-1.8781,30.1317,595.0628)	(-30.7129,41.0677,590.2871)	
(-31.5780,-56.3330,601.8906)	(-5.6157,-54.8418,597.7484)	(-23.3493,-17.5654,598.9846)	(-22.3898,-6.0038,589.0406)	(-60.7952,-36.5662,619.1295)	(-38.1398,-34.0057,613.0142)	(0.9267,-35.5808,606.7949)	(25.0475,-35.4570,606.6493)	(-47.5291,31.4199,603.3358)	(-24.5189,23.7104,591.1820)	(2.2779,33.2357,595.0724)	(-24.5787,43.0603,589.2571)	
(-27.3963,-55.0946,599.8782)	(-5.6157,-54.8418,597.7484)	(-21.2848,-15.4521,598.9759)	(-20.3834,-3.9443,588.0376)	(-60.7952,-36.5662,619.1295)	(-35.9788,-33.8845,611.0042)	(3.0282,-35.5745,606.7818)	(29.4253,-34.5614,607.6355)	(-47.6469,33.6725,606.3457)	(-23.4917,24.7818,592.1709)	(4.3902,33.2955,596.0525)	(-22.5363,43.0695,590.2320)	
(-27.3924,-55.0009,599.8597)	(-1.4686,-54.8293,597.7254)	(-18.1745,-14.3495,595.9976)	(-17.3353,-2.9014,587.0138)	(-58.5409,-36.4378,617.1175)	(-33.8635,-33.8814,610.9909)	(5.1328,-33.5220,606.7802)	(32.6756,-32.5034,608.6172)	(-43.3537,33.5222,603.3156)	(-20.4047,23.8015,592.1638)	(6.4972,35.4273,597.0338)	(-20.4861,43.1494,590.2347)	
(-24.2761,-53.9489,598.8556)	(-0.4381,-53.6997,597.7182)	(-16.1159,-14.3433,595.9719)	(-15.3032,-2.8952,587.0096)	(-56.3004,-36.3095,615.1084)	(-32.7821,-34.8666,610.9792)	(7.2375,-32.4687,606.7686)	(34.8914,-32.5524,609.6150)	(-41.2093,33.4251,601.3033)	(-18.3771,25.8185,591.1466)	(8.6295,35.4905,598.0295)	(-19.4724,44.1642,590.2332)	
(-24.2748,-53.9489,599.8552)	(-0.4319,-53.7853,597.7240)	(-16.1457,-14.3171,594.9622)	(-17.3615,-2.8871,585.0194)	(-56.4081,-34.2900,617.1116)	(-31.7591,-33.9356,611.9732)	(7.2375,-32.4687,606.7686)	(32.8551,-30.4935,609.6498)	(-43.2932,33.4188,601.3204)	(-20.4203,23.7320,591.1452)	(8.5796,35.4335,598.0223)	(-19.4818,44.0255,589.2076)	
(-25.3093,-57.2680,600.8505)	(0.6080,-54.8231,597.7154)	(-17.1448,-17.4839,596.9491)	(-17.3232,-6.9624,586.0182)	(-58.5886,-38.6436,618.1060)	(-33.8540,-35.9988,610.9896)	(5.1391,-35.5681,606.7716)	(31.8085,-34.6790,610.6157)	(-43.2264,31.2332,599.3110)	(-20.4220,22.6610,590.1394)	(6.4538,33.3017,596.0396)	(-20.5031,40.9548,588.2202)	
(-25.3031,-59.3540,600.8450)	(-1.4231,-57.0019,597.7326)	(-17.1711,-17.4212,594.9850)	(-19.3298,-5.9576,586.0238)	(-58.5886,-38.6436,618.1088)	(-33.8684,-36.0596,611.9806)	(5.1454,-36.6916,606.7630)	(31.6356,-36.7370,609.5932)	(-43.2264,31.2332,599.3110)	(-20.4220,21.6370,590.1352)	(6.4103,31.1829,595.0327)	(-20.5031,40.8907,587.2241)	
(-25.3035,-59.4546,601.8346)	(-3.5001,-57.0050,598.7136)	(-17.1579,-17.4525,595.9550)	(-19.3395,-5.9576,586.0126)	(-58.5886,-38.6436,618.1088)	(-33.8684,-36.0596,610.9852)	(5.1454,-36.6916,606.7630)	(31.6356,-36.7370,609.6136)	(-43.2264,31.2332,599.3110)	(-20.4281,21.6370,590.1480)	(6.4103,31.1829,595.0370)	(-20.5031,40.8907,587.2214)	
(-27.3971,-57.3714,601.8590)	(-1.4262,-57.0019,598.7148)	(-19.2246,-17.4588,595.9664)	(-20.3712,-5.9606,586.0294)	(-58.5950,-36.4988,618.1205)	(-33.8684,-36.0596,611.9820)	(3.0345,-35.5745,606.7832)	(29.6007,-34.6234,609.6136)	(-45.3371,31.2768,601.3234)	(-20.4250,21.6370,590.1410)	(4.3041,31.1267,595.0242)	(-22.5387,40.8845,587.2342)	
(-27.3908,-59.4609,601.8504)	(-3.5001,-57.0082,598.7278)	(-19.2246,-17.4588,595.9649)	(-20.3792,-8.0105,587.0266)	(-60.8464,-38.7789,620.1179)	(-35.9903,-36.0660,611.9938)	(4.0452,-36.6948,606.7746)	(29.4348,-36.6780,607.6385)	(-45.3708,31.3266,601.3234)	(-22.4678,21.6278,590.1396)	(4.3041,31.1267,595.0284)	(-22.5387,40.8876,587.2383)	
(-27.3908,-59.4609,601.8520)	(-3.5001,-57.0082,598.7278)	(-19.2246,-17.4588,595.9664)	(-20.3712,-5.9576,586.0182)	(-60.7888,-38.7144,619.1178)	(-35.9903,-36.0660,611.9954)	(4.0421,-36.6324,606.7746)	(29.4316,-36.6780,608.6057)	(-45.3371,31.2768,601.3178)	(-22.4783,23.6410,589.1634)	(4.3472,31.1767,595.0300)	(-22.5387,40.8815,587.2326)	
(-29.4782,-59.4671,601.8620)	(-5.5771,-57.0144,598.7378)	(-21.2849,-17.4964,596.0035)	(-20.3682,-7.9947,586.0309)	(-60.8528,-36.6272,620.1268)	(-35.9903,-36.0660,611.9938)	(3.0712,-35.5745,606.7832)	(30.6582,-32.5682,609.6282)	(-47.4919,31.2768,602.3354)	(-22.4722,21.5996,589.1692)	(4.3472,31.1767,595.0456)	(-22.5387,40.8845,587.2383)	
(-29.4918,-57.4748,602.8674)	(-3.5063,-57.0050,597.7342)	(-19.2246,-17.4588,595.9764)	(-20.3682,-8.0105,587.0210)	(-60.8528,-36.6272,620.1268)	(-35.9724,-36.0051,610.9998)	(3.0345,-35.5745,606.7832)	(29.5114,-34.6234,608.6449)	(-46.4035,29.1943,601.3136)	(-22.4678,21.6308,590.1453)	(4.3041,31.1267,594.0640)	(-22.5387,40.8845,587.2383)	
(-29.4844,-57.3777,601.8733)	(-5.6064,-56.9205,597.7441)	(-21.2912,-17.4650,595.9878)	(-22.3882,-8.0325,588.0322)	(-60.8528,-36.6272,620.1268)	(-35.9724,-36.0051,610.9970)	(0.9662,-35.6414,607.7914)	(27.2440,-36.6284,607.6225)	(-47.4919,30.3703,602.3354)	(-22.4678,21.6308,590.1552)	(4.3472,31.1767,595.0484)	(-24.5742,40.8815,587.2522)	
(-29.4918,-57.4748,602.8674)	(-5.5771,-57.0144,598.7393)	(-21.2912,-17.4650,595.9936)	(-22.3927,-8.0263,588.0167)	(-60.7952,-36.5662,619.1295)	(-38.1398,-34.0057,613.0142)	(0.9299,-35.5808,606.7949)	(27.3141,-34.5709,607.6515)	(-48.5325,30.3222,602.3384)	(-22.4678,21.6308,590.1424)	(4.3472,31.1767,595.0384)	(-24.5742,40.8815,588.2246)	
(-29.4844,-57.3777,601.8706)	(-5.6095,-56.9174,597.7426)	(-21.2912,-17.4650,595.9820)	(-22.3912,-8.0483,589.0476)	(-60.7888,-38.7144,619.1178)	(-35.9903,-36.0660,611.9938)	(0.9299,-35.5808,606.7949)	(27.3141,-34.5709,607.6428)	(-48.5714,28.2774,603.3344)	(-22.4722,21.5965,589.1733)	(4.3010,31.1267,594.0583)	(-24.5742,40.8784,587.2454)	
(-29.4844,-57.3777,601.8733)	(-5.6095,-56.9174,597.7398)	(-21.2849,-17.4964,596.9720)	(-22.3882,-8.0325,588.0476)	(-60.8528,-36.6272,620.1268)	(-35.9903,-36.0660,611.9938)	(3.0345,-35.5745,606.7832)	(27.3204,-34.5741,607.6632)	(-48.5651,29.2807,603.3260)	(-24.5137,21.6247,590.1608)	(4.3472,31.1767,595.0370)	(-24.5742,40.8784,587.2425)	
(-29.4844,-57.3777,601.8706)	(-3.5001,-57.0082,598.7278)	(-21.2849,-17.4964,596.9677)	(-22.4033,-5.9667,586.0406)	(-60.8528,-36.6272,620.1268)	(-35.9903,-36.0660,611.9938)	(0.9299,-35.5808,606.7949)	(28.4494,-32.5193,607.6718)	(-45.3371,31.2768,601.3234)	(-22.4678,21.6308,590.1480)	(4.3472,31.1767,595.0300)	(-24.5742,40.8784,587.2466)	
(-29.4844,-57.3777,601.8733)	(-5.5771,-57.0144,598.7366)	(-21.2974,-17.4336,595.9721)	(-22.3927,-8.0167,587.0364)	(-60.7920,-38.7144,619.1251)	(-35.9903,-36.0660,611.9938)	(4.0452,-36.6948,606.7746)	(27.3235,-36.6780,607.6342)	(-48.5651,29.1943,603.3260)	(-22.4678,21.6308,590.1608)	(4.3472,31.1767,595.0526)	(-24.5742,40.8723,587.2466)	
(-29.4918,-57.4748,602.8674)	(-5.6095,-56.9205,597.7441)	(-21.2849,-17.4964,596.9720)	(-22.4033,-5.9667,586.0309)	(-60.8464,-38.7789,620.1179)	(-35.9903,-36.0660,611.9938)	(1.9822,-36.6948,606.7848)	(27.3235,-36.6811,607.6385)	(-48.5651,29.2807,603.3260)	(-22.4722,21.5996,589.1692)	(4.3472,31.1767,595.0300)	(-24.5742,40.8815,587.2537)	
(-29.4875,-57.3777,601.8763)	(-5.5771,-57.0144,598.7364)	(-21.2849,-17.4964,596.9876)	(-22.3957,-8.0483,589.0322)	(-60.8464,-38.7789,620.1179)	(-35.9903,-36.0660,611.9938)	(1.9759,-36.6324,606.7848)	(27.2440,-36.6252,606.6552)	(-48.5651,29.1943,603.3260)	(-22.4678,21.6308,590.1480)	(4.3472,31.1767,595.0470)	(-24.5742,40.8815,587.2522)	
(-29.4844,-57.3777,601.8706)	(-5.5771,-57.0144,598.7308)	(-21.2849,-17.4964,596.9777)	(-22.3912,-8.0483,589.0322)	(-60.8464,-38.7789,620.1179)	(-35.9903,-36.0660,611.9938)	(0.9299,-35.5808,606.7949)	(27.2440,-36.6780,607.6284)	(-47.4981,30.2324,602.3341)	(-24.5146,21.6216,590.1496)	(4.3472,31.1767,595.0300)	(-24.5742,40.8815,587.2522)	
(-29.4918,-57.4748,602.8674)	(-5.5771,-57.0144,598.7350)	(-21.2849,-17.4964,596.9820)	(-22.4033,-5.9667,586.0406)	(-60.7888,-38.7144,619.1236)	(-35.9903,-36.0660,611.9938)	(0.9267,-35.5808,606.7949)	(27.3235,-36.6780,607.6342)	(-48.5651,29.2838,603.3260)	(-22.4678,21.6308,590.1537)	(4.2980,31.1267,594.0583)	(-24.5742,40.8753,587.2466)	
(-29.4844,-57.3777,601.8706)	(-5.5771,-57.0144,598.7366)	(-21.2912,-17.4650,595.9936)	(-22.4033,-5.9667,586.0561)	(-60.7888,-38.7144,619.1178)	(-38.1334,-36.1332,613.0055)	(1.9822,-36.6948,606.7848)	(27.3204,-36.6811,607.6342)	(-48.5325,30.3254,603.3302)	(-22.4678,21.6308,590.1438)	(4.3472,31.1767,595.0470)	(-24.5742,40.8784,587.2454)	
(-29.4844,-57.3777,601.8733)	(-5.5771,-57.0144,598.7366)	(-21.2849,-17.4964,596.9777)	(-22.3988,-5.9791,587.0308)	(-60.8464,-38.7789,620.1179)	(-38.1122,-36.0724,613.0040)	(1.9822,-36.6324,606.7848)	(27.3235,-36.6284,607.6370)	(-47.4981,30.3254,602.3368)	(-24.5137,21.6247,590.1594)	(2.2383,31.1205,594.0514)	(-24.5734,40.9395,588.2246)	
(-29.4875,-57.3777,601.8791)	(-5.5771,-57.0144,598.7366)	(-21.2849,-17.4964,596.9820)	(-22.3882,-8.0325,588.0322)	(-60.8464,-38.7789,620.1179)	(-35.9903,-36.0660,611.9954)	(1.9822,-36.6948,606.7848)	(27.3235,-36.6780,607.6342)	(-47.4919,30.3254,602.3341)	(-24.5137,21.6185,590.1453)	(4.2980,31.1267,594.0583)	(-24.5742,40.8845,587.2522)	
(-29.4844,-57.3777,601.8720)	(-5.5771,-57.0144,598.7393)	(-21.2849,-17.4964,596.9720)	(-22.3882,-8.0325,588.0322)	(-60.8464,-38.7789,620.1179)	(-38.1334,-36.1332,613.0055)	(1.9441,-36.6324,606.7818)	(27.3204,-36.6284,607.6284)	(-48.5325,30.3222,602.3384)	(-24.5137,21.6247,590.1665)	(4.3472,31.1767,595.0414)	(-24.5734,40.9395,588.2344)	
(-29.4855,-57.3777,601.8748)	(-5.5771,-57.0144,598.7393)	(-21.2849,-17.4964,596.9777)	(-22.3988,-5.9791,587.0252)	(-60.8464,-38.7789,620.1179)	(-36.0081,-36.1268,612.9922)	(1.9822,-36.6324,606.7848)	(27.3204,-36.6811,607.6342)	(-47.4919,30.3254,602.3341)	(-24.5146,21.6216,590.1496)	(4.3472,31.1767,595.0284)	(-24.5742,40.8815,587.2466)	
(-29.4844,-59.5677,602.8573)	(-5.5771,-57.0144,598.7393)	(-21.2849,-17.4964,596.9777)	(-22.4033,-5.9667,586.0350)	(-63.0634,-36.6946,621.1416)	(-35.9903,-36.0660,611.9938)	(0.9299,-35.5808,606.7949)	(29.6007,-34.6234,609.6180)	(-47.4950,30.3222,602.3341)	(-24.5137,21.6247,590.1567)	(4.3441,31.1767,595.0484)	(-24.5742,40.8784,587.2466)	
(-29.4793,-59.4671,601.8678)	(-5.5771,-57.0144,598.7366)	(-21.2849,-17.4964,596.9720)	(-22.4033,-5.9729,586.0520)	(-60.7888,-38.7144,619.1208)	(-38.1334,-36.1332,613.0055)	(1.9441,-36.6324,606.7818)	(27.3235,-36.6811,607.6385)	(-47.5353,30.2773,602.3368)	(-24.5137,21.6247,590.1579)	(4.3472,31.1767,595.0370)	(-24.5742,40.8723,587.2454)	
(-29.4918,-57.4748,602.8702)	(-5.5771,-57.0144,598.7250)	(-21.2849,-17.4964,596.9876)	(-22.4033,-5.9667,586.0350)	(-60.8464,-38.7789,620.1179)	(-38.1334,-36.1332,613.0055)	(1.9759,-36.6324,606.7848)	(27.3267,-36.6811,607.6428)	(-47.4547,30.3222,602.3341)	(-24.5137,21.6247,590.1707)	(2.2383,31.1205,594.0528)	(-24.5742,40.8815,587.2440)	
(-29.4844,-57.3777,601.8733)	(-5.5771,-57.0144,598.7393)	(-21.2849,-17.4964,596.0035)	(-22.4033,-5.9667,586.0309)	(-60.8464,-38.7789,620.1179)	(-38.1334,-36.1332,613.0055)	(1.9853,-36.6948,606.7848)	(27.3235,-36.6780,607.6327)	(-48.5682,30.3254,603.3344)	(-24.5137,21.6247,590.1608)	(4.3472,31.1767,595.0456)	(-24.5742,40.8784,587.2466)	
(-29.4844,-57.3777,602.8674)	(-5.6095,-56.9174,597.7398)	(-21.2849,-17.4964,596.9876)	(-22.4033,-5.9667,586.0365)	(-60.8464,-38.7789,620.1179)	(-38.1334,-36.1332,613.0086)	(1.9759,-36.6324,606.7848)	(27.3235,-36.6780,607.6327)	(-47.4981,30.3222,602.3354)	(-24.5137,21.6247,590.1537)	(4.3472,31.1767,595.0484)	(-24.5742,40.8784,587.2466)	
(-29.4844,-57.3777,601.8706)	(-5.5771,-57.0144,598.7366)	(-21.2849,-17.4964,596.9777)	(-22.3927,-8.0167,587.0478)	(-60.8464,-38.7789,620.1179)	(-38.1334,-36.1332,613.0086)	(1.9759,-36.6324,606.7848)	(27.2440,-36.6220,606.6493)	(-47.4950,30.2773,602.3341)	(-24.5137,21.6247,590.1608)	(2.2413,31.1205,594.0570)	(-24.5742,40.8723,587.2440)	
(-29.4918,-57.4748,601.8733)	(-5.6033,-56.9174,597.7428)	(-21.2974,-17.4336,595.0078)	(-22.3882,-8.0325,588.0476)	(-60.7952,-38.7789,619.1295)	(-38.1334,-36.1332,613.0055)	(1.9441,-36.6324,606.7818)	(27.2408,-36.6252,606.6552)	(-47.4919,30.3254,602.3326)	(-24.5137,21.6247,590.1567)	(4.3472,31.1767,595.0484)	(-24.5742,40.8784,587.2466)	
(-29.4844,-57.3777,601.8706)	(-5.5771,-57.0144,598.7393)	(-21.2849,-17.4964,596.9720)	(-22.3882,-8.0325,588.0322)	(-60.7920,-38.7789,619.1251)	(-38.1334,-36.1332,613.0040)	(1.9790,-36.6324,606.7848)	(27.3235,-36.6780,607.6342)	(-48.5262,29.1479,602.3255)	(-24.5137,21.6185,590.1510)	(4.3472,31.1767,595.0414)	(-24.5742,40.8784,587.2481)	
(-29.4918,-57.4748,602.8702)	(-5.5771,-57.0144,598.7350)	(-21.2849,-17.4964,596.9820)	(-22.3927,-8.0167,587.0323)	(-60.8464,-38.7789,620.1179)	(-38.1334,-36.1332,613.0070)	(1.9822,-36.6324,606.7848)	(27.3235,-36.6780,607.6370)	(-47.4919,31.3701,602.3354)	(-24.5146,21.5965,589.1846)	(4.3410,31.1767,595.0300)	(-24.5742,40.8753,587.2466)	
(-29.4793,-59.4671,602.8472)	(-5.5802,-57.0144,598.7350)	(-21.2849,-17.4964,596.9777)	(-22.4033,-5.9667,586.0406)	(-63.0569,-38.8498,621.1299)	(-38.1547,-36.1941,614.0038)	(1.9759,-36.6324,606.7848)	(27.2440,-36.6284,607.6225)	(-47.5353,31.1803,603.3302)	(-24.5146,21.5904,589.1748)	(2.2779,31.1705,594.0712)	(-24.5734,40.9395,588.2400)	
(-29.4918,-57.4748,602.8674)	(-5.5771,-57.0144,598.7393)	(-21.2849,-17.4964,596.9777)	(-22.4033,-5.9667,586.0365)	(-60.8528,-36.6272,620.1296)	(-36.0081,-36.1268,612.9906)	(0.9299,-35.6414,606.7949)	(29.6007,-34.6266,609.6442)	(-47.4950,30.3703,602.3368)	(-24.5137,21.6247,590.1594)	(2.2779,31.1705,594.0754)	(-24.5742,40.8723,587.2425)	
(-29.4855,-59.5677,602.8601)	(-5.5709,-59.0935,598.7308)	(-21.2912,-17.4650,595.9778)	(-22.3927,-8.0167,587.0379)	(-60.8464,-38.7789,620.1179)	(-36.0081,-36.1268,612.9937)	(1.9790,-36.6324,606.7848)	(27.3235,-36.6811,607.6385)	(-47.4981,30.3254,602.3368)	(-24.5137,21.6185,590.1510)	(2.2383,31.1205,594.0498)	(-24.5742,40.8753,587.2440)	
(-29.4793,-59.4671,602.8530)	(-5.5771,-57.0144,598.7393)	(-21.2849,-17.4964,596.9777)	(-22.3927,-8.0167,587.0478)	(-60.8464,-38.7789,620.1179)	(-36.0081,-36.1268,612.9937)	(1.9790,-36.6324,606.7848)	(27.3267,-36.6843,607.6502)	(-47.5353,31.2768,602.3354)	(-24.5137,21.6247,590.1608)	(4.2980,31.1267,594.0583)	(-24.5742,40.8753,587.2425)	
(-29.4855,-59.5677,602.8588)	(-5.6033,-58.9930,597.7356)	(-21.2912,-17.4650,595.9936)	(-22.3927,-8.0167,587.0379)	(-60.8464,-38.7789,620.1179)	(-35.9903,-36.0660,611.9969)	(1.9822,-36.6324,606.7848)	(27.3235,-36.6780,607.6370)	(-47.4547,29.1479,601.3322)	(-22.4678,21.6308,590.1340)	(4.3472,31.1767,595.0342)	(-24.5742,40.8784,587.2481)	
(-29.4918,-57.4748,602.8702)	(-5.5771,-57.0144,598.7393)	(-21.2849,-17.4964,596.9876)	(-22.3882,-8.0325,588.0322)	(-60.8464,-38.7789,620.1179)	(-36.0081,-36.1268,612.9922)	(1.9853,-36.6948,606.7848)	(27.3235,-36.6780,607.6385)	(-47.4919,31.2768,602.3354)	(-24.5137,21.6247,590.1650)	(2.2383,31.1205,594.0526)	(-24.5673,38.8985,588.2162)	
(-29.4793,-59.4671,602.8457)	(-5.5771,-57.0144,598.7320)	(-21.2787,-19.5971,597.9632)	(-22.3927,-8.0167,587.0478)	(-60.8464,-38.7789,620.1208)	(-36.0081,-36.1268,612.9937)	(1.9822,-36.6948,606.7848)	(27.2440,-36.6252,606.6508)	(-48.5651,28.2774,603.3260)	(-24.5137,21.6247,590.1552)	(4.3472,31.1767,595.0583)	(-24.5742,40.8753,587.2454)	
(-29.4855,-59.5677,602.8588)	(-5.5771,-57.0144,598.7393)	(-21.2912,-17.4650,595.9878)	(-22.3882,-8.0325,588.0322)	(-63.0569,-38.8498,621.1299)	(-38.1547,-36.1941,614.0038)	(1.9822,-36.6324,606.7848)	(27.3204,-36.6780,607.6327)	(-48.5356,28.1084,602.3384)	(-24.5137,21.6247,590.1552)	(4.3472,31.1767,595.0556)	(-24.5742,40.8815,587.2466)	
(-29.4855,-59.5677,602.8601)	(-3.5001,-57.0082,598.7278)	(-21.2849,-17.4964,596.9820)	(-22.3882,-8.0325,588.0322)	(-60.8528,-36.6272,620.1268)	(-35.9903,-36.0660,611.9938)	(0.9299,-35.5808,606.7949)	(27.3204,-34.5773,608.6362)	(-48.5714,28.1945,603.3344)	(-24.5137,21.6247,590.1552)	(2.2413,31.1205,594.0670)	(-24.5742,40.8815,587.2496)	
(-29.4855,-59.5677,602.8588)	(-5.5771,-59.0935,598.7308)	(-21.2849,-17.4964,596.9820)	(-22.3882,-8.0325,588.0322)	(-60.8464,-38.7789,620.1179)	(-35.9903,-36.0660,611.9969)	(1.9822,-36.6324,606.7848)	(27.3267,-36.6843,607.6502)	(-48.5682,28.2774,603.3302)	(-24.5137,21.6308,590.1678)	(2.2840,31.1705,595.0484)	(-24.5742,40.8815,587.2496)	
(-29.4855,-59.5677,602.8588)	(-5.5709,-59.0872,598.7236)	(-21.2912,-17.4650,595.9878)	(-22.3837,-8.0483,589.0322)	(-62.9959,-38.7853,620.1327)	(-38.1334,-36.1332,613.0026)	(1.9759,-36.6324,606.7848)	(27.3267,-36.6843,607.6502)	(-48.5325,28.2328,602.3341)	(-24.5137,21.6247,590.1594)	(2.2413,31.1205,594.0712)	(-24.5673,38.9046,588.2414)	
(-29.4793,-59.4671,601.8706)	(-5.5771,-57.0144,598.7393)	(-21.2849,-17.4964,596.9876)	(-22.3988,-5.9791,587.0406)	(-63.0569,-38.8498,621.1299)	(-38.1334,-36.1332,613.0055)	(1.9853,-36.6948,606.7863)	(27.3267,-36.6843,607.6545)	(-47.4547,30.3222,602.3298)	(-24.5137,21.6278,590.1748)	(2.2840,31.1705,595.0556)	(-24.5742,40.8815,587.2537)	
(-29.4793,-59.4671,602.8414)	(-5.5771,-57.0144,598.7350)	(-21.2849,-17.4964,596.9777)	(-22.3882,-8.0325,588.0322)	(-63.0569,-38.8498,621.1299)	(-38.1334,-36.1332,613.0055)	(1.9790,-36.6324,606.7848)	(27.3235,-36.6811,607.6428)	(-47.4919,30.3254,602.3341)	(-24.5137,21.6247,590.1806)	(2.2444,31.1205,594.0712)	(-24.5742,40.8815,587.2636)	
(-29.4855,-59.5677,602.8601)	(-5.5771,-57.0144,598.7393)	(-21.2849,-17.4964,596.9934)	(-22.3927,-8.0167,587.0478)	(-63.0569,-38.8498,621.1312)	(-38.1122,-36.0724,612.0071)	(1.9759,-36.6324,606.7832)	(27.3235,-36.6780,607.6342)	(-48.5356,28.2328,602.3384)	(-24.5137,21.6247,590.1594)	(2.2383,31.1205,594.0583)	(-24.5742,40.8784,587.2522)	
(-29.4918,-57.4748,602.8702)	(-5.6033,-56.9205,597.7514)	(-21.2912,-17.4650,595.9878)	(-22.3927,-8.0167,587.0478)	(-63.0569,-38.8498,621.1299)	(-38.1334,-36.1332,613.0055)	(1.9822,-36.6324,606.7848)	(27.3267,-36.6811,607.6444)	(-47.4981,30.3222,602.3354)	(-24.5137,21.6247,590.1707)	(2.2779,33.2357,595.0583)	(-24.5742,40.8815,587.2537)	
(-29.4918,-57.4748,602.8702)	(-5.6095,-56.9174,597.7598)	(-21.2849,-17.4964,596.9777)	(-22.4002,-8.0167,587.0323)	(-63.0569,-38.8498,621.1299)	(-38.1334,-36.1332,613.0055)	(1.9822,-36.6324,606.7848)	(27.4094,-36.6875,608.6319)	(-47.4950,30.2773,602.3341)	(-24.5137,21.6308,590.1748)	(2.2840,31.1705,595.0512)	(-26.6097,40.8753,587.2608)	
(-29.4918,-57.4748,602.8702)	(-5.5771,-57.0144,598.7393)	(-21.2912,-17.4932,596.9777)	(-22.3882,-8.0325,588.0266)	(-63.0569,-38.8498,621.1328)	(-38.1334,-36.1332,613.0055)	(1.9790,-36.6324,606.7848)	(27.3267,-36.6843,608.6174)	(-47.4981,30.3222,602.3354)	(-24.5137,21.6247,590.1552)	(2.2413,31.1205,594.0654)	(-24.5742,40.8845,587.2537)	
(-29.4844,-59.5677,602.8573)	(-5.5771,-57.0144,598.7393)	(-21.2661,-19.6382,598.9632)	(-22.3927,-8.0228,587.0436)	(-63.0569,-38.8498,621.1299)	(-38.1334,-36.1332,613.0055)	(1.9822,-36.6324,606.7848)	(27.3267,-36.6811,607.6400)	(-47.4981,30.3222,602.3354)	(-24.5137,21.6247,590.1537)	(2.2444,31.1205,595.0356)	(-24.5673,38.9015,588.2316)	
(-29.4918,-57.4748,602.8702)	(-5.5771,-57.0144,598.7393)	(-23.3459,-19.6096,597.9905)	(-22.3927,-8.0197,587.0379)	(-63.0569,-38.8498,621.1299)	(-38.1334,-36.1332,613.0055)	(1.9790,-36.6324,606.7848)	(27.3235,-36.6811,607.6370)	(-48.5262,28.2328,602.3255)	(-24.5137,21.6247,590.1579)	(2.2840,31.1705,595.0484)	(-26.6123,40.9425,588.2513)	
(-29.4844,-57.3777,601.8706)	(-5.5771,-57.0144,598.7393)	(-21.2724,-19.6033,597.9848)	(-22.3927,-8.0167,587.0478)	(-63.0569,-38.8498,621.1299)	(-38.1334,-36.1332,613.0055)	(1.9790,-36.6324,606.7848)	(27.3235,-36.6780,607.6428)	(-47.5353,30.3703,603.3302)	(-24.5137,21.6247,590.1636)	(2.2810,31.1705,595.0456)	(-24.5742,40.8815,587.2466)	
(-29.4855,-57.3777,601.8748)	(-5.5771,-57.0144,598.7393)	(-21.2912,-17.4932,596.9820)	(-22.3882,-8.0325,588.0476)	(-63.0569,-38.8498,621.1328)	(-38.1334,-36.1332,613.0055)	(1.9790,-36.6324,606.7848)	(27.3267,-36.6843,607.6545)	(-48.5294,28.1914,602.3326)	(-24.5137,21.6247,590.1764)	(2.2413,31.1205,594.0654)	(-24.5742,40.8815,587.2537)	
(-29.4855,-59.5677,602.8616)	(-5.5802,-56.9205,598.7350)	(-21.2849,-17.4964,596.9720)	(-22.4002,-8.0325,588.0322)	(-63.0569,-38.8498,620.1356)	(-38.1122,-36.0724,613.0040)	(1.9853,-36.6948,606.7863)	(27.3235,-36.6811,607.6385)	(-49.6949,28.1084,605.3369)	(-24.5137,21.6216,590.1552)	(2.2840,31.1705,595.0526)	(-24.5742,40.8753,587.2466)	
(-29.4844,-57.3777,601.8706)	(-5.5771,-57.0144,598.7393)	(-21.2912,-17.4650,595.9820)	(-22.3882,-8.0325,588.0322)	(-63.0569,-38.8498,621.1299)	(-38.1334,-36.1332,613.0086)	(1.9759,-36.6324,606.7848)	(27.3267,-36.6843,607.6502)	(-48.5356,28.1084,602.3384)	(-24.5146,21.5965,589.1846)	(2.2383,31.1205,594.0612)	(-24.5742,40.8815,587.2466)	
(-29.4918,-57.4748,602.8686)	(-5.5833,-57.0082,597.7428)	(-21.2849,-17.4932,596.9762)	(-22.3882,-8.0325,588.0322)	(-62.9959,-38.7853,620.1327)	(-38.1547,-36.1941,614.0038)	(1.9759,-36.6324,606.7848)	(27.3267,-36.6811,607.6487)	(-48.5745,28.2774,603.3388)	(-24.5137,21.6216,590.1537)	(2.2840,31.1705,595.0498)	(-24.5750,40.8173,587.2398)	
(-29.4907,-57.4748,602.8616)	(-5.5771,-57.0144,598.7393)	(-23.3459,-19.6096,598.0005)	(-22.3882,-8.0325,588.0322)	(-63.0569,-38.8498,620.1356)	(-38.1334,-36.1332,613.0055)	(1.9441,-36.6324,606.7818)	(27.3235,-36.6284,607.6327)	(-47.4981,30.2773,602.3354)	(-24.5137,21.6247,590.1567)	(2.2383,31.1205,594.0584)	(-24.5742,40.8723,587.2454)	
(-31.5826,-58.5213,602.8817)	(-5.5833,-57.0144,598.7378)	(-21.2912,-17.4650,595.9820)	(-22.3882,-8.0325,588.0322)	(-62.9959,-38.7853,620.1327)	(-38.1334,-36.1332,613.0129)	(2.9454,-35.5264,604.7830)	(27.3235,-36.6811,607.6545)	(-48.5262,28.2328,602.3255)	(-24.5137,21.6247,590.1537)	(2.2840,31.1705,595.0484)	(-24.5742,40.8784,587.2466)	
(-29.4918,-57.4748,602.8702)	(-5.5833,-57.0144,598.7393)	(-21.2912,-17.4650,596.0035)	(-22.4002,-8.0167,587.0323)	(-63.0569,-38.8498,620.1356)	(-38.1334,-36.1332,613.0070)	(1.9790,-36.6324,606.7848)	(27.3235,-36.6780,607.6342)	(-47.4516,31.1803,601.3322)	(-24.5137,21.6247,590.1579)	(2.2779,31.1705,594.0712)	(-24.5742,40.8784,587.2481)	
(-29.4918,-57.4748,602.8702)	(-5.5802,-57.0144,598.7393)	(-21.2912,-17.4650,595.9778)	(-22.3957,-8.0325,588.0322)	(-63.0569,-38.8498,621.1328)	(-38.1334,-36.1332,613.0055)	(1.9790,-36.6324,606.7848)	(27.3267,-36.6843,607.6502)	(-47.4578,30.3222,601.3364)	(-24.5137,21.6247,590.1567)	(2.2383,31.1205,594.0612)	(-24.5742,40.8784,587.2466)	
(-29.4887,-57.3777,602.8616)	(-5.5771,-57.0144,598.7393)	(-21.2724,-19.6033,597.9732)	(-22.3882,-8.0325,588.0322)	(-63.0569,-38.8498,621.1299)	(-38.1334,-36.1332,613.0055)	(1.9441,-36.6356,606.7863)	(27.2440,-36.6284,607.6284)	(-47.4950,30.3222,602.3354)	(-24.5137,21.6247,590.1537)	(2.2840,31.1705,595.0442)	(-24.5742,40.8784,587.2440)	
(-29.4918,-57.4748,602.8702)	(-5.5771,-57.0144,598.7393)	(-21.2786,-17.5277,597.9676)	(-22.3927,-8.0197,587.0379)	(-60.8464,-38.7789,620.1179)	(-36.0081,-36.1268,612.9937)	(1.9822,-36.6324,606.7848)	(27.4857,-34.6297,608.6624)	(-48.5356,28.1530,602.3384)	(-24.5137,21.6247,590.1552)	(2.2383,31.1205,594.0541)	(-24.5681,38.8409,587.2356)	
(-29.4855,-59.5677,602.8601)	(-5.5771,-57.0144,598.7366)	(-21.2724,-19.6033,597.9732)	(-22.3837,-8.0483,589.0322)	(-63.0569,-38.8498,621.1299)	(-38.1547,-36.1941,613.0086)	(1.9822,-36.6324,606.7848)	(27.3267,-36.6811,607.6487)	(-47.4547,29.1479,601.3322)	(-24.5137,21.6247,590.1608)	(4.3472,31.1767,595.0456)	(-24.5673,38.8985,587.2510)	
(-29.4918,-57.4748,602.8674)	(-5.5771,-57.0144,598.7393)	(-21.2724,-19.6033,597.9848)	(-22.3882,-8.0325,588.0322)	(-63.0569,-38.8498,621.1299)	(-38.1334,-36.1332,613.0070)	(1.9822,-36.6324,606.7848)	(27.3235,-36.6780,607.6428)	(-48.5325,28.2774,602.3341)	(-24.5137,21.6247,590.1552)	(4.3472,31.1767,595.0484)	(-24.5742,40.8845,587.2481)	
(-29.4844,-57.3777,601.8706)	(-5.5771,-57.0144,598.7393)	(-21.2912,-17.4932,596.9762)	(-22.3957,-8.0355,588.0378)	(-63.0569,-38.8498,620.1356)	(-38.1334,-36.1332,613.0086)	(1.9441,-36.6324,606.7832)	(27.3267,-36.6843,607.6502)	(-48.5356,28.1084,602.3384)	(-24.5137,21.6247,590.1594)	(2.2840,31.1705,595.0484)	(-24.5742,40.8815,587.2481)	
(-31.5732,-60.5119,602.8689)	(-5.6095,-56.9174,597.7398)	(-21.2912,-17.4650,596.0035)	(-22.3927,-8.0167,587.0478)	(-63.0569,-38.8498,621.1328)	(-38.1334,-36.1332,613.0070)	(1.9790,-36.6324,606.7848)	(27.3235,-36.6811,607.6428)	(-47.4950,30.3222,602.3341)	(-24.5146,21.5965,589.1846)	(2.2413,31.1205,594.0556)	(-24.5742,40.8784,587.2454)	
(-29.4907,-57.4748,602.8658)	(-5.5771,-57.0144,598.7366)	(-21.2912,-17.4650,595.9878)	(-22.3927,-8.0167,587.0266)	(-62.9959,-38.7853,620.1327)	(-38.1122,-36.0724,613.0024)	(1.9790,-36.6324,606.7848)	(27.3204,-36.6284,607.6284)	(-48.5294,30.2324,602.3368)	(-24.5137,21.6247,590.1537)	(2.2383,31.1205,594.0584)	(-24.5742,40.8815,587.2522)	
(-29.4918,-57.4748,602.8686)	(-5.5771,-57.0144,598.7393)	(-21.2724,-19.6033,597.9948)	(-22.3927,-8.0167,587.0421)	(-63.0569,-38.8498,621.1299)	(-38.1334,-36.1332,613.0055)	(1.9441,-36.6324,605.7910)	(27.3267,-36.6843,607.6487)	(-50.7829,28.4463,606.3388)	(-24.5146,21.6185,590.1453)	(2.2383,31.1205,594.0584)	(-26.6123,40.9364,588.2555)	
(-29.4918,-57.4748,602.8674)	(-5.5771,-57.0144,598.7364)	(-23.3550,-17.5057,596.9948)	(-22.3927,-8.0167,587.0421)	(-60.7888,-38.7144,619.1178)	(-38.1547,-36.1941,614.0038)	(1.9822,-36.6324,606.7848)	(27.4062,-36.6843,608.6217)	(-47.4981,30.3703,602.3412)	(-24.5137,21.6247,590.1707)	(2.2840,31.1705,595.0398)	(-24.5742,40.8784,587.2496)	
(-29.4918,-57.3808,601.8720)	(-5.5771,-57.0144,598.7350)	(-23.3521,-17.5371,597.9890)	(-22.3957,-8.0355,588.0378)	(-62.9959,-38.7853,620.1327)	(-38.1334,-36.1332,613.0070)	(1.9441,-36.6324,605.7868)	(27.3267,-36.6843,607.6458)	(0.0000,0.0000,-1.0000)	(-24.5146,21.6185,590.1453)	(2.2383,31.1205,594.0627)	(-26.6123,40.9395,588.2596)	
(-29.4918,-57.3808,601.8733)	(-5.5771,-57.0144,598.7393)	(-21.2849,-17.4964,596.9876)	(-22.3882,-8.0325,588.0322)	(-63.0569,-38.8498,621.1299)	(-38.1334,-36.1332,613.0129)	(1.9853,-36.6948,606.7848)	(27.3235,-36.6811,607.6428)	(-47.4981,30.2773,602.3354)	(-24.5137,21.6247,590.1552)	(2.2810,31.1705,595.0414)	(-24.5742,40.8784,587.2522)	
