34.636490	-83.558029	836.741638	-1.953666	1.448985	0.378620
34.668030	-82.476860	836.808899	-1.842987	1.452955	0.270359
34.703651	-82.277191	836.776978	-1.829700	1.453167	0.248850
33.518356	-82.785744	836.867126	-1.949388	1.464638	0.366345
32.154724	-83.608521	836.970093	-2.086928	1.476962	0.507620
30.915291	-83.046448	837.106079	-2.111685	1.493942	0.526268
33.452618	-84.253059	836.869995	-2.081695	1.459499	0.503631
33.518661	-82.975731	836.923401	-1.942948	1.464749	0.363520
34.737534	-83.343018	834.799927	-1.965251	1.447783	0.375212
37.034534	-82.036484	836.480591	-1.772311	1.424564	0.197485
35.913887	-82.851814	836.590881	-1.860815	1.435793	0.292635
31.011974	-82.982574	835.142212	-2.120388	1.491933	0.539364
32.266777	-81.144447	837.091675	-1.748294	1.486935	0.176954
32.211639	-81.119408	837.078796	-1.753669	1.486853	0.172988
34.598835	-83.556084	836.770752	-1.959632	1.449436	0.379871
34.620541	-83.365913	834.807739	-1.960430	1.449046	0.381817
35.809097	-82.646301	834.637878	-1.854950	1.436182	0.273563
33.446182	-82.968407	836.906128	-1.945197	1.465634	0.365773
33.471725	-82.758965	834.942749	-1.946376	1.465290	0.365770
32.215717	-82.525490	837.015015	-1.957512	1.482054	0.369509
32.172333	-82.213623	835.071533	-1.943844	1.482977	0.359426
33.405041	-82.888786	836.878723	-1.955519	1.465473	0.383022
35.918785	-83.075478	836.610229	-1.871642	1.435718	0.292901
34.597900	-83.587830	834.783020	-1.981552	1.448239	0.403738
35.807777	-82.915497	836.643066	-1.858697	1.437633	0.281498
33.360073	-80.387894	836.987061	-1.625759	1.473553	0.054013
33.436249	-81.828560	836.958862	-1.822947	1.469991	0.233613
33.383736	-82.877106	836.878052	-1.973560	1.465777	0.382680
30.931049	-82.920036	835.159302	-2.125246	1.493207	0.537413
33.351147	-81.641052	836.948425	-1.795308	1.471536	0.213999
32.137905	-82.474884	837.040039	-1.955846	1.483194	0.366781
33.334324	-80.556793	836.979370	-1.668842	1.473734	0.076425
33.474857	-79.971581	837.082336	-1.591464	1.488773	0.002158
32.099014	-79.836205	837.094971	-1.569453	1.489506	-3.121787
33.368992	-80.560677	836.975952	-1.658231	1.473296	0.076583
32.142918	-82.336449	837.048340	-1.935827	1.483742	0.347943
33.358311	-83.095680	836.899414	-1.960535	1.466076	0.383745
33.456051	-82.882408	834.938232	-1.960652	1.464908	0.380068
34.049194	-83.283661	834.869690	-1.973759	1.456092	0.396732
33.235088	-81.434364	834.979736	-1.795565	1.471321	0.214186
33.454250	-83.102791	836.911194	-1.960868	1.464924	0.380277
33.359192	-81.808273	836.949890	-1.812613	1.470982	0.233828
33.349632	-81.812210	836.961853	-1.822114	1.471097	0.234133
33.451141	-82.930023	836.933777	-1.944692	1.466525	0.364101
32.123379	-82.483139	837.048767	-1.949685	1.483327	0.368629
33.369141	-82.922523	836.901733	-1.936544	1.466744	0.363933
34.598759	-82.011398	834.846741	-1.819547	1.454590	0.246767
34.519142	-79.858803	836.840637	-1.581585	1.459120	-3.130530
33.383068	-79.107445	836.953979	-1.508117	1.473071	-3.058787
33.345516	-80.369385	836.945557	-1.659079	1.473571	0.079447
32.125473	-81.214478	837.066162	-1.774853	1.487701	0.189326
33.343925	-80.566101	836.969238	-1.655850	1.473605	0.077527
33.354553	-83.085945	836.913818	-1.962040	1.466166	0.382833
34.624359	-83.599266	836.748962	-1.968972	1.448934	0.383021
33.391270	-82.884506	834.941284	-1.963620	1.465654	0.383162
34.598766	-83.525627	834.750610	-1.982973	1.446995	0.392646
33.371433	-82.856400	834.939819	-1.961050	1.466017	0.380933
33.479546	-83.137436	836.877991	-1.963474	1.464466	0.382960
33.358475	-83.084526	836.908936	-1.952576	1.466126	0.382501
33.384159	-82.700500	836.888000	-1.932716	1.466581	0.362973
35.893387	-82.628777	834.675293	-1.839839	1.436827	0.273202
32.227417	-82.336258	837.059265	-1.934906	1.483528	0.347024
34.677795	-83.317734	834.795593	-1.953764	1.448600	0.375045
34.573486	-82.431244	836.804138	-1.848859	1.454255	0.268348
33.355309	-84.236755	836.920471	-1.933113	1.466968	0.364210
30.961525	-80.649315	837.174683	-1.716143	1.503235	0.127072
32.143688	-81.205620	837.086304	-1.768046	1.487498	0.187504
35.922562	-83.065002	836.619263	-1.871890	1.435711	0.291869
34.738708	-82.483704	836.788208	-1.849781	1.452075	0.269063
33.382401	-80.591537	836.969788	-1.670269	1.473091	0.081343
33.397854	-83.076065	836.947205	-1.961598	1.466497	0.382349
33.377808	-82.938240	836.917175	-1.952605	1.466572	0.365327
34.592342	-82.034554	834.840332	-1.832470	1.454597	0.249357
33.463188	-84.001907	836.816711	-2.075025	1.458844	0.496353
33.390583	-82.942886	834.946838	-1.976820	1.465385	0.389626
35.905731	-82.863800	834.655701	-1.863327	1.435848	0.293920
33.473347	-82.970581	836.906616	-1.952343	1.465305	0.364861
33.475449	-84.153793	834.869507	-2.089063	1.457787	0.510510
34.701275	-83.487686	834.792908	-1.959545	1.447526	0.390247
34.695213	-82.476379	836.776489	-1.859426	1.452627	0.269541
33.342762	-85.279053	836.768066	-2.189304	1.451598	0.620749
32.147987	-83.489960	835.051819	-2.102278	1.476438	0.519295
34.619488	-83.779137	836.728333	-1.975149	1.448090	0.400950
35.822128	-83.137497	836.628113	-1.883178	1.436655	0.301059
34.737556	-84.765694	834.713623	-2.089595	1.440150	0.502564
33.454826	-82.947899	836.900208	-1.943770	1.465624	0.363125
35.760590	-82.629204	834.649353	-1.845358	1.436830	0.273249
33.444237	-82.740982	836.900879	-1.945170	1.465710	0.364529
34.707081	-83.596558	836.753296	-1.957608	1.447980	0.379610
34.784462	-83.569420	836.799438	-1.958976	1.447975	0.376617
32.185390	-84.242439	836.850342	-2.085194	1.458313	0.496042
32.153698	-84.737816	835.034729	-2.078989	1.476831	0.511399
32.211926	-83.656334	836.984619	-2.085719	1.476043	0.509468
34.645409	-83.409508	836.737366	-1.973971	1.448549	0.385014
34.659828	-83.574142	836.775085	-1.956147	1.449412	0.381802
34.656105	-82.291092	836.811340	-1.829832	1.453704	0.251544
34.672939	-82.290718	836.806152	-1.829373	1.453499	0.251058
30.913771	-83.097275	837.133667	-2.116554	1.493660	0.533001
33.508949	-84.339752	837.812439	-2.067645	1.459016	0.498336
32.128757	-83.690903	836.988586	-2.095175	1.476738	0.518883
34.616814	-83.605423	836.767761	-1.961772	1.448994	0.383899
33.330582	-83.594482	836.780151	-1.953167	1.449466	0.383832
33.354362	-84.420876	836.862610	-2.095977	1.458814	0.521802
31.999866	-83.114296	836.928955	-1.964684	1.466497	0.387304
31.955025	-83.045761	836.935974	-1.957912	1.467343	0.381673
33.297340	-83.702560	836.759216	-1.981780	1.448586	0.392907
33.245361	-82.407089	836.820007	-1.846296	1.454492	0.265795
30.939240	-83.520889	836.972900	-2.100900	1.475097	0.515412
33.169697	-83.645935	836.773010	-1.968075	1.450344	0.392550
32.060699	-83.015518	836.926880	-1.952849	1.466249	0.373596
33.408497	-84.238579	834.874634	-2.106932	1.457992	0.522359
35.924004	-82.663208	834.668823	-1.855527	1.436338	0.275523
33.455482	-83.007072	836.947388	-1.959817	1.466126	0.372530
33.286655	-83.219040	836.919617	-1.984764	1.466315	0.400671
34.592144	-82.434311	836.787354	-1.849437	1.453993	0.268903
34.555717	-82.411049	836.820435	-1.849689	1.454538	0.266758
34.697445	-83.433594	836.717957	-1.963918	1.447829	0.385297
35.905525	-82.979546	836.626709	-1.846142	1.436223	0.284700
34.691238	-83.323982	834.796997	-1.951317	1.448413	0.375135
33.478016	-81.647743	836.914185	-1.820730	1.469369	0.237030
33.354427	-81.589279	835.006897	-1.822272	1.471061	0.233087
34.650146	-83.494011	834.786133	-1.954046	1.448091	0.392831
33.474754	-84.212387	836.845337	-2.073561	1.458767	0.494879
34.693146	-83.579147	836.769775	-1.962061	1.448999	0.381003
34.712410	-83.525681	836.754639	-1.953912	1.448246	0.372677
32.234901	-83.637932	836.988159	-2.093330	1.475902	0.505869
33.473854	-84.142609	836.830933	-2.087719	1.457895	0.509156
35.940361	-82.850395	834.651733	-1.871816	1.435479	0.291801
34.734653	-84.687408	834.774719	-1.969814	1.447724	0.378245
33.484489	-82.967033	836.913452	-1.943438	1.465190	0.363997
34.716106	-83.566559	836.741272	-1.958711	1.448014	0.376425
34.560356	-82.394760	836.815857	-1.854531	1.454536	0.264932
34.695122	-83.527405	836.766907	-1.952198	1.448440	0.373486
34.563557	-83.380249	836.747986	-1.959054	1.449643	0.385389
33.454056	-82.957840	836.883972	-1.945753	1.465555	0.365089
35.850456	-82.720779	836.628967	-1.862308	1.437042	0.282258
35.295639	-83.172035	836.674500	-1.898543	1.441949	0.339830
33.410275	-82.808517	836.884644	-1.953194	1.465785	0.373910
33.293926	-83.064720	836.912720	-1.958226	1.466972	0.383190
33.525356	-82.795776	834.952881	-1.948076	1.464495	0.367561
33.474186	-82.952690	836.919556	-1.950394	1.465375	0.362840
34.567944	-82.329773	836.812378	-1.842372	1.454655	0.257953
34.553101	-83.550499	836.805054	-1.948846	1.450770	0.383663
35.988186	-82.876640	836.654480	-1.847109	1.436382	0.275057
35.231140	-83.256905	836.698486	-1.918519	1.443273	0.329495
33.202103	-81.537224	835.022705	-1.820498	1.473062	0.231568
33.454334	-84.281052	836.862488	-2.090939	1.459310	0.506293
33.513695	-84.214088	836.869385	-2.076273	1.459059	0.496501
34.710991	-83.590752	836.780884	-1.970383	1.448736	0.381428
32.281536	-83.429558	835.031067	-2.083506	1.475325	0.504149
33.319706	-82.805054	834.943481	-1.951247	1.466859	0.377507
33.438072	-84.216118	836.862427	-2.073386	1.459151	0.497203
33.458694	-83.161331	836.919495	-1.976651	1.465368	0.389458
35.322060	-83.350395	836.778992	-1.783452	1.447145	0.211061
36.592194	-85.235435	837.500671	-1.911484	1.425613	0.338263
35.787621	-85.144295	837.655884	-1.801657	1.440457	0.235838
34.645927	-85.132393	837.984741	-1.719846	1.473994	0.142411
36.083065	-89.351593	839.830444	-2.034845	1.462635	0.451855
36.689529	-87.697433	839.743103	-1.667799	1.450678	0.082035
37.543415	-90.172516	841.598450	-1.752862	1.440331	0.163779
37.530441	-90.475113	843.563354	-1.643817	1.442019	0.065496
37.195236	-89.574997	843.675476	-1.539116	1.448090	-3.093448
37.751114	-91.248840	843.610107	-1.577115	1.441266	-3.129207
37.034290	-91.542160	844.464111	-1.588019	1.433548	0.014764
34.092583	-90.013199	844.803406	-1.424197	1.469140	-2.972359
38.366798	-88.112938	844.449402	-1.302757	1.427867	-2.839773
37.898346	-92.871254	844.591064	-1.597513	1.440323	0.003709
37.157322	-91.321518	844.675110	-1.439799	1.448183	-2.986531
37.215778	-91.507904	846.555115	-1.295018	1.443627	-2.851368
38.640831	-96.350914	848.422485	-1.494044	1.432251	-3.051594
39.710625	-95.595596	848.254761	-1.451871	1.417709	-2.997785
38.180527	-95.517151	849.506287	-1.409338	1.438862	-2.953802
38.145653	-96.525513	849.500549	-1.356378	1.438444	-2.922225
36.438942	-96.697662	849.565247	-1.341597	1.444588	-2.903165
37.602184	-94.664299	851.244995	-1.200099	1.422620	-2.757059
37.513550	-95.368500	851.391418	-1.105988	1.433990	-2.659787
34.628788	-95.788536	851.634155	-1.047230	1.455123	-2.614191
35.119858	-95.428818	851.604248	-1.042815	1.447393	-2.607774
32.967045	-98.963646	853.713257	-1.164995	1.470501	-2.745357
35.439976	-97.967010	853.458435	-1.159905	1.436396	-2.724717
34.125160	-97.417862	855.438293	-0.925674	1.437591	-2.495442
34.275791	-95.603226	856.336792	-0.724602	1.433160	-2.296291
33.086018	-99.412521	856.570801	-0.887635	1.454191	-2.474317
38.107414	-100.891594	858.284912	-1.013241	1.429077	-2.590607
37.928062	-102.454834	858.209717	-0.932813	1.422965	-2.500573
39.428764	-101.834061	857.967590	-0.950300	1.402967	-2.530502
38.193832	-104.064842	860.161133	-0.935277	1.421397	-2.504284
38.202248	-104.135414	860.167786	-0.936240	1.421840	-2.509483
37.155617	-103.138969	860.218079	-0.803210	1.423941	-2.387415
38.135845	-106.435753	862.224609	-0.985946	1.429232	-2.572506
35.180882	-104.414215	862.248962	-0.730133	1.427167	-2.317607
36.526852	-106.213829	864.220093	-0.750326	1.428703	-2.325266
36.776924	-107.332893	865.134644	-0.733925	1.424055	-2.308745
35.544155	-108.402657	865.254578	-0.638708	1.431491	-2.203077
36.737045	-107.600258	865.059753	-0.676166	1.414281	-2.242226
38.051361	-107.285469	866.602600	-0.659994	1.385173	-2.220516
38.006310	-110.053749	866.999084	-0.793077	1.412133	-2.350538
38.205803	-108.820511	868.581665	-0.668740	1.385642	-2.235345
38.265205	-110.315277	868.597412	-0.662519	1.384318	-2.223001
43.268269	-111.430351	870.166992	-0.865246	1.360018	-2.425973
39.515179	-111.117706	872.251038	-0.690739	1.366611	-2.244147
39.717598	-110.362267	872.116089	-0.639151	1.355196	-2.207980
38.205635	-114.023788	874.561035	-0.666733	1.386793	-2.204748
38.713928	-112.020493	876.019226	-0.649941	1.354498	-2.207199
37.446106	-114.017242	876.291138	-0.601053	1.366800	-2.154806
37.684921	-113.053741	877.017883	-0.564849	1.354802	-2.135440
38.430065	-113.804344	876.835388	-0.603441	1.341893	-2.140231
39.954937	-115.136948	878.506836	-0.646586	1.326716	-2.195568
38.896954	-113.112991	878.248596	-0.536148	1.313054	-2.089954
37.940147	-115.740334	880.537598	-0.498848	1.329178	-2.069579
36.362652	-115.139610	880.597778	-0.434120	1.331828	-1.974947
40.499046	-117.670815	882.466492	-0.566475	1.327462	-2.135992
39.447048	-117.233154	882.445557	-0.495120	1.325774	-2.068895
39.173336	-117.823776	884.220642	-0.465363	1.314961	-2.023652
39.186245	-117.611954	884.194519	-0.466941	1.313092	-2.013496
40.888355	-120.049889	886.138733	-0.520574	1.311525	-2.096709
39.867992	-118.590454	885.927246	-0.440767	1.301018	-2.020885
39.555988	-120.787888	886.491272	-0.503699	1.328187	-2.056017
40.722904	-117.722687	885.930054	-0.498713	1.301376	-2.074123
40.844215	-118.557961	884.241638	-0.542165	1.313806	-2.107242
42.127983	-120.626823	886.080688	-0.598852	1.309349	-2.162610
39.563843	-120.647842	886.733887	-0.532492	1.342414	-2.089269
39.665340	-120.411987	884.798828	-0.532125	1.342087	-2.103618
39.505848	-120.489853	884.838013	-0.529697	1.343983	-2.098180
38.991722	-117.591141	884.220947	-0.460751	1.313915	-2.004410
41.402859	-118.816490	884.383850	-0.495637	1.322126	-2.077534
40.661419	-118.851578	885.877686	-0.495421	1.299383	-2.059501
42.133289	-120.606728	886.083740	-0.598550	1.309095	-2.162281
39.584671	-119.504280	886.172852	-0.461430	1.313261	-2.027877
39.647491	-119.504898	886.169128	-0.461022	1.312909	-2.030653
42.135883	-120.592087	886.087097	-0.598311	1.308918	-2.161991
41.137669	-120.905235	886.435608	-0.506670	1.327680	-2.073977
40.515045	-118.527931	886.138916	-0.527563	1.311840	-2.084288
38.215691	-118.606773	886.408386	-0.422441	1.326018	-1.982806
40.595631	-119.332458	884.412842	-0.562230	1.324028	-2.116564
39.454636	-118.809593	884.476807	-0.485318	1.325385	-2.052380
43.305172	-118.117035	883.774536	-0.623561	1.291537	-2.193052
39.655495	-118.349167	886.221619	-0.462093	1.315016	-2.042850
40.881107	-118.926086	885.881592	-0.509442	1.298883	-2.070158
39.666656	-119.670059	886.216797	-0.465423	1.314709	-2.035118
39.801399	-119.798393	886.211365	-0.469472	1.315402	-2.043923
42.350239	-119.625000	884.463013	-0.570969	1.324749	-2.140299
40.990540	-121.267281	886.384521	-0.566641	1.324294	-2.132550
42.251572	-118.585503	884.242249	-0.543486	1.314075	-2.108552
39.360577	-118.284477	886.231323	-0.462018	1.315977	-2.028366
39.548824	-119.355644	886.471924	-0.499477	1.327939	-2.055299
39.684319	-119.199142	886.389221	-0.485708	1.324605	-2.064084
38.421825	-119.907089	886.435608	-0.422141	1.327680	-1.997239
39.752220	-120.767723	886.432617	-0.490820	1.326769	-2.064511
39.711857	-120.210205	884.721375	-0.525564	1.339551	-2.100214
39.395374	-116.176865	882.258972	-0.465875	1.314725	-2.035650
39.282097	-117.425613	882.534424	-0.497136	1.329705	-2.059659
36.728226	-116.184723	880.793518	-0.451704	1.342130	-2.016157
39.236275	-115.569412	880.517822	-0.501842	1.327896	-2.060868
37.804848	-115.181335	880.469238	-0.501999	1.327488	-2.057912
37.442089	-113.619812	878.539001	-0.496009	1.327702	-2.037391
40.324890	-114.361664	878.503967	-0.568691	1.326743	-2.123542
39.044956	-113.564728	878.502014	-0.492961	1.325861	-2.045636
38.764763	-114.145905	878.469421	-0.570004	1.324539	-2.116261
37.490372	-113.210464	878.700256	-0.525277	1.337825	-2.070344
38.951031	-115.409058	878.691223	-0.598082	1.336962	-2.160219
39.165436	-113.688118	876.729614	-0.593559	1.335436	-2.170075
37.595821	-114.439117	877.034729	-0.558223	1.354461	-2.119244
39.747601	-111.817459	875.537109	-0.640493	1.326835	-2.191408
37.274834	-111.344360	874.118774	-0.556557	1.357563	-2.114970
38.592442	-113.470657	874.307922	-0.699816	1.369551	-2.258346
39.633270	-114.462921	874.455261	-0.735134	1.379701	-2.297700
40.882401	-110.881149	872.027466	-0.722814	1.351094	-2.279445
40.931427	-112.395164	872.253784	-0.784042	1.364977	-2.342029
40.530983	-112.417145	872.290283	-0.784015	1.367518	-2.331246
38.823093	-111.079041	872.306396	-0.621162	1.369322	-2.189706
39.487663	-111.811401	872.322388	-0.698768	1.370540	-2.257442
39.721550	-110.227081	870.387573	-0.712592	1.369756	-2.273324
38.491337	-113.053268	870.878296	-0.773235	1.406896	-2.341345
39.391190	-109.464493	868.539673	-0.758187	1.382040	-2.324082
39.320755	-109.434906	868.533142	-0.756285	1.382376	-2.319302
40.368683	-106.190788	866.160889	-0.727368	1.355649	-2.289833
39.188110	-107.941444	866.570007	-0.742404	1.382348	-2.307501
39.041870	-107.782784	866.754272	-0.822345	1.396234	-2.380718
35.355747	-106.941772	865.254456	-0.631175	1.431908	-2.184718
38.044205	-106.941193	864.974304	-0.783307	1.409923	-2.357032
36.780769	-107.521019	865.173340	-0.740331	1.426284	-2.315157
36.729881	-105.030067	864.862549	-0.613072	1.402127	-2.186350
36.593937	-107.226883	864.363708	-0.813086	1.438300	-2.385694
37.842834	-107.828629	864.285461	-0.924923	1.431091	-2.502161
35.392090	-105.795662	864.139221	-0.723355	1.423908	-2.305973
37.212296	-104.657303	862.192017	-0.786322	1.423472	-2.373794
36.915974	-106.279266	860.281921	-0.978155	1.426724	-2.567784
35.116730	-102.156425	860.292175	-0.779245	1.430715	-2.350209
37.507183	-101.928223	860.173523	-0.852119	1.421926	-2.417336
39.216782	-101.891861	857.867798	-0.877004	1.395082	-2.445256
35.535370	-99.184555	858.285706	-0.834287	1.428437	-2.405245
36.873196	-100.440781	858.358337	-0.917597	1.437359	-2.500382
33.082623	-98.149429	856.488220	-0.790109	1.443765	-2.376057
34.012554	-94.962936	856.164978	-0.757728	1.417912	-2.328218
34.098793	-96.138062	855.425903	-0.940148	1.439391	-2.510067
31.549143	-98.359146	853.845398	-1.012549	1.482858	-2.587653
36.421631	-94.698578	851.404846	-1.046772	1.428574	-2.610749
35.572987	-95.349060	851.568359	-1.030761	1.445048	-2.609507
35.154457	-95.486931	851.561401	-1.046697	1.447493	-2.614591
35.152828	-97.359451	851.640198	-1.227993	1.457530	-2.794462
37.651573	-97.027206	851.317139	-1.300439	1.427339	-2.863437
36.412704	-96.504593	851.456482	-1.224957	1.440085	-2.782630
37.581242	-97.777061	849.556946	-1.332695	1.445149	-2.902365
37.520821	-96.321228	849.558472	-1.329844	1.445500	-2.888674
38.893330	-97.695419	849.410522	-1.482905	1.431480	-3.039927
38.819645	-94.878563	849.346313	-1.365488	1.428824	-2.921359
41.191238	-91.379364	846.190857	-1.248124	1.407798	-2.798141
38.693489	-94.734367	846.459290	-1.505782	1.431511	-3.049594
35.987644	-93.370750	846.765625	-1.314701	1.461987	-2.863611
38.555073	-93.494766	846.424438	-1.399921	1.430931	-2.937543
39.763092	-92.080154	846.402954	-1.383567	1.430537	-2.931950
36.776325	-93.717133	846.690552	-1.504267	1.455877	-3.065013
34.756210	-92.478073	844.922546	-1.537184	1.479737	-3.092832
35.439301	-91.538971	844.847534	-1.430747	1.469954	-2.980262
37.964752	-91.350166	844.504456	-1.590069	1.438583	-3.139065
35.907246	-92.931908	843.808838	-1.769651	1.462711	0.181184
38.548698	-90.977768	843.646973	-1.538830	1.447865	-3.101284
37.542381	-89.162018	841.651123	-1.637001	1.441811	0.066758
37.034138	-89.416290	841.696899	-1.686096	1.447934	0.096097
35.677017	-88.515625	839.887939	-1.784537	1.461946	0.185594
36.908928	-89.002022	839.700623	-1.795847	1.445538	0.210682
36.585258	-87.753479	839.717102	-1.803062	1.449268	0.225156
36.024025	-87.360725	839.753906	-1.915989	1.452780	0.334924
36.550159	-86.098961	837.730103	-1.789416	1.448260	0.212677
34.685772	-85.755203	837.767517	-1.899095	1.451674	0.325516
35.154831	-84.783821	837.715088	-1.792451	1.448933	0.226306
32.312019	-83.702728	838.000427	-1.928265	1.482368	0.349522
34.798332	-82.300995	836.819336	-1.831404	1.452746	0.250556
33.452217	-80.160126	834.987488	-1.789673	1.470173	0.216897
34.574284	-80.818443	834.850525	-1.832079	1.454504	0.260156
34.294556	-79.506546	834.831238	-1.851201	1.455582	0.286128
33.714817	-81.074997	832.869690	-2.031739	1.453319	0.461051
36.195320	-79.988380	832.767944	-1.886742	1.444777	0.312224
34.782047	-79.677864	831.889343	-2.047268	1.455171	0.471263
35.428787	-80.679192	831.763794	-2.101391	1.441968	0.529534
35.976624	-80.397469	831.713989	-2.045586	1.437642	0.480567
35.910324	-77.134384	831.667480	-1.840772	1.432093	0.270246
35.389870	-78.076553	831.843445	-1.983659	1.449833	0.415737
34.046936	-80.435875	831.614929	-2.201501	1.432607	0.626330
35.394878	-79.109848	829.679077	-2.205956	1.432239	0.622632
32.825008	-75.919914	829.951660	-2.114869	1.458577	0.533536
36.463081	-76.373749	827.557922	-2.136518	1.419063	0.568979
34.065022	-76.239006	827.664551	-2.360674	1.432118	0.780164
35.758591	-77.253349	826.437256	-2.307301	1.407768	0.743939
35.281414	-74.942947	826.590942	-2.287351	1.420703	0.708881
34.053802	-75.525391	826.657898	-2.397392	1.426803	0.817465
35.924759	-76.399261	826.128235	-2.410871	1.387667	0.827080
33.473015	-74.940842	824.312317	-2.584693	1.397051	1.004894
34.719696	-71.757942	824.569458	-2.370607	1.417011	0.785775
33.141151	-71.122543	824.487610	-2.413118	1.412236	0.831085
34.358849	-71.529488	824.339478	-2.366189	1.399026	0.792506
33.873093	-68.186958	822.634399	-2.278791	1.419659	0.695118
31.987576	-70.093430	822.277344	-2.495327	1.394164	0.907700
31.281073	-68.151627	821.498230	-2.499893	1.406115	0.919538
29.815861	-67.713783	821.621399	-2.567094	1.420137	0.993864
32.814819	-66.464844	821.310425	-2.387220	1.395908	0.814530
31.647907	-65.108414	819.607300	-2.534488	1.414856	0.963039
31.478050	-66.173164	819.336121	-2.512107	1.394685	0.933459
32.695087	-65.008301	818.333130	-2.511072	1.393230	0.939442
34.156113	-65.095818	818.302612	-2.523169	1.390240	0.934692
34.043736	-65.705139	818.082642	-2.480254	1.375029	0.897512
36.881397	-66.087074	817.804199	-2.424881	1.358402	0.839427
36.700844	-66.908859	817.464233	-2.504803	1.339039	0.923362
36.831268	-64.629578	817.840332	-2.422250	1.360483	0.834704
32.304916	-65.072433	816.113464	-2.713675	1.373516	1.120641
32.590340	-67.788170	815.764893	-2.749771	1.353794	1.145410
35.889618	-63.976227	815.968018	-2.555657	1.366581	0.962190
33.878357	-63.958622	813.902100	-2.616508	1.358140	1.040579
35.167389	-63.151245	813.759521	-2.631167	1.352246	1.050498
36.326180	-61.222866	813.933350	-2.515866	1.364160	0.932341
34.095123	-61.075333	813.053650	-2.680862	1.367066	1.085220
35.255817	-61.469517	812.830811	-2.616036	1.355383	1.036026
35.065563	-59.761906	813.030579	-2.518229	1.365841	0.924841
35.219433	-61.534149	812.823181	-2.629836	1.354867	1.039881
34.678787	-60.840950	812.628296	-2.611756	1.343602	1.020846
35.088306	-61.976429	810.503479	-2.666767	1.334122	1.089099
35.006027	-61.329620	810.232422	-2.629670	1.319633	1.050500
33.970325	-62.716469	810.007019	-2.727233	1.309905	1.127623
33.808487	-63.451889	809.514038	-2.749578	1.286799	1.172328
33.717163	-60.253838	809.987671	-2.724413	1.309186	1.138406
32.983601	-60.283951	808.762451	-2.774835	1.296610	1.188912
32.489685	-59.992283	808.540405	-2.791602	1.286930	1.225411
30.937744	-59.811668	805.252258	-2.826332	1.272673	1.254370
31.113701	-59.022221	805.455750	-2.812987	1.281647	1.236170
28.952801	-51.501373	806.878967	-2.836036	1.351426	1.256684
28.957418	-50.245972	806.874756	-2.836474	1.351182	1.256334
28.389456	-51.881176	806.329590	-2.971064	1.320624	1.389328
29.021013	-50.312714	806.625183	-2.922884	1.338247	1.333278
30.979763	-50.180626	806.371765	-2.907752	1.322380	1.318723
29.715788	-49.774902	806.475403	-2.899944	1.327478	1.313328
31.940807	-49.631821	804.311279	-2.778616	1.318664	1.198411
30.231586	-50.475098	806.217590	-2.882220	1.315466	1.292792
30.146276	-49.044296	804.304932	-2.875522	1.317751	1.294152
29.435875	-47.922840	804.320190	-2.905593	1.318299	1.330139
29.434755	-49.743164	801.732178	-2.871207	1.289797	1.289584
29.491407	-48.455349	801.742249	-2.870323	1.289912	1.286643
29.109339	-46.646202	801.671143	-2.958337	1.286003	1.365297
30.305321	-44.706120	801.772156	-2.898354	1.290477	1.305975
28.906900	-43.177017	801.289429	-2.941857	1.313907	1.349983
29.013969	-44.374748	800.969360	-2.949254	1.298461	1.357319
29.737310	-44.988617	800.757263	-2.923726	1.288575	1.331424
29.034380	-45.758110	801.530518	-2.962562	1.280793	1.369259
32.581596	-43.328869	800.965881	-2.765049	1.297750	1.184572
30.079573	-42.316391	802.421021	-2.867424	1.321466	1.285449
30.122318	-42.356377	801.419189	-2.872901	1.320215	1.281260
31.882479	-43.406410	800.992676	-2.798086	1.300096	1.216216
30.001692	-42.551136	801.063721	-2.888430	1.302527	1.305976
33.210320	-43.763504	800.429260	-2.773165	1.274208	1.186816
33.054077	-43.371201	800.204285	-2.784126	1.264374	1.206145
32.639587	-44.818863	799.925781	-2.867463	1.253258	1.289489
30.324505	-44.359947	800.163086	-2.915803	1.262672	1.325854
32.325737	-43.613514	798.181152	-2.811695	1.263245	1.233564
30.269825	-43.978359	800.284180	-2.915455	1.267754	1.324307
28.416775	-44.633976	800.134338	-2.946053	1.261234	1.354686
28.257877	-44.133553	798.287598	-2.943437	1.266867	1.351895
29.469131	-43.797844	800.017822	-2.953358	1.256313	1.366473
32.902710	-44.791565	797.360229	-2.817065	1.230424	1.243332
30.041218	-43.654617	798.003357	-2.925878	1.255337	1.338035
30.619301	-43.825367	797.901367	-2.904102	1.251302	1.316944
31.415432	-43.396942	799.905640	-2.869459	1.253924	1.281707
30.300495	-45.067177	799.541504	-2.935018	1.237601	1.344939
29.054197	-43.141304	799.845581	-2.976647	1.249426	1.387208
28.068996	-44.575939	799.828369	-3.028373	1.249257	1.426660
30.075628	-43.830383	797.944214	-2.926275	1.252962	1.338046
31.372147	-44.539459	797.603699	-2.882021	1.239613	1.295823
31.886353	-43.010017	797.649841	-2.860210	1.241150	1.273713
31.378567	-42.820244	797.757629	-2.885307	1.245461	1.290530
32.290264	-45.537537	796.734924	-2.849151	1.207429	1.286152
32.738171	-42.622116	797.685608	-2.832458	1.242535	1.237723
31.971832	-44.504471	797.132690	-2.873393	1.221846	1.286719
34.111359	-41.734245	797.405518	-2.767246	1.231633	1.193347
31.442320	-42.107658	797.584839	-2.882042	1.238317	1.293810
31.899639	-42.310673	797.472473	-2.864446	1.234041	1.279269
29.791965	-42.020538	797.628906	-2.886823	1.240870	1.307571
30.243862	-43.047829	796.364441	-2.916512	1.229682	1.344453
30.748056	-43.053337	797.313660	-2.915266	1.228570	1.328324
30.078993	-43.973282	797.046204	-2.947341	1.218652	1.359873
29.778978	-41.141457	796.523376	-2.889282	1.235508	1.309774
27.273193	-43.141518	797.011047	-3.017297	1.216842	1.417961
30.414772	-43.061646	797.341064	-2.917835	1.229499	1.340482
30.031887	-42.049301	797.619995	-2.885649	1.239666	1.298952
29.718399	-44.139061	797.462219	-2.962412	1.233817	1.364704
29.689528	-45.635765	799.392578	-2.960656	1.231955	1.372252
29.054386	-44.269890	800.196350	-2.916780	1.263915	1.325571
30.359327	-44.744843	800.314819	-2.860312	1.269221	1.264495
31.514677	-45.224937	800.535767	-2.848089	1.279313	1.258839
30.171564	-42.443169	801.391113	-2.872546	1.318960	1.280135
28.902100	-43.373245	802.238831	-2.938343	1.312032	1.354852
33.076149	-44.813377	801.835327	-2.748435	1.293401	1.169885
27.761831	-46.074512	801.901184	-3.013178	1.296424	1.420803
29.451563	-45.475861	801.983521	-2.921487	1.299899	1.338649
30.168249	-47.268394	801.777100	-2.903468	1.290954	1.312770
30.566563	-47.341492	802.060303	-2.857733	1.304426	1.280403
30.622747	-47.512043	804.339722	-2.842973	1.319276	1.267115
30.786758	-48.726856	804.327820	-2.840842	1.319274	1.258844
30.804949	-52.115524	803.771423	-2.872633	1.292901	1.287764
30.732164	-50.268070	804.264221	-2.844466	1.316099	1.265801
29.594357	-52.465378	804.086060	-2.918046	1.308398	1.331858
30.087347	-52.603691	806.002319	-2.891000	1.305109	1.310938
30.116625	-51.911610	806.203735	-2.881625	1.314780	1.299616
28.453510	-51.936462	806.312561	-2.969104	1.319764	1.386485
29.423054	-52.703438	805.968140	-2.858652	1.303545	1.289395
30.195536	-52.421749	806.380554	-2.873012	1.324493	1.292085
29.978237	-51.425400	806.537598	-2.795665	1.332609	1.224225
30.304188	-54.762939	806.006348	-2.829087	1.306285	1.245615
29.823475	-55.409531	806.190369	-2.845057	1.315823	1.258407
28.519207	-54.963871	806.410156	-2.896045	1.326115	1.315531
33.573212	-57.304726	806.798523	-2.742765	1.297517	1.157809
33.480057	-59.853199	806.617432	-2.814569	1.288517	1.236645
32.367271	-59.647213	808.655090	-2.811012	1.291754	1.225432
34.438953	-60.432640	808.730591	-2.774937	1.294651	1.189113
34.260185	-60.156433	808.818237	-2.768879	1.298843	1.192046
36.261650	-60.773476	808.761902	-2.681351	1.295890	1.095181
35.012424	-61.601406	809.680542	-2.748188	1.294039	1.165020
33.908791	-62.092094	809.990479	-2.789507	1.308954	1.199289
32.689457	-62.175995	810.286133	-2.765821	1.323023	1.174806
34.483727	-62.266205	812.281006	-2.653861	1.326762	1.065402
36.946064	-61.360168	812.405457	-2.569206	1.331149	0.990643
35.971466	-61.804459	812.691406	-2.603085	1.346950	1.010964
32.861664	-61.730171	813.030945	-2.764392	1.366212	1.171354
33.634911	-64.426086	813.605957	-2.762340	1.345750	1.162355
31.155584	-65.344208	813.815125	-2.821169	1.356889	1.221244
34.913353	-65.113174	813.658447	-2.685899	1.346672	1.085157
35.438988	-65.593452	815.699646	-2.632201	1.352293	1.036897
34.752602	-65.507080	815.852661	-2.657342	1.359137	1.065050
34.275402	-64.560181	815.948853	-2.589934	1.365482	1.001925
34.242428	-65.909706	817.954224	-2.592618	1.367492	1.007553
34.236729	-66.949310	817.997009	-2.582939	1.370156	0.999686
35.545910	-66.433517	817.928650	-2.499126	1.365915	0.914783
34.650524	-66.634644	817.859131	-2.482021	1.362146	0.905460
32.301849	-65.358391	818.330261	-2.558146	1.392935	0.980253
32.914322	-66.425583	819.283997	-2.515161	1.390913	0.935505
31.506720	-66.294411	819.436523	-2.583959	1.402328	1.014246
31.212723	-66.843613	819.577393	-2.593818	1.413176	1.011801
32.358822	-69.312012	821.307495	-2.552477	1.394418	0.981449
32.462360	-65.751534	821.746948	-2.377241	1.428825	0.797627
30.018013	-68.686691	822.766846	-2.639112	1.432060	1.061759
33.965023	-70.055206	822.531860	-2.462900	1.412227	0.879849
36.996262	-70.856247	822.088501	-2.325848	1.379809	0.752908
34.424786	-71.035500	824.537598	-2.407766	1.414278	0.834918
33.820759	-72.015762	824.632874	-2.439620	1.422381	0.854988
35.238518	-74.717484	824.311584	-2.425961	1.396998	0.845130
34.108711	-77.468765	826.508972	-2.578819	1.416961	1.001381
35.145958	-75.114891	826.584351	-2.299843	1.420532	0.727376
34.009476	-76.998421	826.645081	-2.406635	1.425688	0.830225
34.658310	-75.950943	826.713379	-2.305194	1.429136	0.725061
34.092754	-77.752296	827.710999	-2.372849	1.431485	0.790282
35.243076	-77.021744	827.654053	-2.243870	1.426841	0.674011
36.051804	-76.209694	829.789917	-2.114618	1.447213	0.537390
37.777287	-77.863945	829.473694	-1.999547	1.414019	0.429170
35.331650	-79.175217	831.737366	-2.100233	1.441477	0.528564
34.928047	-77.205093	831.934692	-1.925983	1.459316	0.347064
36.084442	-80.406685	831.697327	-2.040366	1.436381	0.476680
34.349880	-80.084038	831.939514	-2.111523	1.457479	0.532999
33.097675	-80.252609	833.044067	-2.053325	1.478811	0.473790
34.413719	-79.605278	832.979675	-1.896915	1.467566	0.334386
33.799263	-79.733948	832.908447	-1.901995	1.460647	0.327245
35.045902	-79.882751	832.771606	-1.884977	1.445142	0.301328
34.017200	-80.921249	834.851868	-1.892929	1.460101	0.311225
36.926685	-79.537201	834.565491	-1.670828	1.428107	0.097417
36.637547	-83.239693	836.716553	-1.909899	1.443063	0.327537
34.579487	-83.783783	836.823914	-1.850128	1.454915	0.273736
36.413704	-87.385208	837.636047	-2.037731	1.438989	0.460683
37.105850	-86.513756	837.657166	-1.808798	1.440262	0.240353
35.942112	-85.857018	839.757935	-1.777855	1.456377	0.200835
36.363979	-89.313812	839.818481	-2.014251	1.461255	0.440520
35.597996	-89.613396	839.841797	-1.897606	1.459525	0.309003
38.030384	-89.005508	839.721497	-1.801879	1.447980	0.215669
37.080959	-90.566490	841.656677	-1.789953	1.445137	0.210084
38.905807	-88.972847	841.642944	-1.636129	1.441461	0.048575
37.228485	-90.937050	843.671082	-1.679420	1.447307	0.090524
39.061138	-90.012169	843.629211	-1.586378	1.441461	-3.138654
35.483109	-91.329292	844.808899	-1.590618	1.469815	-3.135235
39.318096	-92.781784	844.552979	-1.578702	1.439193	-3.137104
36.023125	-91.829285	844.830078	-1.474779	1.463192	-3.024543
39.689182	-91.975578	844.497131	-1.359630	1.431168	-2.921381
37.437550	-92.799133	846.581970	-1.301006	1.442447	-2.848786
39.945950	-94.081017	846.281738	-1.452506	1.414846	-3.006482
37.646198	-94.382523	848.565674	-1.304849	1.441567	-2.849479
38.150539	-93.947739	848.483765	-1.267971	1.433855	-2.824651
37.518581	-97.016106	849.580872	-1.409762	1.447429	-2.957011
38.364414	-97.962845	849.462280	-1.379044	1.436033	-2.936430
35.211929	-95.967087	851.614258	-1.223484	1.456718	-2.792759
36.935936	-95.835510	851.525330	-1.111689	1.444665	-2.667716
37.891701	-94.718491	851.346924	-1.046602	1.427336	-2.618929
34.176559	-96.027969	851.738220	-1.026700	1.464540	-2.595347
34.141052	-96.569427	853.633179	-0.910068	1.457226	-2.491728
35.440559	-96.303734	855.445251	-0.958975	1.440025	-2.526124
35.581047	-97.371025	856.240356	-0.825029	1.425321	-2.404187
34.369991	-99.789314	856.572998	-0.904311	1.455654	-2.477995
35.699127	-100.005424	858.438171	-0.813740	1.446493	-2.385946
36.824482	-100.473244	858.401367	-0.922683	1.439467	-2.492313
39.111923	-101.896423	858.012207	-0.948292	1.406701	-2.520500
38.120247	-101.229233	858.077148	-0.853296	1.411371	-2.432223
37.932648	-102.471680	858.253540	-0.940825	1.423047	-2.501952
36.441891	-103.438072	860.312378	-0.778485	1.433087	-2.363019
37.248249	-104.849876	862.198303	-0.800169	1.424821	-2.387847
37.137894	-106.049728	862.222046	-0.792760	1.424435	-2.370916
37.803890	-105.291428	863.982788	-0.765052	1.409099	-2.348464
36.525120	-104.791428	864.101746	-0.674243	1.416127	-2.237526
36.819153	-107.704887	865.157349	-0.752338	1.427129	-2.333326
37.774136	-106.781151	864.986328	-0.765489	1.410865	-2.333163
37.771912	-108.100204	865.008240	-0.781438	1.410462	-2.330130
40.619209	-107.954422	866.556396	-0.743231	1.381984	-2.311269
40.680241	-106.924469	866.422119	-0.708147	1.371604	-2.270210
39.280972	-109.430977	868.532959	-0.754127	1.382683	-2.317175
38.014309	-109.000534	870.581482	-0.656506	1.386830	-2.212114
41.792904	-111.060509	870.169983	-0.858495	1.360483	-2.419209
41.969963	-110.373337	871.722473	-0.746736	1.335805	-2.311589
38.456245	-112.377106	872.552551	-0.664533	1.384359	-2.227829
39.588612	-112.008896	874.063538	-0.650730	1.355639	-2.200109
37.542187	-113.744522	874.490479	-0.652705	1.381078	-2.212651
37.369343	-113.824478	876.488098	-0.657848	1.383206	-2.206580
37.678726	-113.429520	876.311218	-0.512490	1.368855	-2.067288
37.496960	-112.275360	876.773865	-0.441657	1.338787	-1.988468
38.997494	-115.755310	878.789612	-0.619337	1.341270	-2.166852
40.196209	-114.318542	878.519775	-0.561711	1.327135	-2.116695
39.197372	-116.166611	879.011353	-0.561859	1.354067	-2.122847
39.261765	-117.391693	880.732788	-0.602360	1.339331	-2.169674
38.878815	-114.982704	880.226868	-0.538437	1.314738	-2.092377
37.462429	-113.760994	878.564392	-0.500230	1.329206	-2.041658
37.559319	-113.451897	878.511169	-0.491271	1.325090	-2.038889
38.544247	-114.164215	878.488708	-0.565453	1.326204	-2.107021
38.817631	-115.532295	878.737854	-0.603937	1.339230	-2.157911
39.975189	-114.016182	878.743286	-0.604356	1.339596	-2.143870
38.888847	-114.818375	879.054688	-0.562318	1.356599	-2.109031
41.487129	-113.216972	878.373840	-0.629391	1.320172	-2.186071
41.454182	-114.833099	878.458252	-0.639954	1.323792	-2.185373
40.099403	-113.185600	878.291138	-0.541064	1.315149	-2.083523
37.542912	-113.754150	878.570374	-0.505922	1.328656	-2.045235
38.513317	-113.326035	880.240356	-0.539647	1.314109	-2.070601
37.748829	-113.660408	878.504883	-0.493288	1.326364	-2.052485
38.772633	-114.116150	878.497131	-0.563491	1.325042	-2.109981
37.503273	-113.356514	878.750427	-0.526356	1.339389	-2.074774
36.614365	-114.838722	877.250427	-0.514945	1.365206	-2.080710
38.599701	-112.576210	876.845642	-0.609680	1.344172	-2.157862
37.642693	-114.281509	876.282715	-0.608938	1.368192	-2.174047
37.496796	-111.406631	874.126343	-0.566790	1.356756	-2.128043
39.501366	-113.223137	874.301453	-0.692591	1.368634	-2.240078
41.046314	-112.037117	873.912720	-0.715618	1.347521	-2.278141
39.702946	-112.958870	872.349304	-0.690420	1.367576	-2.251994
38.529160	-112.166481	872.544434	-0.652682	1.382715	-2.215879
39.527878	-109.474442	871.930847	-0.619166	1.346346	-2.175894
39.593224	-112.879303	872.490112	-0.747901	1.379970	-2.307459
38.427376	-111.221756	872.356873	-0.616005	1.372718	-2.181537
40.992828	-114.813263	872.534607	-0.897063	1.383884	-2.465248
37.096573	-111.811043	870.744995	-0.708959	1.395361	-2.278225
38.486256	-110.853920	870.586731	-0.671282	1.385890	-2.236753
38.304749	-109.127029	868.620361	-0.669465	1.385868	-2.233081
37.995476	-108.550331	866.824219	-0.719585	1.398157	-2.272982
37.893463	-105.443703	866.571899	-0.655321	1.383650	-2.212916
35.264229	-106.993538	865.118103	-0.559637	1.418636	-2.115667
36.623299	-107.778992	865.236877	-0.764328	1.430026	-2.320409
37.986374	-107.045258	865.002197	-0.785897	1.411371	-2.359614
36.686054	-107.667786	865.187622	-0.758556	1.427943	-2.322625
36.683178	-107.350075	865.148499	-0.748185	1.426354	-2.312115
35.326153	-103.511658	863.938660	-0.625831	1.401845	-2.188183
37.831116	-106.484077	864.141479	-0.842043	1.420450	-2.411412
36.543343	-107.318825	864.360718	-0.821037	1.439559	-2.388769
37.902691	-105.420258	864.017273	-0.768623	1.410523	-2.353036
35.342934	-104.329254	862.216125	-0.735336	1.425023	-2.323099
35.682777	-104.844704	862.217346	-0.797184	1.426645	-2.375361
38.369507	-102.341049	859.989380	-0.823617	1.405803	-2.406411
37.459602	-102.604965	860.121094	-0.812436	1.416534	-2.372912
38.249260	-102.854286	860.171936	-0.940285	1.421907	-2.517382
37.872025	-98.570648	858.113647	-0.856925	1.414004	-2.421641
38.098236	-99.831573	858.182251	-0.937545	1.421726	-2.514115
36.847450	-96.829384	856.096191	-0.854274	1.410005	-2.432185
35.430473	-97.508766	856.401550	-0.927664	1.438738	-2.499727
35.297073	-97.850098	855.321411	-1.034741	1.429357	-2.598523
35.435432	-96.639877	855.298279	-1.050309	1.428841	-2.617134
32.893131	-96.409096	853.614014	-0.916479	1.454988	-2.484545
32.812363	-96.721092	851.882690	-1.017183	1.483690	-2.578619
35.220570	-95.443954	851.551575	-1.046230	1.446501	-2.614199
34.524826	-95.666077	851.638245	-1.027428	1.455420	-2.597223
35.076675	-92.680153	851.450378	-0.924752	1.438181	-2.491854
35.138298	-96.063995	851.622559	-1.249642	1.458002	-2.800078
37.630333	-96.445152	849.561401	-1.344466	1.444541	-2.903305
37.543152	-92.443977	849.434998	-1.110209	1.432980	-2.665799
37.569801	-94.037209	848.553467	-1.269439	1.441160	-2.815370
40.052536	-95.657822	848.244751	-1.450669	1.415228	-3.004532
39.914001	-94.322113	848.216370	-1.456967	1.415231	-3.005433
37.263588	-95.371162	846.648132	-1.554202	1.450033	-3.101782
37.420212	-95.314117	846.611877	-1.681767	1.447596	0.091182
38.731812	-93.387474	846.457947	-1.499598	1.430970	-3.048950
38.637726	-92.242661	846.438660	-1.389715	1.430071	-2.946407
38.499081	-92.050262	846.452271	-1.372977	1.431290	-2.927022
38.629597	-93.458740	846.469788	-1.499635	1.432335	-3.054520
36.249889	-94.790459	846.739136	-1.469822	1.462207	-3.030142
38.661491	-94.030190	846.614624	-1.419532	1.447411	-2.965917
37.262394	-95.536171	846.699280	-1.532151	1.450001	-3.092980
37.306438	-93.956055	846.659180	-1.532991	1.449404	-3.093794
37.175110	-95.332245	846.666565	-1.546972	1.451126	-3.097342
38.686108	-92.141396	846.425781	-1.395695	1.429219	-2.938438
38.611496	-92.078392	846.398315	-1.381195	1.428317	-2.934745
39.716587	-92.746155	846.299377	-1.449685	1.417675	-3.004068
38.651730	-94.788513	846.465820	-1.493669	1.432097	-3.054122
38.488750	-92.094292	846.455017	-1.374155	1.431535	-2.930697
36.052387	-93.402908	846.779663	-1.471536	1.464552	-3.021540
36.031490	-93.261932	844.799805	-1.486023	1.463269	-3.035777
36.608231	-90.970070	844.723328	-1.396519	1.454203	-2.940091
37.704304	-88.825142	844.536316	-1.349503	1.437924	-2.898082
37.236862	-92.351303	843.678711	-1.687967	1.447148	0.098927
35.626083	-87.466438	843.790161	-1.466949	1.465454	-3.021336
38.353508	-89.297142	841.681824	-1.663787	1.448134	0.084414
37.389141	-87.413132	841.587402	-1.638773	1.442117	0.048845
36.791542	-89.064728	839.704163	-1.806828	1.446814	0.219362
36.595856	-89.069992	839.715210	-1.814993	1.449204	0.224280
35.984879	-87.332481	839.767212	-1.909752	1.453362	0.333451
37.106880	-88.470230	839.747009	-1.896109	1.454840	0.317485
37.196350	-86.546860	837.644531	-1.820124	1.439054	0.241362
34.684990	-84.414581	837.827087	-1.774134	1.457605	0.189238
34.556553	-85.697571	837.778442	-1.897693	1.453447	0.324098
35.294243	-83.614014	837.726196	-1.805754	1.447071	0.226735
34.764053	-84.885490	836.763916	-1.957180	1.448269	0.377298
33.486382	-84.385796	836.822083	-2.098629	1.457565	0.511513
32.784782	-81.250145	835.013489	-1.945819	1.474217	0.374152
34.612617	-80.910690	834.806274	-1.841689	1.453734	0.268642
34.545452	-81.547112	832.750549	-2.049790	1.443059	0.472694
34.433506	-80.784424	832.928955	-2.032776	1.461580	0.461719
34.442230	-80.753769	832.923035	-2.024202	1.461653	0.458123
33.793392	-79.217590	833.000366	-2.048021	1.470108	0.468757
36.576210	-78.992210	831.719666	-1.910446	1.437743	0.336539
34.924412	-79.808662	831.888794	-2.038969	1.452826	0.476776
33.693497	-80.278107	831.963867	-2.169638	1.463166	0.591291
34.176777	-78.427803	831.923767	-2.092012	1.458817	0.521719
34.335133	-79.841515	829.845947	-2.225891	1.447341	0.638200
35.455353	-76.557732	829.835266	-1.979073	1.447503	0.406649
32.917599	-78.346542	827.884460	-2.404260	1.448216	0.824948
37.513435	-76.983704	827.362793	-2.123379	1.403698	0.565068
35.319054	-76.789505	827.482178	-2.322781	1.415870	0.740185
36.978416	-75.154869	826.361267	-2.210689	1.402255	0.638281
34.081657	-76.795898	826.501465	-2.465987	1.414480	0.885670
35.201675	-76.256523	826.445801	-2.361540	1.410072	0.791129
33.924210	-76.498581	824.380615	-2.513106	1.402730	0.942754
35.310589	-75.878456	824.334106	-2.419018	1.397743	0.834655
34.721516	-75.586792	824.251160	-2.497331	1.392681	0.913170
35.266808	-72.581230	824.257324	-2.316541	1.392890	0.734795
35.226444	-70.153641	824.394653	-2.244967	1.402536	0.674015
33.767899	-74.339005	822.031128	-2.510733	1.375281	0.941979
34.011230	-71.193214	822.382202	-2.510875	1.400556	0.930579
34.268681	-70.105881	821.062073	-2.362631	1.374865	0.792510
32.468273	-69.482254	821.297119	-2.555086	1.392595	0.978927
32.769444	-64.427078	819.722290	-2.359175	1.424788	0.785323
30.271866	-64.590317	819.774170	-2.597709	1.428915	1.027185
32.819836	-65.108101	819.477600	-2.452379	1.404842	0.882076
32.907440	-65.020905	819.314209	-2.508401	1.392184	0.930909
33.914734	-65.683731	818.093384	-2.479170	1.376998	0.901407
34.283745	-65.121552	818.282715	-2.513162	1.388946	0.928602
35.366119	-65.017120	818.008423	-2.389756	1.370515	0.805471
34.319057	-66.987900	817.974915	-2.579950	1.369174	0.996665
34.320770	-64.591042	818.165283	-2.550500	1.380919	0.956513
31.938820	-66.614464	815.978088	-2.670995	1.366266	1.083670
33.590816	-66.159515	815.754517	-2.664994	1.353633	1.081272
34.012115	-65.785278	815.769287	-2.628973	1.353605	1.053198
34.788830	-65.485779	815.548462	-2.693027	1.343142	1.100715
35.547512	-63.699524	813.866821	-2.614439	1.358260	1.012670
34.678268	-60.755779	814.094543	-2.533948	1.372889	0.934847
36.338463	-59.946941	813.022827	-2.524053	1.363976	0.931790
35.221882	-59.160522	813.037598	-2.596836	1.366814	1.005226
33.418610	-61.399433	812.663452	-2.685437	1.345314	1.097202
36.912487	-61.053905	812.395203	-2.571232	1.332342	0.980716
33.802784	-59.612469	810.728638	-2.649601	1.346438	1.061296
35.805325	-61.794922	811.958313	-2.615358	1.309215	1.028157
34.959736	-60.567955	810.113403	-2.644360	1.314088	1.064978
34.010075	-59.897018	810.250610	-2.776279	1.319566	1.177450
32.557678	-59.299339	810.372375	-2.760416	1.327163	1.171237
34.916836	-60.112801	808.758972	-2.748139	1.296100	1.163183
34.985600	-58.461098	808.855286	-2.739219	1.300223	1.153063
34.498489	-58.916061	808.773254	-2.770868	1.297169	1.182184
33.511620	-59.942478	806.573608	-2.813729	1.287285	1.236621
33.519787	-59.812725	806.608398	-2.813993	1.288844	1.234363
31.044186	-58.759102	806.650024	-2.867119	1.290862	1.288803
34.139771	-59.006332	806.297974	-2.744781	1.274895	1.169407
30.540007	-58.834274	806.671021	-2.900792	1.291672	1.311725
32.899246	-57.581142	805.797119	-2.774241	1.296868	1.191685
30.452156	-59.433304	806.510010	-2.903662	1.284457	1.322881
30.447542	-56.732918	807.230225	-2.870180	1.318280	1.289946
31.780888	-58.355480	805.368469	-2.854757	1.276494	1.267037
29.292889	-56.295261	806.088745	-2.944298	1.310683	1.352464
29.923574	-55.456848	805.964417	-2.913971	1.303934	1.327424
33.497406	-57.151405	805.492859	-2.758699	1.283530	1.178716
32.858814	-55.013382	805.807861	-2.774811	1.297160	1.190788
30.356636	-55.160355	805.893677	-2.828106	1.301156	1.249451
31.164177	-54.691193	806.044250	-2.846929	1.308469	1.260307
30.369345	-55.727417	806.850159	-2.890420	1.299362	1.312641
29.237314	-56.881363	805.871338	-2.889989	1.299760	1.305535
31.123026	-57.188572	805.741028	-2.860742	1.293541	1.279765
30.919155	-52.428108	806.606995	-2.817034	1.337193	1.236111
32.570992	-55.811409	805.633423	-2.784572	1.288865	1.216040
32.131882	-54.886448	805.921143	-2.798769	1.302095	1.220144
30.469915	-55.136467	805.995300	-2.884313	1.305611	1.298763
30.441505	-53.021523	806.520142	-2.856620	1.331919	1.270364
32.018272	-52.731918	806.456665	-2.766426	1.328588	1.186953
29.485203	-54.526600	805.888000	-2.924359	1.300393	1.351493
30.832853	-53.640438	806.030457	-2.860071	1.307082	1.278943
32.419147	-53.970917	805.804443	-2.782134	1.296452	1.213187
28.985477	-51.825523	806.596497	-2.929487	1.335820	1.345947
30.142952	-50.912174	806.730713	-2.847009	1.343308	1.272055
28.714191	-52.491234	806.377075	-2.872742	1.324411	1.303453
30.118294	-51.742981	804.163940	-2.821275	1.312697	1.243441
30.079412	-52.470432	806.272400	-2.812071	1.319481	1.237285
29.537025	-52.633984	804.039673	-2.917844	1.306887	1.342547
28.181854	-52.278473	804.168335	-2.914918	1.312914	1.341910
26.029129	-52.538452	806.194763	-3.033814	1.314492	1.449082
29.672024	-52.106850	806.187744	-2.913975	1.314362	1.329439
28.389616	-51.516796	806.342529	-2.901846	1.321882	1.323572
31.871845	-52.713646	805.955444	-2.859835	1.303006	1.287384
28.728931	-52.640018	806.118286	-2.974617	1.310170	1.379606
30.748344	-52.261990	806.068970	-2.856069	1.308783	1.280940
29.581059	-50.990471	804.461243	-2.901659	1.326904	1.314457
29.988272	-52.127602	804.152039	-2.885604	1.311382	1.309477
29.990917	-51.351212	806.335938	-2.872406	1.321104	1.299327
32.496502	-50.648338	806.331055	-2.746958	1.320699	1.172191
