44.111465	-79.086929	826.003540	0.739243	1.474651	0.756120
42.962868	-79.240417	826.994934	0.728312	1.474588	0.765770
44.174637	-80.433952	826.011658	0.718818	1.474777	0.765940
41.752190	-78.415611	825.959839	0.890146	1.469542	0.604781
42.955482	-79.121193	826.018250	0.716167	1.475640	0.771504
42.941475	-79.212227	826.024658	0.730191	1.474606	0.761561
42.869900	-79.154282	826.008545	0.726085	1.474579	0.766826
43.532898	-79.611000	827.001587	0.639242	1.476158	0.853481
42.921062	-79.166031	826.016602	0.724385	1.474938	0.772567
44.317333	-77.829803	826.100098	0.854076	1.486823	0.640188
42.982792	-78.367577	825.964355	0.898791	1.469222	0.595452
42.825188	-79.094696	826.014648	0.738276	1.474689	0.757196
42.914829	-79.200806	826.990723	0.725971	1.474495	0.757730
43.114731	-76.604713	826.154907	1.011668	1.496013	0.484336
42.882713	-79.143066	826.020752	0.718838	1.474793	0.766933
43.386559	-79.477081	826.016785	0.648980	1.476147	0.845067
42.539829	-81.616577	825.788574	0.556853	1.448559	0.925790
42.849831	-79.151245	826.017944	0.729196	1.474423	0.764734
43.159218	-81.994530	825.786255	0.482955	1.449065	1.000440
42.871502	-79.124367	826.021240	0.732023	1.474854	0.764160
44.267136	-79.104797	827.006775	0.741123	1.475904	0.752893
44.180283	-79.018997	826.999573	0.729109	1.475897	0.755455
42.877777	-79.119049	826.014893	0.732062	1.474956	0.764226
42.920486	-79.214317	826.992371	0.723609	1.474464	0.759143
44.295555	-78.684273	826.141479	0.648565	1.491246	0.847654
42.896820	-79.168144	826.005493	0.721669	1.474666	0.770923
42.830364	-79.114975	826.000977	0.724949	1.474527	0.759942
44.304024	-80.546379	826.980713	0.723675	1.474818	0.771060
43.339455	-79.444458	826.041016	0.646284	1.476058	0.837549
43.010475	-79.272270	826.994751	0.719975	1.474773	0.772700
41.729080	-78.404327	825.961975	0.901178	1.469384	0.602013
43.540356	-79.604324	826.999329	0.641697	1.476319	0.853304
42.958004	-79.136276	826.016235	0.730121	1.474679	0.763872
41.880562	-79.812294	826.935669	0.887676	1.469765	0.607352
43.084557	-77.886848	826.099548	0.842571	1.487008	0.652503
44.138447	-80.430580	826.972839	0.729396	1.474478	0.762364
42.802532	-79.094444	826.016602	0.737965	1.474484	0.755149
42.944450	-79.228691	826.023743	0.728351	1.474489	0.763377
43.549416	-80.899818	827.009033	0.643781	1.476415	0.853329
46.129467	-80.258881	827.121460	0.543823	1.492767	0.941021
43.332333	-81.134377	826.769836	0.631540	1.449302	0.854480
44.162304	-79.013580	826.995239	0.740588	1.475780	0.753311
42.670380	-81.658066	825.794006	0.558061	1.449119	0.939102
42.919640	-80.503670	826.977722	0.722898	1.474422	0.758711
44.099037	-79.102730	826.014343	0.725447	1.474434	0.756137
42.912663	-79.200539	826.990601	0.735652	1.474477	0.757511
43.496826	-79.581619	826.995789	0.637009	1.476099	0.847672
42.973747	-79.247955	827.000488	0.715027	1.474621	0.767460
44.800278	-80.863274	827.003052	0.640934	1.476350	0.845983
44.063419	-79.074249	826.008179	0.733258	1.474319	0.750645
42.898865	-79.169640	826.002075	0.721343	1.474672	0.771249
44.095825	-79.095703	826.021729	0.737939	1.474465	0.755187
44.231365	-79.266411	826.994934	0.722638	1.475047	0.774410
41.870411	-78.515915	826.956787	0.888876	1.469749	0.606204
42.942646	-79.179070	826.004211	0.720860	1.474983	0.776120
45.571480	-79.978638	827.111023	0.649506	1.491076	0.844543
44.613308	-79.442780	826.989014	0.646146	1.475904	0.835406
42.808231	-79.088493	826.008545	0.740266	1.474587	0.755093
44.142876	-79.135605	826.976807	0.730753	1.474549	0.763161
42.824730	-81.800102	825.801758	0.548696	1.448991	0.947022
42.620266	-81.627258	825.800537	0.551782	1.449057	0.933067
42.614731	-81.657143	825.783081	0.558590	1.448713	0.934437
44.273987	-80.550117	826.995361	0.717391	1.474650	0.767228
44.062454	-79.133209	826.016907	0.735527	1.473837	0.755760
42.722176	-81.716599	825.799072	0.548823	1.448905	0.946954
43.941925	-81.675293	826.759399	0.554518	1.448775	0.938269
43.961437	-82.843811	826.765808	0.551688	1.450179	0.931780
44.032562	-81.576172	825.801636	0.556014	1.450457	0.939780
46.697899	-81.164848	825.934143	0.470800	1.464520	1.026199
45.137138	-82.904015	825.784058	0.555746	1.448638	0.925940
45.274742	-81.667625	825.793823	0.553884	1.449100	0.941242
46.639591	-82.380997	826.903320	0.469774	1.464980	1.014932
45.268154	-81.540054	825.793335	0.552848	1.450346	0.932875
45.719536	-82.924385	826.680298	0.602416	1.442814	0.871629
46.407162	-81.415764	825.784668	0.569122	1.450374	0.912441
46.732010	-80.819405	826.737915	0.700436	1.447881	0.782710
46.712975	-82.099007	826.732056	0.701860	1.447798	0.780071
46.630661	-81.861412	826.730530	0.711133	1.449301	0.770917
46.037788	-81.546890	826.578491	0.853881	1.433200	0.617242
46.119568	-81.410728	826.583801	0.860102	1.435004	0.611653
48.096394	-81.211281	826.683289	0.832600	1.443474	0.633756
48.492737	-82.187927	826.635254	0.739575	1.439514	0.732074
50.246418	-82.547859	826.759521	0.569183	1.451575	0.883676
49.067585	-81.726326	826.720642	0.713128	1.449024	0.750654
47.956684	-79.674545	825.710022	0.852506	1.444253	0.620725
49.098000	-81.012703	826.542969	0.755394	1.431932	0.699067
48.730675	-81.389526	826.587036	0.850098	1.435300	0.611657
50.720066	-81.596657	826.638000	0.599312	1.441487	0.844088
49.930912	-81.247940	826.583496	0.847563	1.435320	0.595843
47.980377	-81.814796	826.293518	0.897342	1.410703	0.546777
48.586586	-79.301880	826.379761	0.878693	1.417897	0.564935
47.930431	-80.815178	826.260681	0.890904	1.409386	0.551418
47.927792	-80.069572	826.315918	0.928311	1.413040	0.514310
49.722664	-81.544327	826.367432	0.885852	1.417323	0.547297
47.620567	-79.929390	826.160339	1.053123	1.401896	0.368435
48.925549	-79.648300	826.297913	0.946237	1.412179	0.473781
46.855431	-78.826447	826.021423	1.056612	1.392365	0.355606
47.575397	-79.219376	825.902710	1.068964	1.384552	0.354899
48.932743	-79.782326	825.902771	1.046352	1.383607	0.379411
48.672131	-80.805038	825.752686	0.968011	1.374336	0.445804
49.576187	-78.755920	826.059875	1.067803	1.394980	0.341345
47.330215	-78.173409	825.676331	1.150085	1.369842	0.260028
46.976387	-79.559990	825.527771	1.075630	1.360326	0.334827
48.453365	-78.265366	825.636780	1.144677	1.367396	0.263011
48.243439	-79.616272	825.510498	1.071869	1.359724	0.337653
49.468407	-80.234535	825.664917	1.019950	1.368696	0.394150
51.567116	-77.626938	826.002991	1.170932	1.391836	0.253174
50.750347	-77.783813	827.786804	1.176564	1.378317	0.245537
51.180717	-80.625397	827.534973	1.091489	1.362168	0.322842
52.422020	-80.119789	827.802246	1.095285	1.379210	0.317461
51.646553	-80.266060	827.630127	1.081990	1.368438	0.322866
50.771942	-79.353394	827.477844	1.091068	1.360029	0.321797
52.415665	-81.640701	827.515442	1.115552	1.362404	0.306073
52.966957	-80.808701	827.601868	1.056554	1.367245	0.343601
53.706711	-80.023033	825.824585	1.089038	1.379367	0.311851
51.228424	-80.667908	825.400513	1.153798	1.353568	0.246429
54.847576	-80.207520	827.487244	1.109369	1.360930	0.295322
54.149353	-81.333946	827.615356	1.108784	1.368861	0.296000
55.029827	-80.386810	827.516602	1.084140	1.362472	0.308896
56.606987	-79.929207	827.598022	1.120990	1.367564	0.287355
53.566322	-80.444153	825.332092	1.168156	1.351061	0.230865
54.954086	-79.017784	827.295898	1.177378	1.349940	0.210676
54.635544	-79.142296	827.221191	1.177846	1.345613	0.213763
55.613071	-81.238976	827.388306	1.111881	1.355275	0.271334
56.943146	-80.575081	829.364563	1.163120	1.355077	0.219339
55.536015	-79.694756	829.085876	1.228205	1.339452	0.155762
55.513771	-79.614250	829.081787	1.233369	1.339327	0.151240
56.839962	-79.692009	829.091736	1.228586	1.339478	0.155412
56.419525	-82.831619	828.814514	1.062790	1.324820	0.311936
56.983406	-82.875587	828.941833	1.051794	1.331541	0.323272
58.539322	-82.653313	829.995605	1.060666	1.335513	0.316480
56.686806	-80.995804	829.631226	1.172273	1.316539	0.202698
57.911835	-82.949867	829.888672	1.121174	1.330029	0.248682
56.572731	-82.093056	828.578735	1.123680	1.313257	0.260283
57.981117	-83.428429	829.553467	1.115494	1.313045	0.256704
55.599106	-79.832878	828.082581	1.229606	1.290021	0.135004
59.114090	-83.271538	829.506775	1.121868	1.311389	0.247371
57.412018	-81.004929	828.514526	1.151780	1.310653	0.203356
56.763725	-79.448662	828.049500	1.236995	1.288859	0.117237
58.148415	-80.807091	829.267822	1.191942	1.299651	0.162349
58.159889	-81.311447	829.305664	1.174719	1.302178	0.187980
58.961060	-81.269218	829.211426	1.202707	1.297702	0.145281
57.820053	-79.463432	827.965027	1.238595	1.285642	0.116780
58.297348	-79.790520	829.039795	1.235417	1.289859	0.119942
59.221939	-80.688545	829.247620	1.170951	1.299632	0.176162
57.389145	-78.591431	828.797729	1.281401	1.279446	0.063528
59.549274	-80.255173	828.987122	1.193405	1.288055	0.149573
58.662922	-80.470085	828.735535	1.208057	1.276601	0.144374
58.142250	-81.594933	828.514648	1.153942	1.267449	0.187833
58.495594	-82.048737	828.596252	1.140006	1.270812	0.209484
59.082630	-82.126144	828.383423	1.139151	1.261938	0.198286
59.244904	-79.152107	828.555847	1.260032	1.269179	0.085247
58.866371	-79.100662	828.429810	1.247589	1.264293	0.081789
60.336430	-81.918762	828.362183	1.141536	1.261285	0.197868
59.351021	-82.212059	829.998352	1.197888	1.247411	0.140788
59.643539	-81.615196	828.226624	1.197139	1.255693	0.128501
59.816704	-80.572601	828.249817	1.178324	1.257138	0.148466
59.001900	-80.428352	827.990356	1.183076	1.246794	0.138132
60.597454	-81.161591	828.122498	1.222834	1.252097	0.100735
59.769085	-81.108826	827.845520	1.228445	1.241018	0.103583
61.317741	-81.228035	827.920532	1.214619	1.244342	0.101175
61.251156	-81.849625	829.857361	1.205206	1.242543	0.124894
62.754555	-82.602768	829.828918	1.197178	1.241442	0.119064
61.523109	-81.997498	829.420105	1.221047	1.226062	0.091420
59.811699	-81.160332	828.897949	1.240521	1.207430	0.085288
61.744236	-82.674576	829.112671	1.198129	1.214864	0.113208
63.196205	-84.204361	829.553772	1.160382	1.231041	0.176415
61.874161	-82.738266	829.152466	1.199634	1.216488	0.116017
					
64.658104	-83.933472	832.414185	1.228898	1.226719	0.095235
63.902168	-83.148514	832.157959	1.253422	1.217476	0.064391
63.901630	-84.812607	831.604675	1.182214	1.197935	0.118636
63.243370	-81.982178	831.422913	1.284422	1.191755	0.020906
62.410343	-81.636658	830.663574	1.255299	1.199861	0.047528
62.747009	-81.601952	830.731018	1.245842	1.202193	0.054045
65.788506	-86.479782	835.561096	1.181016	1.197301	0.115497
63.730576	-83.797432	830.671753	1.159344	1.200831	0.141022
63.700687	-83.699104	831.024231	1.210791	1.178975	0.080103
62.761227	-82.015411	826.460876	1.174228	1.192579	0.129254
65.468781	-86.886299	832.918579	1.129689	1.175910	0.173513
					
					
63.777542	-86.635002	830.900391	1.122937	1.175177	0.172093
					
63.446072	-82.477715	829.918640	1.217181	1.175438	0.079300
62.155117	-83.989357	829.298828	1.171973	1.155890	0.122870
64.787315	-85.045761	830.798767	1.123055	1.172127	0.155143
64.658745	-84.832542	829.809326	1.134977	1.172423	0.158513
					
66.432434	-86.229568	830.801758	1.111842	1.172112	0.157723
					
					
65.495308	-84.361404	827.619934	1.125459	1.166919	0.141806
					
67.264549	-85.810287	829.787781	1.121012	1.172785	0.148488
					
					
					
					
					
					
					
					
					
					
					
					
					
					
					
					
					
					
					
					
					
					
					
					
					
					
					
					
					
					
					
					
					
					
					
112.585815	-63.505287	780.072815	0.000000	-0.000000	0.000000
112.589859	-63.662659	780.087830	0.000000	-0.000000	0.000000
112.929260	-63.666733	782.059204	0.000000	-0.000000	0.000000
112.589859	-63.505287	780.082275	0.000000	-0.000000	0.000000
					
114.285721	-63.662659	782.047791	0.000000	-0.000000	0.000000
114.289764	-63.662659	782.062805	0.000000	-0.000000	0.000000
114.297867	-63.666733	782.070312	0.000000	-0.000000	0.000000
114.636612	-63.824074	784.030396	0.000000	-0.000000	0.000000
					
114.285721	-63.662659	782.033081	0.000000	-0.000000	0.000000
					
					
					
					
					
					
					
					
					
					
					
					
					
					
					
					
					
					
					
					
					
					
					
					
					
					
					
					
					
112.933304	-63.666733	782.059204	0.000000	-0.000000	0.000000
					
112.585815	-63.505287	780.082275	0.000000	-0.000000	0.000000
					
					
					
					
					
					
					
					
					
					
					
					
					
					
					
					
					
					
					
					
					
					
					
					
					
					
					
					
68.339111	-88.826347	825.320923	1.022596	1.158046	0.253309
					
					
					
					
					
					
					
					
64.602875	-84.982559	829.725708	1.122258	1.169221	0.159083
					
63.701912	-84.905701	829.414551	1.116059	1.159554	0.153213
64.589989	-84.857353	829.799561	1.114639	1.171590	0.156035
64.906372	-86.683327	832.831665	1.142594	1.173453	0.158975
					
63.873421	-85.539574	829.964539	1.140215	1.177219	0.159360
62.910416	-84.765213	830.572693	1.160076	1.165078	0.143463
66.550591	-85.943779	833.211792	1.175028	1.185433	0.113440
63.721485	-84.736778	829.951050	1.148203	1.176079	0.146336
64.675873	-84.542435	831.390442	1.193623	1.191141	0.107568
64.691574	-82.836075	832.777283	1.258438	1.171292	0.040604
64.882919	-85.562241	831.421631	1.140489	1.192194	0.142615
63.001049	-83.428062	830.416016	1.169454	1.191777	0.125203
63.355610	-83.686836	830.432495	1.177842	1.192281	0.127155
63.361973	-83.542885	830.503906	1.212625	1.194328	0.077748
63.812111	-83.118767	830.691528	1.236116	1.200760	0.064341
64.495178	-83.274765	831.883850	1.232190	1.207769	0.067334
62.861320	-83.849586	830.813782	1.219038	1.204821	0.090629
62.957848	-82.667259	830.842041	1.221449	1.205997	0.095501
63.820805	-84.474274	832.084778	1.207786	1.214841	0.111677
63.497219	-84.039543	831.984741	1.233495	1.211144	0.095051
61.520088	-82.976730	828.907043	1.215976	1.207624	0.114297
63.738182	-83.236755	829.697510	1.177249	1.236474	0.133776
64.363113	-83.110474	829.913940	1.186807	1.244880	0.132144
					
61.713463	-82.929001	827.572205	1.181645	1.231169	0.128061
60.817039	-83.413361	829.109558	1.173679	1.214552	0.139664
59.690865	-81.120651	829.114868	1.213620	1.214809	0.096649
60.713295	-80.722939	827.719971	1.230944	1.236757	0.087677
60.037792	-81.924225	827.460815	1.204675	1.226477	0.122038
61.886223	-80.449066	828.085449	1.196899	1.251047	0.124597
59.669304	-81.313705	827.803955	1.211285	1.239417	0.111016
60.548199	-82.436417	827.968811	1.178589	1.245529	0.149021
60.485806	-82.445549	829.927002	1.191240	1.244901	0.144946
60.701363	-81.521332	828.562317	1.197652	1.269606	0.130455
59.258762	-82.406563	828.074463	1.172762	1.249612	0.149510
61.174347	-79.669762	828.718384	1.216275	1.276646	0.109950
58.179417	-80.264877	827.188293	1.196019	1.253384	0.134150
58.734131	-80.986900	828.315796	1.175141	1.259605	0.158168
58.922249	-81.800171	828.333496	1.155580	1.260176	0.192231
59.434578	-81.237213	827.531250	1.151080	1.267644	0.181708
57.797913	-78.701828	827.536865	1.274004	1.267578	0.074438
57.515526	-81.917183	828.281189	1.148447	1.258043	0.204055
59.669136	-79.677826	829.065125	1.239217	1.291241	0.106117
59.146999	-80.299622	828.896362	1.217239	1.283533	0.130957
56.637627	-77.975441	827.570923	1.255159	1.269005	0.090635
59.036415	-78.892792	829.230713	1.204125	1.298671	0.143244
56.273293	-83.329842	827.331177	1.142624	1.258568	0.208667
58.945671	-80.625244	829.182739	1.185841	1.296621	0.161955
59.021618	-81.587708	829.246094	1.188538	1.299637	0.161340
58.326813	-81.209091	829.357605	1.166222	1.304550	0.184685
58.275486	-81.398460	829.334106	1.158991	1.303436	0.193047
58.472233	-80.072647	828.139526	1.202009	1.293102	0.148058
56.834103	-79.752426	828.069519	1.224966	1.289278	0.131182
56.844734	-81.191048	828.359436	1.158839	1.302971	0.206554
58.465748	-82.501411	829.390991	1.150816	1.305451	0.204018
57.386238	-81.138641	829.456055	1.156244	1.308493	0.203755
57.812840	-82.008240	828.570007	1.117780	1.312751	0.255477
59.205864	-81.838394	829.874268	1.122583	1.329292	0.258843
57.453472	-83.456985	829.747864	1.105947	1.322664	0.267764
57.151276	-80.980698	829.770020	1.171675	1.323885	0.212906
56.369347	-79.972900	828.958984	1.205875	1.332913	0.166680
56.625889	-79.879974	829.030884	1.219931	1.336372	0.163830
57.491844	-80.617905	829.199463	1.170464	1.345533	0.212281
55.534771	-79.694206	829.083801	1.229336	1.339437	0.155722
56.743233	-78.711136	827.417053	1.183805	1.356868	0.199275
55.484924	-80.016388	829.059692	1.211912	1.338129	0.172559
57.439285	-80.977760	829.443481	1.126376	1.360054	0.249280
56.506737	-80.713882	829.270691	1.174865	1.349247	0.221426
55.616646	-80.190132	827.439941	1.184800	1.358517	0.211628
55.375687	-80.838501	829.294983	1.168618	1.351034	0.230561
56.388763	-81.695465	829.460327	1.107021	1.360725	0.294263
53.687069	-79.069214	825.360962	1.171938	1.352830	0.228360
55.862156	-81.503052	827.688660	1.090355	1.373257	0.313744
54.407959	-80.269852	825.710999	1.072949	1.373407	0.331703
54.910622	-81.549629	827.649048	0.993198	1.371424	0.401826
56.041962	-80.361221	827.940979	1.053329	1.390405	0.356435
53.034065	-80.549683	825.675598	1.055881	1.371266	0.347021
53.363953	-80.483665	825.744263	1.058067	1.375523	0.350013
52.408138	-80.347206	827.523865	1.114461	1.362362	0.305971
52.312294	-80.111092	827.764832	1.094515	1.377113	0.327040
53.441113	-81.065659	827.922546	1.003462	1.387146	0.400585
52.568810	-78.905846	827.814819	1.089616	1.380634	0.325943
51.226299	-79.391983	827.548462	1.099114	1.363209	0.316737
51.942043	-77.730988	828.001770	1.159051	1.393156	0.262404
51.164738	-79.329536	827.793884	1.086700	1.378432	0.337822
52.131493	-78.893044	826.215637	1.048611	1.406484	0.377647
49.539330	-79.772942	825.748535	1.038505	1.374532	0.374654
49.469086	-78.712524	826.038940	1.073678	1.393864	0.336156
50.029915	-78.887177	826.128418	1.047801	1.399813	0.361591
49.970276	-79.263115	826.093079	1.024189	1.397367	0.385536
51.157345	-80.033791	826.220581	0.938548	1.406984	0.474606
47.308426	-79.660049	825.828430	1.049976	1.379374	0.375953
48.129025	-79.633179	825.975769	1.037728	1.389176	0.395076
46.194084	-79.062386	824.942017	1.075176	1.384730	0.357822
48.306103	-79.203194	826.233765	1.012769	1.407591	0.421680
48.297119	-78.634399	826.194275	0.967812	1.404576	0.458581
48.198654	-79.110687	826.239685	1.023345	1.406821	0.411849
45.926899	-80.922523	825.814087	1.053275	1.377616	0.383469
50.787712	-81.042114	826.438171	0.780271	1.423242	0.664777
49.051338	-82.729973	826.349915	0.789557	1.415341	0.655057
49.843903	-80.027756	826.560669	0.844705	1.433879	0.597708
49.271976	-80.933846	826.537231	0.912287	1.430464	0.539244
49.834938	-80.654190	826.647888	0.735566	1.441932	0.718504
49.151409	-82.124710	826.568176	0.765599	1.433908	0.688999
47.728924	-82.193054	825.580383	0.758173	1.432484	0.698786
49.056442	-81.879616	825.745178	0.704553	1.447598	0.761283
47.171562	-81.393250	826.557129	0.854344	1.433048	0.610288
49.039314	-81.817818	825.621765	0.626303	1.436289	0.843778
47.996632	-81.104210	826.665283	0.845911	1.442565	0.627498
48.341339	-82.788612	825.714355	0.600951	1.444317	0.865993
46.633636	-81.323410	826.650574	0.823578	1.441314	0.646405
46.674530	-81.238457	826.548096	0.756803	1.431745	0.723892
46.041046	-82.394424	826.637939	0.727464	1.439085	0.755339
47.910160	-82.852570	826.755005	0.556589	1.450550	0.924423
46.767654	-82.135223	826.733459	0.694862	1.447965	0.786621
44.489559	-81.826065	825.705017	0.593594	1.441483	0.888741
48.422424	-82.788910	826.891357	0.397762	1.463606	1.088230
45.277641	-82.821381	826.758545	0.555335	1.450531	0.932464
45.575031	-80.507896	826.979675	0.721687	1.474928	0.765184
44.251190	-82.074997	825.790710	0.695675	1.449327	0.801169
43.891533	-81.637024	825.777893	0.550589	1.448746	0.932010
43.987930	-81.632385	825.785706	0.555596	1.449553	0.939483
42.921207	-79.178383	826.010193	0.720662	1.474797	0.774097
43.342964	-79.453232	826.019165	0.642900	1.476006	0.838669
43.463821	-79.453201	826.028625	0.646420	1.477014	0.850665
43.302963	-82.848129	825.916321	0.384964	1.462846	1.112797
44.623760	-79.735916	826.122498	0.324299	1.490514	1.172825
44.010448	-82.003906	826.021118	0.351051	1.476233	1.147395
40.539360	-82.102509	825.789062	0.487476	1.448970	1.020100
43.385502	-81.025978	826.031128	0.266201	1.475658	1.245264
42.045174	-81.086586	826.015503	0.265101	1.474798	1.241936
43.202969	-81.840218	825.979858	0.095264	1.469139	1.407641
42.002808	-82.355759	825.893616	0.228088	1.459434	1.283543
43.233265	-81.276474	825.912781	-3.090827	1.461393	1.570137
43.242168	-81.270203	825.913452	-3.089865	1.461472	1.569116
44.599331	-80.765312	825.966064	-2.934107	1.466391	1.405503
44.516819	-80.727608	825.955383	-2.935576	1.467024	1.414575
42.091667	-80.037018	826.040833	-3.080065	1.476946	1.549664
44.619678	-81.524872	823.872559	-2.820829	1.453229	1.280448
42.192501	-80.100052	826.049072	-3.077828	1.476169	1.536493
43.287491	-80.163017	825.998169	-2.769253	1.469862	1.236029
42.050602	-80.764099	825.980591	-2.932879	1.466419	1.400624
44.641872	-80.899086	825.878296	-2.668188	1.454792	1.123762
40.818291	-80.804695	825.977539	-2.934613	1.465830	1.394083
43.469215	-79.587616	825.997681	-2.594697	1.468691	1.040487
42.156376	-80.124298	826.009155	-2.770176	1.469672	1.215217
43.349628	-80.180931	825.882568	-2.515588	1.454480	0.963383
42.050106	-79.575920	826.016113	-2.597068	1.469646	1.052850
42.171535	-80.736076	825.902527	-2.669523	1.456065	1.104070
42.862053	-80.527039	825.884949	-2.595160	1.454162	1.027652
39.740936	-80.072372	826.040344	-2.766608	1.469988	1.202548
41.582069	-81.740639	825.757629	-2.652010	1.440843	1.087456
42.693859	-82.293671	825.903687	-2.436990	1.454436	0.877782
42.797100	-81.061897	825.892334	-2.437505	1.453031	0.872819
41.469452	-82.376511	826.862305	-2.444259	1.453147	0.877166
44.095978	-81.807732	825.705566	-2.390383	1.435085	0.825608
44.087402	-81.705673	825.720032	-2.393734	1.436102	0.819753
41.616611	-81.052666	826.859009	-2.436654	1.452231	0.862718
41.592510	-82.441933	825.752014	-2.514530	1.438584	0.950481
40.354015	-82.402184	825.760742	-2.517359	1.438581	0.943993
39.220505	-81.366470	825.945679	-2.563564	1.457453	0.978319
41.128540	-81.065681	825.836731	-2.390197	1.445275	0.802386
40.307144	-80.125175	825.886047	-2.285333	1.449012	0.699968
39.749321	-81.103111	825.842529	-2.397643	1.445675	0.811111
39.665985	-81.528732	825.706543	-2.334601	1.431107	0.758343
39.658195	-80.363113	825.806091	-2.264418	1.440860	0.677135
39.828457	-81.795509	826.629089	-2.346401	1.428105	0.759640
40.983303	-81.478279	826.370422	-2.207900	1.405972	0.618052
41.106697	-81.537895	826.342896	-2.208343	1.404288	0.616085
39.864117	-81.055695	826.569092	-2.230792	1.421267	0.637240
41.871773	-81.477272	826.281616	-2.180244	1.398156	0.577682
40.270813	-79.955498	826.466553	-2.085429	1.411337	0.490067
40.508957	-81.276260	826.323120	-2.174865	1.400278	0.567728
37.988426	-80.688156	826.554260	-2.182435	1.417374	0.580762
37.971493	-79.368370	826.652039	-2.090895	1.426049	0.485804
39.145714	-80.255882	826.428101	-2.109705	1.407644	0.504010
36.506985	-80.687775	826.592712	-2.192244	1.419360	0.588899
39.502720	-80.283218	826.188049	-2.048882	1.388870	0.450250
39.504398	-80.292267	826.192383	-2.049446	1.388800	0.450762
37.124760	-79.782669	828.378967	-2.051579	1.404021	0.451507
36.491138	-80.125252	826.471130	-2.112870	1.409182	0.496945
37.854206	-80.508286	828.195801	-2.092586	1.391625	0.474980
36.656013	-81.209106	828.318726	-2.176661	1.400465	0.561199
38.485283	-80.177193	826.162659	-2.055130	1.386269	0.435249
37.335552	-82.804359	828.036194	-2.118306	1.379685	0.501907
34.820335	-80.972046	828.313843	-2.128981	1.396459	0.510092
37.285065	-82.228996	827.889221	-2.053739	1.368793	0.432777
37.255154	-80.788025	827.905945	-2.041968	1.369840	0.425487
36.007069	-82.113129	829.870667	-2.046616	1.369180	0.425430
36.018982	-82.245308	827.896301	-2.053681	1.368341	0.432609
34.881645	-82.269676	829.886658	-2.052768	1.368824	0.421113
36.183083	-82.747246	829.583435	-2.038331	1.351142	0.415597
35.027622	-82.333138	829.846680	-2.053215	1.366793	0.421005
34.937550	-82.541656	829.604736	-2.034364	1.351537	0.403251
35.829071	-80.261139	827.489807	-1.974869	1.343067	0.341729
33.775673	-82.274429	829.611511	-2.017807	1.351205	0.385764
34.912735	-81.807205	829.409119	-1.987324	1.339689	0.338775
33.588585	-81.293152	829.731445	-1.977989	1.357882	0.336127
35.046825	-81.758354	829.383057	-1.978462	1.338271	0.333859
33.399101	-82.929436	829.361938	-2.053160	1.337030	0.399509
32.372761	-83.785744	829.498108	-2.109654	1.344387	0.465715
34.880959	-83.619179	828.951294	-2.043195	1.315985	0.402436
33.446602	-81.051933	829.212036	-1.930815	1.328697	0.281857
33.793045	-83.669548	828.908081	-2.049003	1.313155	0.400757
34.023605	-83.341873	828.884766	-2.036999	1.312014	0.381625
32.759064	-82.069023	828.882874	-2.037135	1.311479	0.381637
31.441339	-82.892662	829.109985	-2.107024	1.322791	0.445596
32.613400	-81.758980	828.943298	-2.033343	1.314702	0.370115
31.229208	-81.351379	829.046997	-2.004278	1.318611	0.348577
31.588238	-83.431396	829.851501	-2.044294	1.310767	0.378056
32.064579	-81.309341	828.838257	-1.998676	1.308616	0.332910
31.790804	-80.898926	829.580872	-1.968138	1.297584	0.299157
30.805422	-82.631119	829.809937	-1.998710	1.308057	0.332800
32.540382	-80.325409	829.421570	-1.939522	1.290299	0.264429
31.800415	-81.969040	829.600281	-1.964895	1.298399	0.288610
31.795605	-81.995499	829.597656	-1.965974	1.298361	0.289852
30.580481	-81.564514	829.643127	-1.959038	1.300057	0.270516
32.132530	-80.945694	829.277710	-1.907583	1.283001	0.217246
33.929565	-82.582260	828.565369	-1.950006	1.253134	0.272917
32.301510	-82.857018	829.149536	-1.930660	1.277178	0.249100
32.706825	-84.115601	828.925232	-1.985046	1.267640	0.296005
33.829582	-83.449730	828.642090	-1.946068	1.255851	0.257078
33.670563	-83.564148	828.677063	-1.963604	1.257484	0.263206
32.530624	-83.875664	828.620239	-1.983599	1.254324	0.273414
32.781532	-83.028259	828.605530	-1.947307	1.253950	0.237954
34.589531	-82.648827	828.034119	-1.929458	1.231774	0.208071
34.563026	-82.623810	828.050476	-1.923167	1.232186	0.207356
33.327824	-84.181480	830.050049	-1.921855	1.232347	0.208858
33.839111	-81.560745	829.944397	-1.888634	1.228791	0.157039
31.178768	-83.250259	830.317505	-1.950018	1.242079	0.229755
32.724609	-82.434395	829.913208	-1.872685	1.227165	0.139827
32.381065	-83.145164	827.884460	-1.953780	1.225194	0.222654
32.524048	-83.503525	831.488281	-1.901372	1.211901	0.164819
31.629519	-84.277161	831.711060	-1.929153	1.220178	0.205060
30.477728	-84.429123	831.701172	-1.942910	1.219291	0.202211
30.403795	-83.767418	831.778870	-1.922385	1.221927	0.179048
31.481581	-82.992195	831.430786	-1.894194	1.209413	0.145287
27.616861	-83.897392	832.302429	-1.949151	1.240837	0.193970
30.435024	-82.956734	831.353149	-1.902492	1.205982	0.142577
30.261192	-83.521339	831.385925	-1.915761	1.207130	0.163086
29.026918	-83.212868	831.859680	-1.912570	1.224033	0.159262
28.896143	-84.390358	832.441040	-1.898136	1.209477	0.144241
28.905872	-82.886856	832.467529	-1.840797	1.211121	0.094931
26.647081	-85.767982	832.710205	-1.941881	1.218657	0.198410
28.208853	-86.249237	832.086975	-1.949066	1.196909	0.204022
27.562035	-82.776329	832.470520	-1.881776	1.210263	0.133687
27.914497	-84.746353	832.308899	-1.902797	1.204390	0.154734
25.566772	-85.632004	832.653931	-1.939483	1.215974	0.191823
25.689901	-85.809456	834.616821	-1.948868	1.215261	0.190083
					
					
					
23.358738	-87.838402	836.510620	-1.948792	1.210800	0.205338
					
					
					
					
21.679703	-87.456696	836.519470	-2.024357	1.211305	0.247578
					
					
21.370319	-87.802414	836.279785	-1.970941	1.202375	0.199232
					
20.160158	-89.190582	837.639465	-1.994846	1.181148	0.227977
16.543282	-88.222733	839.197815	-1.968056	1.199094	0.192709
17.725014	-88.369156	838.723755	-1.954482	1.183104	0.189977
18.348835	-90.949844	838.225342	-2.015096	1.166943	0.266920
18.219088	-89.113045	838.423706	-1.990571	1.173478	0.217286
18.490093	-88.912971	837.357971	-1.985206	1.171577	0.202404
17.581087	-88.686638	837.565430	-2.005671	1.178302	0.249975
14.395971	-91.222343	840.313599	-2.006936	1.170084	0.245016
19.425383	-88.134315	834.951660	-1.950352	1.158502	0.182180
19.217243	-87.037827	835.023010	-1.976343	1.160734	0.190161
					
					
					
					
					
					
					
					
					
					
					
					
					
					
					
					
					
					
					
					
					
					
					
					
					
					
					
					
					
					
					
					
					
					
					
					
					
					
16.077894	-89.639702	838.808105	-1.983215	1.043112	0.098253
16.613710	-89.233978	835.524902	-1.984431	1.035460	0.095214
					
					
					
					
					
					
					
					
					
					
					
					
					
					
					
					
					
					
					
					
					
					
					
					
					
					
					
					
					
16.093678	-90.065704	835.776062	-1.998698	1.042011	0.111488
15.583124	-90.696213	838.027649	-2.021458	1.048303	0.128618
15.588793	-90.817314	838.026001	-2.022856	1.048213	0.128710
18.180265	-89.699036	838.345825	-1.968451	1.031881	0.097651
					
					
					
					
					
					
					
					
					
					
					
					
					
					
					
					
					
					
					
					
					
					
					
					
					
					
17.275585	-86.364174	836.750488	-1.898746	1.121919	0.113058
					
					
					
					
					
					
					
					
					
16.349443	-88.229393	837.108032	-1.994840	1.163555	0.226266
19.509481	-87.441010	834.885315	-1.964375	1.156045	0.197455
17.047003	-88.610481	837.766479	-2.028519	1.185105	0.251636
17.275518	-87.651817	836.776733	-1.989074	1.153222	0.202937
17.928741	-89.385040	840.161682	-1.953604	1.164897	0.164449
19.825068	-90.285011	836.634521	-2.003069	1.148529	0.241633
20.252422	-87.346771	838.235840	-1.911629	1.167857	0.157203
21.393486	-88.679138	837.659546	-1.950816	1.149866	0.192180
20.528954	-89.863869	838.398315	-2.002478	1.173307	0.253401
					
22.944910	-89.200066	838.044189	-1.972450	1.162022	0.214493
					
					
					
					
23.465401	-84.387733	836.065918	-1.900134	1.195520	0.130919
21.623308	-89.042358	836.575439	-2.009034	1.212583	0.250257
					
23.282383	-85.791832	834.573853	-1.947080	1.212365	0.187668
22.173592	-86.972237	836.893860	-1.966452	1.224852	0.230651
25.783337	-88.017097	834.039185	-1.943585	1.194452	0.210628
24.434599	-85.543175	834.620117	-1.918356	1.215119	0.180140
					
23.224270	-85.256210	835.080688	-1.922443	1.231632	0.177680
26.562002	-84.723450	834.313416	-1.898848	1.204965	0.154018
					
25.856464	-85.388756	832.572021	-1.944078	1.212779	0.181334
26.877300	-85.385727	832.653625	-1.931054	1.216612	0.183267
26.604273	-83.561958	832.842041	-1.879977	1.223864	0.119128
28.266834	-85.937531	832.568237	-1.947135	1.214194	0.202337
28.571871	-85.733643	832.463989	-1.949515	1.210736	0.193077
28.283113	-82.825493	831.685303	-1.877877	1.217346	0.142057
28.943155	-83.586746	831.397217	-1.900775	1.207083	0.165254
29.997999	-84.027908	832.036743	-1.882345	1.195504	0.126607
28.468121	-84.525002	832.052734	-1.919022	1.231407	0.162587
28.509468	-84.414154	833.040833	-1.904815	1.231792	0.154458
29.989336	-83.044510	831.963806	-1.905644	1.228954	0.155273
29.283018	-84.682297	832.116882	-1.949630	1.234097	0.220674
31.492950	-83.598259	831.390869	-1.904318	1.208005	0.166353
32.831791	-83.561272	831.370117	-1.909058	1.207718	0.165046
31.773525	-84.432381	831.699036	-1.950150	1.219477	0.202582
32.431328	-84.652863	829.878601	-1.943415	1.225685	0.222603
31.787891	-84.225006	830.135681	-1.942754	1.235240	0.212154
31.569170	-83.876709	830.287231	-1.926150	1.240628	0.193503
32.535374	-82.264008	830.353333	-1.926857	1.244168	0.192051
31.059179	-83.210617	830.761658	-1.965318	1.260467	0.241641
33.835648	-83.147881	829.930969	-1.892670	1.228293	0.167294
34.587639	-82.648079	828.040222	-1.929444	1.231801	0.208059
33.733059	-83.840614	830.355225	-1.908619	1.244943	0.203297
33.907417	-83.641312	828.604858	-1.965231	1.254213	0.263723
32.741066	-82.645287	828.641724	-1.927963	1.255619	0.223330
33.921856	-83.193604	828.635315	-1.958832	1.255514	0.246147
34.667778	-83.315269	828.387451	-1.944024	1.245595	0.243652
33.828712	-80.347816	828.802979	-1.870355	1.262785	0.178089
33.379791	-83.037476	828.723450	-1.983132	1.259600	0.297925
31.177408	-81.826836	829.486267	-1.943376	1.292334	0.265754
32.516266	-83.493805	829.252747	-2.022333	1.282140	0.347934
31.194857	-81.569443	829.486511	-1.943429	1.292344	0.263265
32.373817	-81.570244	829.482422	-1.941445	1.292646	0.263773
32.131302	-82.634285	829.796692	-2.000925	1.307767	0.332788
34.374760	-81.091255	829.304688	-1.903958	1.285391	0.235347
31.763182	-81.583923	829.858337	-2.016222	1.311100	0.350338
33.989532	-81.167480	828.681213	-1.981394	1.301570	0.317255
32.694645	-82.252235	828.908447	-2.050165	1.312466	0.387507
31.483578	-82.618141	829.157471	-2.091539	1.324944	0.428421
33.672482	-81.858459	828.985291	-2.039136	1.317143	0.379309
35.753403	-82.889595	828.809448	-2.009762	1.308963	0.353673
33.611450	-83.592339	828.958618	-2.045886	1.315724	0.400566
33.620338	-84.321678	829.307617	-2.053836	1.334016	0.399328
34.315086	-79.675461	829.388977	-1.867910	1.338493	0.216378
33.778816	-81.867699	829.376038	-1.982386	1.337401	0.338624
34.875183	-83.232567	829.005310	-2.028133	1.317969	0.384772
35.249130	-84.065956	829.125671	-2.088829	1.324603	0.442493
34.422066	-80.373734	829.616943	-1.914824	1.351213	0.270495
33.732613	-82.035713	829.889893	-2.046451	1.368243	0.403715
34.896400	-81.264992	829.724976	-1.977541	1.357924	0.334676
36.347153	-82.737206	829.563171	-2.054875	1.349270	0.411306
36.233997	-81.200844	829.591797	-2.032791	1.351731	0.401577
37.200043	-82.105614	829.436646	-1.980400	1.342183	0.360545
36.210209	-82.723404	829.587219	-2.036440	1.350947	0.413719
36.212021	-82.117378	827.876343	-2.052610	1.366773	0.420450
36.131573	-82.145935	827.889099	-2.043430	1.367561	0.424098
36.237305	-82.224289	829.873047	-2.036833	1.368424	0.417418
37.119423	-80.588615	827.947510	-2.038359	1.372460	0.417519
37.342705	-80.975822	827.873657	-2.057178	1.367826	0.433853
37.143417	-80.867561	827.925171	-2.053525	1.370713	0.432944
37.331486	-80.253273	828.153259	-2.048225	1.386817	0.426945
38.386684	-79.746506	828.004700	-1.990460	1.376931	0.368632
39.552208	-80.794815	825.910950	-2.060270	1.370628	0.442176
37.085361	-79.782394	828.379639	-2.069866	1.404471	0.452786
37.093246	-79.669823	826.423828	-2.063108	1.405001	0.444858
39.211773	-80.596199	828.176636	-2.087102	1.390417	0.478465
38.541786	-81.071121	826.286804	-2.139098	1.394926	0.530895
38.047180	-81.457703	828.432983	-2.098904	1.408836	0.481301
40.508476	-80.773254	826.187378	-2.094638	1.389315	0.489805
37.993553	-79.391602	826.658203	-2.094073	1.425665	0.486690
40.474571	-80.517311	826.200195	-2.072117	1.391206	0.475116
39.123192	-80.015518	826.442932	-2.092108	1.409345	0.488489
40.908913	-79.630226	826.400757	-2.049862	1.405978	0.445306
39.280144	-82.315948	826.341858	-2.289595	1.403672	0.686976
40.507294	-81.929977	826.252869	-2.199003	1.395697	0.607351
39.826683	-81.027817	826.592896	-2.231556	1.422664	0.640420
41.068939	-81.810883	826.367554	-2.221543	1.404129	0.631801
42.356102	-81.787384	826.354553	-2.220766	1.404366	0.631000
42.351261	-81.635704	826.337463	-2.212246	1.404022	0.624736
39.750679	-80.399216	826.768188	-2.257216	1.440391	0.667335
41.742760	-80.697746	826.539062	-2.174659	1.418634	0.588271
39.764339	-81.104660	825.841492	-2.397528	1.445566	0.809860
39.775532	-81.111526	825.839539	-2.397446	1.445371	0.809792
40.990425	-80.487785	825.775391	-2.263603	1.439467	0.684425
40.323772	-82.228889	825.779724	-2.512430	1.440571	0.936566
42.745747	-80.871170	825.684753	-2.259054	1.431871	0.685197
41.506187	-80.991669	825.905640	-2.433653	1.453680	0.867718
42.845924	-83.026405	825.579163	-2.468446	1.423097	0.892870
42.967999	-81.001160	825.891846	-2.432322	1.452215	0.854859
42.901096	-81.617180	825.735657	-2.380349	1.436048	0.806298
40.433784	-81.771446	825.904297	-2.582923	1.453737	1.009713
42.942432	-81.113487	825.872070	-2.440197	1.451280	0.865146
42.342491	-80.229660	825.881042	-2.524157	1.452589	0.948962
42.910702	-81.698677	825.895142	-2.582561	1.455065	1.016289
43.564617	-80.225189	825.869019	-2.515673	1.452462	0.947366
42.244343	-80.755875	825.896667	-2.662108	1.455429	1.097977
42.258549	-80.207649	826.012939	-2.766126	1.469260	1.203253
42.291397	-81.411926	826.003296	-2.764858	1.469180	1.199728
42.156033	-80.158958	826.009277	-2.769263	1.469265	1.216745
44.784847	-79.585594	825.998047	-2.591111	1.468535	1.038343
44.722755	-80.777321	825.879761	-2.661486	1.455724	1.110090
47.158962	-80.324280	825.856201	-2.521039	1.453389	0.979250
45.889156	-80.908478	825.870239	-2.670179	1.454895	1.128956
45.921303	-79.681213	825.977661	-2.605284	1.468437	1.061152
44.631298	-80.788635	825.950562	-2.933548	1.466036	1.402192
45.805645	-81.491646	825.852356	-2.819644	1.454108	1.290327
44.453457	-81.972061	825.823853	-2.962378	1.451643	1.441521
42.180740	-77.996452	826.196106	0.142047	1.501312	1.381203
45.727734	-81.965347	825.968750	-2.939075	1.467804	1.423631
42.093109	-82.371414	826.029114	0.264754	1.475149	1.246778
43.417900	-81.094162	826.027832	0.268105	1.475021	1.251965
44.356403	-81.563095	824.006348	0.100527	1.470233	1.411961
42.007164	-81.608650	825.924194	0.384535	1.462313	1.115496
45.818737	-81.779449	825.976624	0.100268	1.469852	1.409917
45.819016	-83.154167	825.987061	0.101758	1.469828	1.397388
44.572033	-82.346344	826.016724	0.264609	1.474953	1.232335
44.749779	-78.502174	826.204773	0.392804	1.505223	1.103718
44.419899	-82.776253	825.921753	0.392954	1.462645	1.090699
43.978634	-82.467712	825.927490	0.467824	1.463314	1.028449
45.884247	-81.562485	825.911499	0.384805	1.462717	1.112961
44.459572	-81.970695	825.780396	0.489441	1.449359	0.999646
43.921246	-82.912674	825.780151	0.554010	1.449142	0.932926
45.421124	-79.117920	826.007812	0.725606	1.474523	0.760426
45.279728	-81.524910	825.797546	0.554825	1.450585	0.932903
46.578484	-81.531143	826.756592	0.553833	1.450517	0.933914
46.603931	-82.948029	826.747681	0.555821	1.449590	0.929035
46.443176	-82.867172	825.775635	0.561219	1.449059	0.924876
46.686630	-82.036263	825.765930	0.695857	1.448254	0.787731
46.571564	-82.058121	825.746826	0.698360	1.447034	0.781034
46.644512	-81.856705	825.763062	0.712253	1.449433	0.771852
45.879501	-80.895958	825.673035	0.735336	1.439600	0.743781
47.778633	-81.821304	825.759094	0.711617	1.448287	0.757834
47.440948	-81.487129	826.582153	0.857255	1.434681	0.619055
47.578091	-81.338547	826.605225	0.868480	1.437177	0.615167
45.590092	-81.006409	825.422607	0.965844	1.418695	0.509188
48.386108	-81.999054	826.633423	0.731148	1.440359	0.725144
49.894070	-82.237793	826.633606	0.734167	1.440042	0.742659
47.771194	-82.394516	826.537109	0.750944	1.431237	0.715091
48.113884	-81.403503	826.514954	0.872941	1.428787	0.581101
50.430756	-82.201187	826.557739	0.750274	1.433131	0.693416
49.280754	-81.455078	826.496948	0.856703	1.427067	0.578680
50.412579	-82.250481	826.551697	0.748009	1.432557	0.695801
49.968456	-80.326233	826.557983	0.827298	1.434292	0.611581
49.905293	-81.477684	826.383545	0.877036	1.419107	0.557105
47.180061	-80.002769	826.191528	0.973780	1.403554	0.461259
48.139763	-79.699341	825.215942	0.980612	1.404253	0.454341
48.197395	-79.863434	826.181091	0.968832	1.403982	0.467346
47.609848	-79.450867	825.144592	1.016211	1.399481	0.421169
48.489342	-80.088684	825.225464	0.932464	1.405923	0.492947
48.307861	-79.189354	826.042603	1.051549	1.394755	0.373918
49.882454	-80.369080	826.201965	0.924710	1.406517	0.502169
48.864403	-79.730888	825.867676	1.034549	1.382092	0.386948
47.310493	-78.533768	825.654358	1.140080	1.368370	0.281366
47.868103	-78.720932	825.747925	1.120771	1.374492	0.302814
49.371243	-79.909981	825.673157	1.050914	1.369097	0.373122
50.671783	-79.087631	825.964600	1.061068	1.388299	0.353030
50.461319	-77.976326	826.014343	1.139534	1.393010	0.280184
51.359695	-79.052666	826.110657	1.050579	1.399423	0.374350
50.969460	-78.734245	826.060974	1.085011	1.396204	0.342750
52.144531	-78.787613	826.048279	1.081932	1.394531	0.343436
52.854469	-78.630684	826.171143	1.068704	1.403660	0.350572
52.346363	-79.543938	827.965515	1.021240	1.390610	0.392207
51.939293	-79.613655	825.935120	1.013885	1.387372	0.404473
52.811401	-78.700996	825.919189	1.081949	1.386529	0.336046
53.741089	-80.057251	825.823853	1.094797	1.379664	0.314443
52.727509	-80.976791	827.537476	1.062449	1.363624	0.348540
52.517342	-80.820183	825.569519	1.069972	1.363922	0.351360
55.131332	-81.532425	825.730835	1.005360	1.374097	0.406335
53.614838	-79.073814	825.627625	1.157407	1.368045	0.245365
54.215992	-80.839890	825.454651	1.137183	1.357888	0.262453
55.350540	-80.603760	827.558777	1.075649	1.365480	0.327775
54.454681	-79.718590	827.432922	1.139239	1.357803	0.261115
53.566513	-79.154099	825.332642	1.168948	1.351091	0.231319
54.118179	-79.819588	827.124756	1.223749	1.340583	0.174531
55.968758	-81.339546	827.447205	1.115396	1.359285	0.283003
57.170750	-80.368233	829.419067	1.185035	1.358486	0.210300
57.301834	-80.294678	829.449829	1.172491	1.360321	0.207634
56.689648	-80.618851	829.302490	1.168998	1.351788	0.218624
57.170586	-80.764656	829.110413	1.160058	1.341084	0.216861
57.782513	-80.750137	829.248352	1.154120	1.348783	0.223531
56.383255	-82.243782	828.841187	1.107862	1.326563	0.282821
57.652237	-80.431648	829.238342	1.169843	1.348018	0.204325
58.684601	-82.904327	830.006226	1.047884	1.336272	0.331544
56.867523	-82.135117	828.651855	1.111164	1.316793	0.266079
57.304539	-80.026199	828.860718	1.210450	1.328134	0.166241
58.763229	-82.133820	828.790833	1.096342	1.324169	0.273996
57.028236	-82.404205	828.410950	1.163621	1.305490	0.204063
58.496002	-81.851151	828.748169	1.119578	1.321799	0.256524
59.963387	-82.872597	829.745178	1.123786	1.323273	0.238247
59.969833	-82.496758	828.741577	1.068721	1.321659	0.290581
58.280502	-81.278389	828.377075	1.153530	1.304400	0.212272
59.260223	-82.267212	829.534546	1.111100	1.313442	0.244221
60.456635	-82.861328	829.566406	1.120122	1.314656	0.235026
60.262123	-82.000572	829.521973	1.170078	1.312919	0.185426
60.313393	-81.619354	828.538757	1.124843	1.312619	0.236310
60.637573	-80.319618	828.341125	1.185446	1.303203	0.175315
57.050766	-80.340393	828.643982	1.219245	1.272757	0.136979
60.331581	-79.879524	829.222839	1.209124	1.298817	0.137713
60.850056	-81.102303	828.346741	1.163824	1.303304	0.188858
60.431358	-80.443413	828.886841	1.205750	1.283196	0.132769
59.446495	-79.982231	828.602600	1.236085	1.271001	0.112248
61.649193	-79.919815	829.228882	1.208370	1.299260	0.130452
59.605980	-79.713135	827.696228	1.222261	1.274709	0.119885
59.004795	-82.176682	828.328247	1.140271	1.260255	0.207995
61.106415	-82.091537	828.672424	1.194537	1.274200	0.147957
60.459297	-82.355545	828.445740	1.176322	1.264877	0.163322
59.846539	-81.973015	830.166443	1.208387	1.254306	0.134075
61.942245	-83.525406	830.340454	1.145472	1.261370	0.197468
61.153564	-82.055679	828.180786	1.204287	1.254138	0.137515
60.812210	-81.502991	828.170532	1.190419	1.254092	0.123649
61.166588	-82.379486	827.821289	1.178836	1.240495	0.144752
61.618027	-82.168488	829.450073	1.227967	1.227102	0.098059
61.246872	-80.612282	827.776550	1.242600	1.239538	0.096010
60.764950	-81.470161	827.258484	1.229101	1.219713	0.099460
62.800388	-82.938118	829.925415	1.185441	1.245404	0.133842
60.947994	-81.788536	829.324097	1.252861	1.222655	0.083018
59.888496	-82.035339	828.812622	1.246801	1.204308	0.087529
62.471474	-83.827789	831.165588	1.221365	1.217109	0.092714
63.248329	-82.677322	829.545654	1.212716	1.230936	0.110534
64.059525	-82.187119	829.843262	1.209790	1.242280	0.095124
63.813889	-83.508873	831.179810	1.231501	1.217885	0.081475
63.807560	-83.610474	831.121033	1.182000	1.215842	0.132192
63.940472	-84.257881	831.201538	1.200077	1.218615	0.108904
65.810638	-84.810165	832.309204	1.191255	1.223247	0.126839
66.418846	-86.251144	831.500793	1.121620	1.230026	0.188132
67.146034	-86.176079	832.238220	1.135422	1.220785	0.176496
65.801727	-83.392807	831.872742	1.228308	1.207566	0.071600
66.115753	-86.463257	831.830078	1.126613	1.206578	0.180069
68.457428	-87.128967	834.063721	1.106218	1.214765	0.200592
67.155518	-86.147858	831.756714	1.130903	1.203694	0.167691
					
65.701599	-86.250046	830.756165	1.143979	1.203573	0.171248
66.113518	-86.875427	830.859131	1.096368	1.207296	0.199062
					
64.882751	-87.038673	830.256897	1.087119	1.186860	0.214125
					
					
					
					
66.995537	-86.493645	829.658020	1.112209	1.167697	0.168241
					
68.892227	-87.941780	829.783936	1.064181	1.171787	0.217893
					
					
					
					
					
					
					
					
					
					
					
					
					
					
					
					
					
					
					
					
					
					
					
					
					
					
					
					
					
					
					
					
					
					
					
					
					
					
					
					
					
					
					
					
					
					
					
					
					
					
					
					
					
					
					
					
					
					
					
					
					
					
					
					
					
					
					
					
					
					
					
					
					
					
68.894478	-88.515060	830.200989	1.026381	1.185125	0.244199
					
65.572060	-85.792511	830.055176	1.097514	1.180246	0.190388
69.655968	-90.121490	831.476562	1.032761	1.194550	0.256573
					
					
					
					
					
69.355736	-87.284676	832.001465	1.090338	1.212517	0.212963
66.366882	-85.257195	831.506653	1.170848	1.195024	0.133290
64.820229	-85.164230	830.488342	1.167647	1.193983	0.133344
66.387840	-86.838989	830.976501	1.102650	1.210996	0.199583
					
66.422256	-85.387421	832.022522	1.160175	1.212941	0.144248
66.942719	-87.426018	832.072510	1.088735	1.214854	0.219369
65.943527	-85.783585	831.363403	1.135909	1.224923	0.167775
64.511070	-83.546005	831.324219	1.186233	1.223284	0.128863
66.509659	-84.318153	831.579529	1.150798	1.232717	0.165692
66.422745	-85.511154	832.501892	1.148847	1.229985	0.155743
67.022514	-84.368828	832.761475	1.192586	1.239902	0.115893
66.341225	-84.420639	831.958862	1.142484	1.247382	0.176930
66.140656	-82.182877	831.991394	1.222513	1.248665	0.088446
62.345123	-83.214546	829.294006	1.181930	1.221819	0.135130
62.076920	-82.136917	829.148315	1.245883	1.216145	0.086547
63.030685	-83.989380	831.364746	1.233211	1.224309	0.100542
60.811745	-80.733765	827.299316	1.247439	1.221073	0.076719
61.680584	-82.221710	827.546509	1.195024	1.230466	0.134801
62.454884	-81.748520	827.853210	1.218056	1.241594	0.116659
60.397564	-80.903801	827.483032	1.234627	1.228097	0.100020
62.586914	-81.225037	829.891113	1.239977	1.244064	0.097007
62.021019	-82.114586	830.103394	1.186248	1.252145	0.139210
61.548397	-81.860184	829.872314	1.210101	1.242708	0.121251
60.914505	-81.505867	828.200134	1.210011	1.255422	0.124272
60.452995	-79.278847	827.571289	1.246581	1.269405	0.099432
60.570374	-80.434174	828.508423	1.200954	1.267566	0.138986
60.252907	-80.866020	828.419800	1.233972	1.264477	0.109599
60.103729	-78.936996	828.416016	1.269906	1.263578	0.074981
60.635960	-79.574799	828.007568	1.222821	1.288268	0.119076
60.343380	-82.677116	830.298828	1.185330	1.259383	0.165256
59.365952	-80.146095	828.547974	1.220451	1.269374	0.127393
58.937454	-80.031509	828.824463	1.218916	1.280926	0.127120
59.594101	-81.759315	827.975952	1.131635	1.286855	0.217401
58.109951	-80.142853	827.713135	1.218193	1.275126	0.142620
59.505795	-80.827621	828.349426	1.182976	1.303344	0.175675
58.684345	-80.110924	828.152344	1.223799	1.294259	0.136784
58.380371	-80.632561	828.046082	1.203846	1.289352	0.158178
58.801678	-80.555374	828.191528	1.188025	1.296219	0.172438
59.150421	-81.894173	828.263916	1.194573	1.298993	0.171014
58.312450	-81.208496	828.093872	1.219327	1.291266	0.139220
59.808056	-82.485901	829.377686	1.161387	1.305939	0.204208
58.313705	-82.316772	829.345459	1.175115	1.303974	0.194350
59.106682	-83.023560	829.526367	1.133931	1.312075	0.235349
59.091221	-81.721252	829.517151	1.129482	1.311895	0.235761
58.940292	-83.126740	829.471130	1.133561	1.309658	0.238514
58.027393	-81.976028	828.613831	1.116041	1.315526	0.256806
58.253178	-81.948669	828.676270	1.127832	1.318449	0.258162
57.656998	-83.202858	828.748657	1.045119	1.322463	0.329454
56.842766	-82.303200	828.621216	1.098307	1.315892	0.273982
58.323135	-80.696106	829.081116	1.163841	1.339396	0.211241
58.471016	-82.811920	828.988892	1.053621	1.334038	0.323380
56.434895	-81.937630	828.863464	1.120903	1.328275	0.268268
57.430367	-79.664330	829.222107	1.227195	1.347000	0.159455
56.616814	-81.899254	828.917969	1.123099	1.330664	0.268858
57.174500	-80.894676	829.112061	1.163156	1.340779	0.223659
55.049789	-79.557045	827.049194	1.238066	1.336480	0.157172
57.133972	-80.353905	829.410034	1.177165	1.358064	0.209016
56.675045	-80.827614	829.287170	1.168860	1.350999	0.230345
55.736382	-80.491653	827.452637	1.164951	1.359177	0.230442
55.816216	-81.228722	827.429626	1.125602	1.357813	0.273969
56.394585	-81.696960	827.486572	1.108833	1.360777	0.294675
55.327110	-81.908844	827.549683	1.074636	1.365132	0.327491
54.575699	-80.008591	825.498413	1.107353	1.360719	0.295086
54.839531	-80.201126	827.483948	1.108398	1.360841	0.295040
55.902580	-80.759445	827.655029	1.056577	1.371467	0.348300
55.366703	-81.567375	825.776123	0.996089	1.376670	0.414443
55.203449	-80.199173	825.865540	1.062383	1.383263	0.344592
55.537300	-80.862244	826.099731	0.989504	1.399283	0.430460
54.774261	-80.374397	827.956482	1.057053	1.390742	0.357812
54.409058	-79.909966	827.918091	1.099581	1.388323	0.319026
52.781906	-79.541344	825.840088	1.042650	1.380389	0.370716
52.463203	-79.119576	825.810547	1.087959	1.378444	0.337456
53.300453	-78.913559	826.199158	1.033571	1.406725	0.396486
51.563931	-78.145012	827.914856	1.134547	1.387111	0.283057
52.353683	-78.797569	826.075012	1.070720	1.396968	0.349470
51.182091	-80.302094	827.704041	1.031544	1.373203	0.408481
50.898376	-78.997086	826.033081	1.058391	1.394210	0.358665
48.786842	-78.485359	825.692444	1.141467	1.370752	0.281592
52.976673	-79.953972	826.312134	0.936570	1.414456	0.474354
49.561584	-79.095352	826.032776	1.050251	1.393301	0.363905
49.986221	-79.415543	826.079895	1.023635	1.396798	0.396429
50.394157	-79.240547	826.151306	1.027953	1.402429	0.396137
48.468800	-79.172623	825.106812	1.057297	1.396733	0.377036
47.609909	-79.617882	826.088867	0.998621	1.397316	0.428588
48.668396	-80.091393	825.256653	0.937227	1.407901	0.499661
48.731953	-80.192154	826.212219	0.931998	1.406755	0.504333
47.827824	-80.573845	826.148987	1.019534	1.401189	0.418506
50.523209	-81.327408	826.481445	0.856585	1.427893	0.580149
49.185211	-81.695549	826.278442	0.889977	1.411060	0.546536
49.983372	-80.208176	826.567261	0.836912	1.435297	0.603428
50.329670	-82.150635	826.547913	0.741994	1.432883	0.697095
50.254768	-82.188942	826.532959	0.743840	1.431847	0.695406
49.482040	-79.803246	826.775391	0.922711	1.454019	0.518482
50.171310	-82.996071	826.583618	0.625289	1.435824	0.812022
49.191517	-82.187843	826.570557	0.745711	1.433789	0.695793
48.914627	-83.190926	825.609375	0.626010	1.434479	0.839685
46.796394	-81.593925	826.495544	0.869509	1.427714	0.605856
50.466949	-82.751892	826.756836	0.571993	1.451290	0.915126
47.965794	-81.876068	825.770996	0.712221	1.449506	0.775235
46.744946	-81.323959	825.695129	0.823804	1.442426	0.652994
46.252350	-81.753342	826.583679	0.837793	1.433850	0.644031
49.085865	-82.793808	826.754089	0.568714	1.450256	0.910519
48.872959	-83.391312	825.777771	0.420048	1.451320	1.053908
47.936249	-82.868286	826.753540	0.555853	1.450589	0.927580
48.989029	-83.521431	826.764587	0.419302	1.450995	1.056773
47.816956	-81.227158	826.007874	0.537103	1.475915	0.939369
46.493587	-82.967033	826.738220	0.551761	1.448431	0.935154
45.215878	-82.850655	825.784424	0.557836	1.449771	0.929134
46.858273	-80.011833	827.093506	0.639038	1.490577	0.848123
46.538734	-81.038544	825.918457	0.468743	1.464546	1.018083
45.341267	-82.934631	826.764587	0.550833	1.449854	0.944750
44.489288	-82.079300	825.783997	0.484632	1.448447	1.008005
45.917679	-79.736992	826.118958	0.325325	1.490500	1.172844
44.591488	-82.859406	825.914978	0.385050	1.462687	1.112781
43.507595	-79.543755	826.023010	0.634927	1.476516	0.862964
41.709808	-80.533112	826.017395	0.722073	1.475047	0.786123
43.316162	-81.571152	825.907837	0.382153	1.462687	1.115720
44.570702	-82.401764	826.015076	0.264548	1.474291	1.234559
47.009384	-83.820610	825.909790	-3.090030	1.461878	1.558765
44.609653	-81.063522	826.016113	0.268062	1.474881	1.238330
43.355057	-81.039124	826.021851	0.267244	1.475379	1.242031
44.375904	-81.779900	825.975342	0.098207	1.469926	1.414898
44.529861	-82.547379	825.914612	-3.090582	1.461605	1.569859
43.520012	-79.263603	826.283081	0.181165	1.517580	1.332234
43.298923	-83.107719	825.988037	0.097051	1.469718	1.418255
43.192116	-83.080048	825.844849	0.085135	1.453708	1.428046
43.365925	-80.527184	826.111145	0.113835	1.485783	1.399822
43.265331	-81.793938	826.000000	0.098835	1.469886	1.414266
43.414661	-79.261467	826.208008	0.143274	1.501492	1.369613
43.405239	-79.245605	826.199707	0.145384	1.501615	1.367511
43.284695	-81.801918	825.988525	0.096260	1.469777	1.416865
43.268185	-81.814667	825.987000	0.098011	1.469586	1.415089
44.457302	-82.518700	825.927185	-3.090520	1.462012	1.563383
43.276340	-81.816322	825.992615	0.097081	1.469629	1.416044
43.340923	-81.826965	825.996216	0.099076	1.469619	1.424143
44.456608	-82.534966	825.946594	-3.090614	1.461807	1.563317
43.361427	-81.848938	826.110779	0.112193	1.485490	1.399170
44.460873	-83.813820	825.923523	-3.090550	1.462016	1.563348
42.101692	-81.072899	826.031372	0.263908	1.475234	1.248200
42.068130	-81.077652	826.027649	0.267104	1.474997	1.244399
43.275291	-81.815689	825.987366	0.096683	1.469635	1.415903
43.296032	-81.806183	825.990479	0.097116	1.469793	1.418262
42.012115	-83.750648	825.912903	0.229685	1.459391	1.284293
43.247494	-81.778732	825.997803	0.099066	1.470040	1.411781
43.273972	-81.795395	825.979980	0.097706	1.469836	1.415427
44.467529	-82.543808	825.934998	-3.091537	1.461697	1.564578
43.188805	-84.465744	825.861755	0.086255	1.453781	1.426344
44.570885	-82.577255	825.920776	-3.089436	1.461277	1.565171
43.265583	-81.788231	825.984253	0.098754	1.469909	1.414262
42.117527	-81.079750	826.025513	0.270568	1.475169	1.250612
43.270119	-81.807495	825.982422	0.095666	1.469678	1.415188
44.535011	-82.650330	827.026428	-3.081815	1.477774	1.569525
43.269226	-83.080742	826.003113	0.099024	1.470043	1.414025
42.275772	-78.567291	826.229919	0.386112	1.505254	1.127817
44.489201	-82.528549	825.934875	-3.089678	1.461890	1.567060
41.980148	-82.353249	825.904480	0.232482	1.459429	1.280895
44.484131	-82.525009	825.928101	-3.089684	1.461934	1.566475
44.554108	-81.250336	826.048096	-3.080947	1.477950	1.566426
43.261135	-81.772385	825.989197	0.099643	1.470097	1.413408
42.077023	-82.318954	825.899841	0.231433	1.460140	1.290419
43.341961	-81.835838	826.004150	0.098316	1.469510	1.424431
43.284744	-81.796074	825.985352	0.098555	1.469848	1.416761
43.291996	-81.797386	826.001892	0.097772	1.469895	1.417601
44.477379	-82.510162	825.933411	-3.090458	1.462121	1.565689
44.668747	-80.010689	826.161072	-3.067768	1.493480	1.546995
44.486423	-82.529762	825.926025	-3.089397	1.461874	1.566741
43.443718	-79.288765	826.215332	0.139493	1.501228	1.375714
43.264904	-81.785370	825.984558	0.098926	1.469943	1.414123
44.587200	-84.340721	825.854675	0.087281	1.454358	1.437780
43.103737	-81.788132	825.976685	0.098005	1.469860	1.417338
42.194031	-79.801552	826.135742	0.322396	1.490635	1.198933
47.144852	-81.498077	825.981018	-2.768060	1.469311	1.241210
47.001007	-82.708977	826.003662	-2.768126	1.471001	1.254993
45.762215	-81.961266	825.976440	-2.935426	1.467839	1.419340
44.478531	-82.524490	825.917114	-3.090333	1.461891	1.565833
45.971462	-78.135361	826.271179	-2.762333	1.514020	1.245753
43.312641	-81.825691	825.981201	0.098549	1.469533	1.420731
43.425121	-79.251587	826.201416	0.143904	1.501591	1.371249
44.761826	-79.217850	826.203735	0.145334	1.502063	1.377746
43.433666	-79.260429	826.204407	0.142025	1.501505	1.373078
43.295849	-81.808800	826.008362	0.097124	1.469808	1.418215
44.751461	-81.379295	827.134644	-3.069958	1.493700	1.549205
43.460033	-79.307152	826.219849	0.138282	1.501090	1.379090
44.755878	-80.090935	827.150208	-3.069755	1.493636	1.547880
44.469482	-82.509300	826.906189	-3.091348	1.462180	1.564776
44.478035	-83.817902	825.924927	-3.090810	1.461967	1.565327
45.936745	-78.087608	826.273865	-2.763185	1.514678	1.249963
43.412350	-79.246902	826.208984	0.144242	1.501665	1.368676
44.567600	-81.253014	826.069275	-3.078575	1.477914	1.564609
44.500053	-81.241295	826.054443	-3.083712	1.478064	1.567876
43.271210	-81.789177	825.989563	0.099778	1.469908	1.414969
43.384186	-82.323517	826.884949	0.232234	1.460176	1.291845
44.480625	-83.820610	825.928528	-3.090525	1.461982	1.565624
44.563438	-82.549217	826.040466	-3.080275	1.477858	1.565694
41.990150	-82.378006	825.892700	0.230495	1.459120	1.282888
43.367905	-81.805862	826.097900	0.113821	1.485938	1.399222
43.251144	-81.822243	826.006287	0.099365	1.469555	1.413003
43.412914	-79.230614	826.206360	0.144674	1.501866	1.368183
44.796253	-79.321938	827.190796	0.145617	1.501820	1.367302
43.417686	-79.227028	826.202942	0.143871	1.501874	1.369043
42.063698	-81.075035	826.026184	0.267761	1.475011	1.243740
42.109947	-82.380020	826.028870	0.264487	1.475113	1.249225
42.020824	-82.344643	825.902588	0.228817	1.459632	1.285135
44.677223	-81.288803	826.158691	-3.068037	1.493697	1.546180
45.820389	-81.221390	826.056335	-3.082559	1.478314	1.570195
45.736713	-81.965958	825.972229	-2.936257	1.467780	1.422562
43.468395	-79.207970	826.213745	0.146124	1.502235	1.377411
44.725090	-80.025658	826.166687	-3.068671	1.493272	1.537961
44.552929	-81.230362	826.055481	-3.079553	1.478200	1.566573
44.619144	-79.959389	826.170410	-3.069463	1.494136	1.554890
43.269253	-81.817116	825.983032	0.097844	1.469558	1.415266
42.044674	-81.091583	826.030945	0.266494	1.474737	1.242085
43.199997	-84.374146	825.853027	0.084795	1.453782	1.428390
43.427437	-81.933571	826.976074	0.096860	1.469480	1.423549
43.272331	-81.803093	826.000610	0.097064	1.469737	1.415374
43.274796	-81.797691	826.001587	0.097601	1.469857	1.415498
