(44.3360,-73.6211,744.4016)	(2.3361,-113.4863,759.4650)	(25.8798,-109.7455,752.3259)	(63.4485,-110.9298,751.1431)	(91.9390,-117.1750,758.9695)	(48.4762,-47.5753,761.4838)
(46.9175,-73.6211,744.3909)	(1.0229,-113.4902,759.4723)	(25.8798,-109.0210,752.3494)	(63.4485,-110.9298,751.1234)	(90.3188,-118.1786,756.9688)	(49.7964,-48.8928,761.4692)
(46.9175,-73.6211,744.3891)	(-0.0940,-112.1722,759.4774)	(25.8758,-107.7121,752.3547)	(62.6019,-109.6356,752.1274)	(90.3266,-117.1710,757.0049)	(48.4802,-50.2182,761.4692)
(47.1101,-73.8178,746.3749)	(-0.0940,-112.1722,759.4812)	(27.1874,-108.7263,752.3365)	(62.6019,-109.6395,752.1255)	(91.6477,-117.1750,758.9695)	(48.2956,-50.2142,761.4581)
(46.9175,-73.6211,744.3981)	(-0.0940,-112.4701,761.4758)	(27.1874,-107.7081,752.3475)	(62.6019,-109.6356,752.1237)	(91.6477,-117.1750,758.9641)	(49.6162,-51.3974,759.4838)
(46.9175,-73.6288,746.3589)	(-0.0940,-112.1722,759.4774)	(27.1874,-108.7263,752.3384)	(63.9134,-109.6278,752.1111)	(91.6477,-117.1710,758.9568)	(48.2956,-50.0873,759.4838)
(47.1101,-73.8178,746.3661)	(-0.0940,-112.1722,759.4793)	(27.1874,-108.4356,752.3365)	(62.6019,-109.6278,752.1004)	(90.3227,-116.8719,756.9887)	(49.7924,-50.2103,761.4527)
(46.9175,-73.6211,744.4016)	(-0.0940,-112.1722,759.4774)	(27.1874,-107.7081,754.3309)	(63.9134,-109.6356,752.1255)	(91.9390,-117.1750,758.9695)	(49.8043,-51.5357,761.4565)
(46.9213,-74.9131,744.3875)	(-0.0940,-112.1722,759.4812)	(27.1874,-108.7263,752.3384)	(63.9134,-109.6435,752.1255)	(91.9390,-117.1750,758.9695)	(49.8003,-50.2142,761.4638)
(47.1140,-75.1055,746.3517)	(-0.0940,-112.1722,759.4777)	(27.2523,-107.7081,752.3547)	(62.6019,-109.6435,752.1328)	(90.3305,-117.1710,756.9995)	(49.6083,-51.3974,759.4600)
(47.1140,-75.1055,744.4105)	(-0.0940,-112.1722,759.4777)	(27.2523,-107.7081,754.3256)	(62.3709,-109.6356,752.1255)	(91.9390,-117.1750,758.9695)	(48.4762,-51.4053,759.4802)
(46.9213,-74.9131,744.3944)	(-0.0940,-112.1722,759.4812)	(27.1874,-108.7263,752.3384)	(63.9134,-109.6435,752.1130)	(91.6437,-117.1710,758.9568)	(49.7964,-50.2142,761.4638)
(46.9213,-73.6211,744.4069)	(-0.0940,-112.1722,759.4793)	(27.1874,-108.4356,752.3365)	(62.3709,-109.6395,752.1255)	(91.9390,-117.1750,758.9695)	(49.7924,-50.2142,761.4565)
(46.9175,-73.6211,744.4087)	(-0.0940,-112.1722,759.4777)	(25.8758,-108.7303,752.3475)	(63.9134,-109.6356,752.1255)	(91.9390,-117.1710,758.9568)	(49.7924,-50.2103,761.4546)
(47.1140,-75.1133,746.3589)	(-0.0940,-112.4701,761.4758)	(27.1874,-108.4356,752.3384)	(63.9134,-109.6278,752.1237)	(90.3266,-116.8719,756.9887)	(48.2956,-50.2142,761.4619)
(47.1140,-75.1133,746.3643)	(-0.0940,-112.1722,759.4793)	(27.1874,-108.7263,752.3384)	(63.4524,-110.9298,751.1431)	(91.6477,-117.1710,758.9568)	(49.7924,-50.2142,761.4600)
(46.9175,-73.6211,744.3997)	(-1.3577,-112.4740,761.4813)	(25.9390,-107.7121,754.3491)	(62.6019,-109.6395,752.1274)	(91.6477,-117.1750,758.9695)	(48.4802,-50.2182,761.4692)
(46.9175,-73.6211,744.3873)	(-1.3577,-112.4740,761.4813)	(25.9429,-107.8557,754.3601)	(63.9134,-109.6435,752.1274)	(91.6477,-117.1750,758.9641)	(49.8043,-51.5357,761.4565)
(47.1101,-73.8100,744.4158)	(-0.0940,-112.1722,759.4774)	(25.9429,-107.8557,754.3529)	(63.9134,-109.6435,752.1255)	(91.6477,-117.1750,758.9695)	(49.7964,-50.0873,761.4400)
(46.9213,-74.9131,744.3909)	(-0.0940,-112.1722,761.4726)	(27.1874,-108.7263,752.3293)	(63.9134,-109.6356,752.1111)	(91.6477,-117.1750,758.9695)	(48.4802,-50.2182,761.4711)
(46.9175,-73.6211,744.3909)	(-0.0940,-112.1722,759.4777)	(25.9390,-107.7121,754.3381)	(62.6019,-109.6395,752.1255)	(90.3266,-117.1710,757.0049)	(49.7924,-50.2142,761.4600)
(47.1024,-73.6211,746.3640)	(-0.0940,-112.1722,759.4774)	(27.1874,-108.4356,752.3365)	(63.6790,-109.6317,752.1111)	(91.6477,-117.1750,758.9695)	(49.7924,-50.2142,761.4565)
(47.1101,-73.8139,746.3658)	(-0.0940,-112.1722,761.4726)	(25.8758,-107.7121,754.3400)	(63.9134,-109.9216,752.1328)	(89.2978,-115.8530,758.9260)	(49.6123,-50.0873,759.4800)
(47.1140,-75.1172,746.3714)	(-0.0940,-112.1722,759.4774)	(25.9390,-107.7121,754.3491)	(63.6790,-109.6278,752.1202)	(91.6437,-117.1710,758.9568)	(48.2956,-50.0833,759.4838)
(45.6306,-75.1055,746.3536)	(-0.0940,-112.1722,759.4777)	(25.8758,-107.7121,754.3419)	(63.6790,-109.6278,752.1111)	(90.3305,-117.1710,758.9514)	(48.4802,-50.2182,761.4692)
(47.1140,-75.1133,746.3534)	(-0.0940,-112.1722,759.4774)	(25.9390,-107.7121,754.3529)	(62.6019,-109.6356,752.1237)	(90.3305,-117.1710,756.9922)	(49.8003,-50.2142,761.4638)
(47.1140,-75.1133,746.3446)	(-0.0940,-112.1722,759.4774)	(25.9390,-107.7121,754.3491)	(63.9134,-109.9177,752.1274)	(91.6477,-117.1750,758.9641)	(49.6123,-50.0794,759.4764)
(46.9175,-73.6211,744.3981)	(-0.0901,-112.4701,761.4758)	(27.2523,-107.7081,754.3309)	(62.6019,-109.6395,752.1328)	(91.6477,-117.1750,758.9622)	(49.6123,-50.0794,759.4800)
(46.9175,-73.6211,744.3891)	(-1.3577,-112.4740,761.4832)	(25.9390,-107.7121,754.3491)	(62.6019,-109.6395,752.1255)	(91.6477,-117.1710,758.9622)	(48.4802,-50.2182,761.4695)
(46.9213,-74.9131,744.4053)	(-0.0940,-112.1722,759.4777)	(27.2523,-107.7081,754.3400)	(62.6019,-109.9216,752.1274)	(91.9390,-117.1750,758.9767)	(48.4802,-50.2182,761.4711)
(47.1140,-75.1133,746.3712)	(-0.0940,-112.1722,759.4812)	(25.8758,-108.7303,752.3475)	(63.9134,-109.6317,752.1255)	(90.3266,-117.1710,758.9514)	(49.6083,-50.0873,759.4764)
(47.1101,-73.8139,746.3661)	(-0.0940,-112.1722,759.4777)	(27.1874,-107.7081,752.3566)	(63.9134,-109.6278,752.1202)	(90.3227,-116.8719,756.9868)	(49.6123,-50.0873,759.4800)
(47.1101,-73.8139,746.3767)	(-0.0940,-112.1722,759.4793)	(25.8758,-107.7121,754.3472)	(63.9134,-109.6356,752.1183)	(91.6477,-117.1750,758.9622)	(48.2956,-50.2103,761.4619)
(46.9213,-74.9131,744.3875)	(-1.3577,-112.4740,761.4869)	(25.9429,-109.0210,754.3328)	(63.9134,-109.9295,754.1086)	(91.6437,-117.1750,758.9641)	(49.7924,-50.2142,761.4600)
(46.9175,-73.6211,744.3978)	(-0.0901,-112.4701,761.4758)	(27.1913,-108.7263,752.3422)	(63.9134,-109.6278,752.1111)	(91.6477,-117.1750,758.9622)	(49.6123,-50.0794,759.4800)
(46.9175,-73.6211,744.3873)	(-0.0940,-112.1722,761.4726)	(25.9429,-109.0210,752.3494)	(62.6019,-109.6356,751.1557)	(91.6437,-117.1750,758.9695)	(48.4802,-50.2182,761.4711)
(46.9175,-73.6172,744.3873)	(-0.0940,-112.1722,759.4812)	(27.2523,-107.7081,754.3400)	(62.6019,-109.9256,752.1400)	(91.6477,-117.1750,758.9695)	(49.8003,-50.2142,761.4638)
(46.9175,-73.6211,744.4050)	(-0.0940,-112.1722,759.4774)	(27.1874,-107.7081,754.3309)	(63.6790,-109.6278,752.1130)	(91.9390,-117.1750,758.9695)	(49.7924,-50.2103,761.4346)
(45.6306,-75.1094,746.3698)	(-0.0940,-112.1722,759.4777)	(27.1874,-107.7081,752.3547)	(62.6019,-109.6395,752.1237)	(91.6437,-117.1750,758.9641)	(48.2956,-50.2142,761.4581)
(47.1101,-73.8139,746.3765)	(-0.0940,-112.1722,759.4777)	(27.2523,-107.7081,752.3566)	(64.0306,-109.6278,752.1183)	(91.9390,-117.1750,758.9641)	(48.2956,-50.2142,761.4619)
(47.1101,-73.8100,746.3696)	(-0.0940,-112.1722,759.4774)	(27.0536,-108.4356,752.3365)	(63.9134,-109.6435,752.1237)	(91.6477,-117.1750,758.9695)	(49.7924,-50.2142,761.4600)
(46.9175,-73.6211,744.3981)	(-0.0940,-112.1722,759.4777)	(25.8798,-109.0210,752.3566)	(62.6019,-109.9216,752.1328)	(91.6477,-117.1750,758.9695)	(49.7924,-50.2142,761.4600)
(46.9175,-73.6211,744.3928)	(-0.0901,-112.1722,759.4793)	(25.9390,-107.7121,754.3529)	(64.0306,-109.9256,752.1328)	(91.9390,-117.1790,758.9767)	(49.8003,-50.2142,761.4638)
(46.9175,-73.6211,744.3873)	(-1.3577,-112.4740,761.4832)	(27.2562,-107.8518,754.3419)	(63.9134,-109.6278,752.1111)	(91.9390,-117.1750,758.9641)	(48.4762,-51.5357,761.4546)
(46.9213,-74.9131,744.3875)	(-1.3577,-112.7719,763.4797)	(27.2523,-107.7081,754.3400)	(63.9134,-109.9216,752.1202)	(91.6437,-117.1750,758.9641)	(49.8003,-50.2142,761.4638)
(46.9175,-73.6211,744.3981)	(-0.0901,-112.4701,761.4758)	(27.2523,-107.7081,754.3400)	(63.9134,-109.9216,752.1328)	(91.9390,-117.1750,758.9695)	(48.4802,-50.2182,761.4692)
(45.6267,-73.8139,746.3732)	(-0.0940,-112.1722,759.4812)	(27.0536,-108.4356,752.3384)	(62.6019,-109.6395,752.1237)	(91.6477,-117.1750,758.9641)	(48.4723,-50.2182,761.4638)
(47.1140,-75.1133,746.3658)	(-0.0940,-112.1722,759.4777)	(25.8758,-108.7303,752.3475)	(62.6019,-109.6278,752.1183)	(90.3305,-117.1750,758.9514)	(48.4723,-50.2182,761.4692)
(47.1140,-75.1094,746.3730)	(-0.0940,-112.1722,759.4777)	(27.1874,-108.7263,752.3365)	(63.9134,-109.6278,751.1538)	(90.3305,-117.1710,758.9514)	(49.7924,-50.2103,761.4527)
(46.9175,-73.6211,744.3944)	(-0.0940,-112.1722,759.4793)	(25.9429,-109.0210,752.3494)	(63.9134,-109.6278,751.1485)	(89.5939,-115.8609,758.9695)	(48.4802,-50.2182,761.4711)
(46.9213,-74.9131,744.3875)	(-1.3577,-112.4740,761.4832)	(25.9429,-107.8557,756.3362)	(62.3709,-109.6278,751.1485)	(91.6477,-117.1750,758.9695)	(48.2956,-51.4014,759.4711)
(46.9175,-73.6211,744.3928)	(-0.0940,-112.1722,759.4774)	(27.2562,-108.7263,752.3422)	(62.6019,-109.6278,751.1557)	(91.9429,-117.1750,758.9767)	(48.4802,-50.2182,761.4711)
(46.9175,-73.6211,744.3928)	(-0.0940,-112.4701,761.4758)	(27.1874,-108.7263,752.3365)	(64.0306,-109.6278,752.1111)	(90.3305,-117.1710,758.9568)	(49.7924,-50.2142,761.4600)
(47.1140,-75.1133,746.3749)	(-0.0940,-112.1722,759.4812)	(25.9390,-107.7121,754.3491)	(63.9134,-109.6435,752.1255)	(90.3266,-117.1710,758.9387)	(48.4802,-50.2182,761.4711)
(47.1101,-73.8139,746.3749)	(-0.0940,-112.1722,759.4777)	(27.1874,-108.7263,752.3365)	(63.6829,-110.9298,751.1306)	(91.9390,-117.1750,758.9695)	(48.4723,-50.2182,761.4692)
(47.1140,-74.9248,746.3571)	(-1.3577,-112.4740,761.4813)	(25.9390,-107.7121,754.3510)	(62.6019,-109.6395,751.1557)	(91.6437,-117.1750,758.9695)	(48.2956,-50.0913,761.4473)
(46.9175,-73.6211,744.3962)	(-1.3577,-112.4740,761.4813)	(27.2523,-107.7081,754.3400)	(62.6019,-109.9216,752.1274)	(91.6477,-117.1750,758.9695)	(48.2956,-50.0833,761.4673)
(46.9213,-74.9131,744.3947)	(-0.0940,-112.4701,761.4758)	(25.9429,-109.0210,752.3566)	(63.9134,-109.6278,751.1503)	(91.6477,-117.1710,758.9568)	(49.7924,-50.2142,761.4638)
(46.9175,-73.6211,744.3909)	(-0.0901,-112.4701,761.4758)	(27.1874,-108.7263,752.3403)	(63.9134,-109.6278,752.1183)	(91.9429,-117.4820,758.9894)	(48.4723,-50.2182,761.4711)
(46.9213,-74.9131,744.4000)	(-0.0940,-112.4701,761.4758)	(25.9390,-107.7121,754.3400)	(63.9134,-109.9216,752.1255)	(90.3305,-117.1790,758.9695)	(48.4762,-50.2182,761.4711)
(46.9175,-73.6211,744.4034)	(-0.0940,-112.4701,761.4739)	(27.2523,-107.7081,754.3419)	(63.9134,-109.6356,752.1111)	(91.9390,-117.1750,758.9767)	(49.6123,-50.0794,759.4764)
(46.9175,-73.6211,746.3499)	(-0.0940,-112.1722,759.4777)	(25.7456,-108.4396,752.3475)	(64.0306,-109.9216,752.1183)	(90.3266,-117.1710,758.9441)	(49.8003,-50.2142,761.4619)
(46.9175,-73.6211,744.4000)	(-0.0940,-112.1722,759.4777)	(27.1874,-108.7263,752.3384)	(64.0306,-109.6278,752.1111)	(91.9390,-117.1750,758.9767)	(49.7924,-50.2142,761.4638)
(46.9175,-73.6211,744.4016)	(-0.0901,-112.1722,759.4812)	(27.2523,-107.7081,754.3309)	(62.6019,-109.6395,752.1237)	(91.9390,-117.1750,758.9767)	(48.2956,-50.2142,761.4581)
(46.9175,-73.6211,744.4000)	(-0.0940,-112.1722,759.4774)	(25.9390,-107.7121,754.3510)	(63.9134,-109.6435,752.1255)	(91.6477,-117.1750,758.9695)	(48.2916,-51.4014,759.4708)
(47.1140,-75.1055,746.3481)	(-1.3577,-112.4740,761.4850)	(25.9390,-107.7121,754.3510)	(62.6019,-109.6356,751.1557)	(91.6437,-117.1750,758.9695)	(48.2956,-50.2103,761.4692)
(47.1140,-74.9248,746.3499)	(-0.0940,-112.4701,761.4739)	(27.2523,-107.7081,752.3547)	(62.6019,-109.6278,751.1557)	(91.9390,-117.1750,758.9767)	(48.4723,-50.2182,761.4692)
(47.1140,-74.9209,744.4053)	(-0.0940,-112.4701,761.4758)	(25.9390,-107.7121,754.3381)	(63.9134,-109.9216,752.1183)	(91.6477,-117.1750,758.9695)	(49.7924,-50.0873,759.4781)
(45.6306,-74.9248,744.4105)	(-0.0940,-112.1722,759.4777)	(25.9390,-107.7121,754.3510)	(62.6019,-109.6356,752.1202)	(91.9469,-117.4820,760.9175)	(48.2956,-50.2103,761.4619)
(45.6267,-73.6249,744.4105)	(-0.0940,-112.1722,759.4774)	(25.9390,-107.7121,754.3510)	(62.7173,-109.6356,752.1237)	(90.3266,-117.1710,758.9514)	(48.2956,-50.2142,761.4600)
(47.1140,-75.1133,746.3732)	(-0.0940,-112.1722,759.4774)	(27.1874,-108.4356,751.3503)	(63.9134,-109.6356,752.1274)	(90.3266,-117.1710,758.9441)	(48.2995,-51.4014,761.4492)
(47.1140,-75.1094,746.3696)	(-0.0940,-112.1722,759.4777)	(27.2562,-107.8518,754.3438)	(62.6019,-109.6278,752.1346)	(91.6477,-117.1750,758.9695)	(49.7964,-50.2142,761.4619)
(47.1140,-75.1133,746.3751)	(-0.0940,-112.1722,759.4774)	(25.9429,-107.8557,754.3674)	(62.6019,-109.6278,752.1183)	(90.3266,-117.1710,758.9441)	(48.4723,-50.2182,761.4673)
(46.9175,-73.6211,744.3981)	(-0.0940,-112.1722,759.4812)	(25.9390,-107.7121,754.3419)	(63.9134,-109.6356,752.1183)	(90.3227,-116.8719,758.9441)	(48.2916,-50.0833,759.4819)
(47.1101,-73.6327,746.3605)	(-0.0940,-112.1722,759.4812)	(25.9390,-107.7121,754.3510)	(64.0306,-109.9216,752.1255)	(90.3345,-117.1790,758.9713)	(48.2956,-50.0833,759.4838)
(47.1140,-75.1172,746.3714)	(-0.0940,-112.4701,761.4739)	(27.2562,-107.8518,754.3328)	(63.9134,-109.6356,752.1237)	(91.9429,-117.4820,760.9539)	(48.2916,-50.0833,759.4838)
(47.1101,-73.8139,746.3605)	(-0.0940,-112.4701,761.4758)	(25.9429,-107.8557,756.3362)	(63.9134,-109.9216,752.1328)	(91.9429,-117.4820,760.9539)	(49.6123,-50.0794,761.4510)
(46.9175,-73.6288,746.3552)	(-0.0940,-112.4701,761.4758)	(25.9390,-107.7121,754.3491)	(63.9134,-109.9216,752.1274)	(91.9429,-117.1750,758.9948)	(48.2877,-50.0833,759.4745)
(47.1140,-75.1172,746.3643)	(-0.0940,-112.1722,759.4812)	(25.9390,-107.7121,754.3419)	(62.6019,-109.9216,752.1237)	(91.9390,-117.1750,758.9695)	(49.6083,-50.0794,759.4764)
(46.9175,-73.6211,744.4069)	(-0.0940,-112.1722,759.4777)	(25.8798,-108.7303,752.3494)	(62.6019,-109.9216,752.1237)	(91.6477,-117.1710,758.9695)	(48.2956,-50.2142,761.4584)
(47.1101,-73.8139,746.3714)	(-0.0940,-112.4701,761.4758)	(25.8758,-108.7303,752.3494)	(63.9134,-109.6278,752.1183)	(91.9390,-117.1750,758.9695)	(49.7964,-50.2142,761.4584)
(46.9175,-73.6288,746.3499)	(-0.0940,-112.1722,759.4774)	(27.2562,-107.8518,754.3419)	(63.9134,-109.6435,752.1255)	(91.6477,-117.1750,758.9695)	(49.7924,-50.2063,759.4980)
(47.1140,-75.1172,746.3643)	(-0.0940,-112.1722,759.4774)	(27.2523,-107.7081,754.3328)	(62.6019,-109.9216,752.1346)	(91.2176,-115.8570,758.9894)	(49.6044,-50.0794,759.4692)
(47.1101,-73.8178,746.3640)	(-0.0940,-112.1722,759.4777)	(27.2523,-107.7081,754.3328)	(64.0306,-109.9295,754.1068)	(91.6477,-117.1750,758.9695)	(49.6083,-50.0794,759.4673)
(47.1140,-75.1172,746.3749)	(-0.0940,-112.4701,761.4758)	(27.1874,-107.7081,752.3547)	(64.0306,-109.9216,752.1328)	(91.9390,-117.1750,758.9767)	(49.6123,-50.0794,759.4838)
(47.1140,-75.1172,746.3624)	(-1.3577,-112.4740,761.4832)	(25.9390,-107.7121,754.3419)	(62.6019,-109.9216,752.1255)	(91.9390,-117.1750,758.9695)	(49.6044,-50.0794,759.4654)
(47.1101,-73.8100,746.3587)	(-0.0940,-112.4701,761.4758)	(27.1874,-108.7263,752.3293)	(63.9134,-109.9216,752.1274)	(90.3345,-117.1750,758.9641)	(48.2877,-50.0833,759.4745)
(47.1140,-74.9248,746.3499)	(-0.0940,-112.1722,759.4812)	(27.1874,-107.7081,752.3456)	(64.0306,-109.9295,752.1418)	(91.6477,-117.1750,758.9695)	(49.6083,-50.0794,759.4745)
(47.1101,-73.8139,746.3624)	(-0.0940,-112.1722,759.4774)	(27.2562,-107.8518,754.3309)	(63.9134,-109.9216,752.1328)	(90.3266,-117.1710,758.9514)	(49.6083,-50.0873,759.4781)
(47.1101,-73.8139,746.3749)	(-0.0940,-112.1722,759.4777)	(27.2562,-108.7263,752.3331)	(63.6829,-110.9337,752.1149)	(90.3188,-116.8719,756.9941)	(48.2916,-50.0913,761.4457)
(47.1140,-75.1172,746.3730)	(-0.0940,-112.1722,759.4812)	(27.1874,-107.7081,752.3456)	(62.6019,-109.9216,752.1418)	(91.6477,-117.1750,758.9695)	(49.6083,-50.0873,759.4819)
(47.1140,-75.1172,746.3749)	(-0.0901,-112.1722,759.4812)	(25.8798,-108.7303,752.3547)	(62.7173,-109.9295,752.1491)	(91.6477,-117.1750,758.9695)	(49.6083,-50.0873,759.4781)
(47.1140,-75.1172,746.3643)	(-0.0940,-112.1722,759.4777)	(27.0497,-108.4356,751.3485)	(63.9134,-109.9216,752.1472)	(91.9429,-117.1790,760.9411)	(48.2916,-51.4014,759.4692)
(47.1140,-75.1172,746.3661)	(-0.0940,-112.1722,761.4726)	(27.1874,-107.7081,754.3309)	(62.7173,-109.9295,754.1158)	(91.9390,-117.1750,758.9767)	(49.6123,-50.0794,759.4835)
(47.1140,-75.1172,746.3643)	(-1.3577,-112.4740,761.4850)	(25.8758,-108.7303,752.3475)	(64.0306,-109.9216,752.1274)	(91.9390,-117.1750,758.9767)	(49.6083,-50.0794,759.4745)
(46.9175,-73.6211,744.4016)	(-0.0901,-112.4701,761.4758)	(27.2523,-107.7081,754.3309)	(63.9134,-109.9216,752.1328)	(91.9390,-117.1750,758.9695)	(48.2877,-50.0833,759.4764)
(47.1140,-75.1133,746.3677)	(-0.0940,-112.1722,759.4812)	(27.1874,-107.7081,752.3456)	(62.7173,-109.9256,752.1400)	(91.9390,-117.1790,758.9767)	(49.6083,-51.3974,759.4692)
(47.1140,-75.1133,746.3712)	(-0.0940,-112.1722,759.4793)	(27.2523,-107.7081,754.3309)	(63.9134,-109.9295,752.1472)	(91.9390,-117.1750,758.9695)	(48.2877,-50.0873,759.4819)
(47.1140,-75.1094,746.3730)	(-0.0940,-112.1722,759.4777)	(27.2523,-107.7081,754.3328)	(63.9134,-109.9216,752.1418)	(91.6477,-117.1750,758.9695)	(48.2877,-50.0833,759.4819)
(47.1101,-73.8178,746.3730)	(-0.0940,-112.1722,759.4793)	(25.8758,-107.7121,754.3419)	(64.0306,-109.9256,752.1328)	(91.6477,-117.1710,758.9695)	(48.2995,-50.2103,761.4419)
(47.1140,-75.1172,746.3767)	(-0.0901,-112.1722,759.4812)	(27.1874,-107.7081,752.3475)	(63.9134,-109.9216,752.1472)	(91.6477,-117.1750,758.9695)	(49.6083,-50.0873,759.4781)
(47.1101,-73.8178,746.3605)	(-0.0901,-112.1722,761.4726)	(27.1874,-108.7263,752.3403)	(63.9134,-109.9295,754.1140)	(91.9429,-117.1790,758.9767)	(49.6083,-50.0794,759.4708)
(47.1140,-75.1133,746.3624)	(-0.0901,-112.4701,761.4758)	(27.1874,-108.4356,751.3503)	(62.7173,-109.9216,752.1544)	(91.9390,-117.1790,758.9767)	(49.7924,-50.2142,761.4527)
(47.1140,-75.1172,746.3804)	(-0.0901,-112.1722,761.4726)	(27.2523,-107.7081,752.3547)	(64.0306,-109.9256,752.1418)	(91.6437,-117.1710,758.9568)	(49.8003,-50.2142,761.4638)
(47.1101,-73.8178,746.3712)	(-0.0901,-112.1722,761.4726)	(27.2523,-107.7081,754.3309)	(63.9134,-109.6356,752.1274)	(91.6477,-117.1750,758.9695)	(48.2956,-50.0873,761.4529)
(47.1140,-75.1172,746.3767)	(-0.0901,-112.1722,759.4774)	(27.1834,-107.4209,752.3475)	(62.6019,-109.9295,754.1158)	(91.6477,-117.1750,758.9695)	(49.6123,-50.0873,761.4454)
(47.1101,-73.8178,746.3658)	(-0.0940,-112.1722,759.4812)	(27.1874,-107.7081,752.3547)	(64.0306,-109.9295,752.1472)	(91.6477,-117.1710,758.9695)	(49.8003,-50.2063,761.4419)
(47.1140,-75.1172,746.3714)	(-0.0901,-112.4701,761.4758)	(27.1913,-108.7263,752.3475)	(64.0306,-109.9256,752.1400)	(91.6477,-117.1710,758.9568)	(49.6044,-50.0833,759.4745)
(47.1101,-73.8178,746.3749)	(-0.0901,-112.4701,761.4739)	(27.2523,-107.7081,752.3547)	(62.6019,-109.9216,752.1472)	(90.3305,-117.1710,758.9514)	(49.7964,-50.2063,761.4565)
(47.1101,-73.8178,746.3693)	(-0.0940,-112.1722,759.4793)	(27.1874,-108.4356,752.3384)	(62.6019,-109.9216,752.1472)	(90.3266,-117.1710,758.9514)	(49.6083,-50.0794,759.4745)
(47.1140,-75.1172,746.3732)	(1.2313,-112.1683,759.4702)	(27.1834,-107.4209,752.3456)	(63.9134,-109.9256,752.1472)	(90.3345,-117.1750,758.9641)	(49.8003,-50.2142,761.4638)
(47.1101,-73.8139,746.3643)	(-0.0901,-112.1722,761.4726)	(27.1874,-108.4356,751.3503)	(63.9134,-109.9216,752.1328)	(91.9390,-117.1750,758.9767)	(49.8003,-50.2142,761.4603)
(47.1101,-73.8178,746.3571)	(-0.0901,-112.1722,761.4726)	(25.8758,-108.7303,752.3312)	(63.9134,-109.9216,752.1328)	(91.9390,-117.1750,758.9695)	(49.8003,-50.2142,761.4638)
(47.1140,-75.1172,746.3767)	(-0.0901,-112.1722,761.4726)	(27.1874,-108.4356,751.3503)	(63.9134,-109.6278,752.1202)	(91.2176,-116.1605,760.9230)	(48.4802,-50.2182,761.4711)
(46.9175,-73.6211,746.3517)	(-0.0901,-112.1722,761.4726)	(27.1874,-108.4356,752.3365)	(64.0306,-109.9295,752.1472)	(91.6477,-117.1750,758.9695)	(48.2877,-50.0833,759.4800)
(47.1140,-75.1172,746.3714)	(-1.3577,-112.4740,761.4834)	(27.1874,-108.7263,752.3365)	(64.0306,-109.9295,754.1158)	(91.6477,-117.1750,758.9695)	(48.4683,-50.2103,761.4638)
(47.1140,-75.1172,746.3696)	(-0.0901,-112.1722,759.4777)	(27.2523,-107.7081,752.3547)	(62.6019,-109.9216,752.1418)	(90.3305,-117.1710,758.9568)	(48.2877,-50.0873,759.4835)
(47.1101,-73.8100,746.3679)	(-0.0901,-112.1722,759.4793)	(25.8798,-108.7303,752.3475)	(63.9134,-109.9216,752.1472)	(91.6477,-117.1710,758.9695)	(49.8003,-50.2142,761.4657)
(46.9175,-73.6288,746.3571)	(-0.0901,-112.1722,761.4726)	(27.1874,-108.4356,752.3365)	(63.9134,-109.9216,752.1328)	(91.9390,-117.1790,758.9767)	(48.2877,-50.0913,761.4438)
(47.1140,-75.1172,746.3696)	(-0.0290,-112.4701,761.4758)	(27.0497,-108.4356,751.3431)	(63.9134,-109.6356,752.1328)	(91.9390,-117.1750,758.9821)	(49.8003,-50.2063,761.4603)
(47.1101,-73.8216,746.3802)	(-0.0940,-112.1722,759.4774)	(27.1874,-107.7081,752.3475)	(63.9134,-109.6356,752.1328)	(91.6477,-117.1750,758.9695)	(48.4802,-50.2182,761.4730)
(47.1140,-75.1172,746.3802)	(-0.0901,-112.1722,761.4726)	(27.1874,-108.4356,752.3365)	(63.9134,-109.6278,752.1255)	(90.3227,-117.1710,758.9441)	(49.8043,-51.5357,761.4565)
(47.1140,-75.1172,746.3730)	(-0.0901,-112.1722,759.4812)	(27.1874,-107.7081,752.3638)	(63.9134,-109.6278,752.1309)	(91.6437,-117.1710,758.9695)	(49.6123,-50.0873,761.4438)
(47.1140,-75.1133,746.3679)	(-0.0940,-112.4701,761.4758)	(25.8758,-108.7303,752.3494)	(63.9134,-109.6278,752.1237)	(91.6477,-117.1750,758.9695)	(49.7924,-50.0873,759.4946)
(46.9175,-73.6288,746.3571)	(-0.0901,-112.4701,761.4758)	(27.1874,-107.7081,752.3547)	(64.0306,-109.9216,752.1328)	(91.6477,-117.1750,758.9695)	(49.7924,-50.0873,761.4457)
(46.9175,-73.6172,744.3857)	(-0.0901,-112.4701,761.4758)	(27.1874,-107.7081,754.3309)	(63.9134,-109.9256,752.1346)	(91.6477,-117.1750,758.9767)	(49.7885,-50.2063,761.4438)
(46.9213,-74.9209,744.4000)	(-0.0901,-112.4701,761.4758)	(27.1834,-107.4209,752.3438)	(63.9134,-109.9216,752.1274)	(92.5452,-116.1605,762.9308)	(48.2877,-50.2103,761.4510)
(47.1140,-75.1172,746.3732)	(-0.0901,-112.4701,761.4758)	(27.1834,-107.4209,752.3419)	(62.6019,-109.9216,752.1400)	(90.3345,-117.1790,758.9767)	(49.8043,-51.5357,761.4529)
(47.1101,-73.8178,746.3677)	(-0.0940,-112.1722,759.4774)	(27.0497,-108.4356,751.3503)	(63.9134,-109.6278,752.1255)	(91.9390,-117.1790,758.9713)	(49.8003,-50.2142,761.4746)
(47.1101,-73.8216,746.3749)	(-0.0940,-112.1722,759.4812)	(27.1834,-107.4209,752.3475)	(62.6019,-109.6278,752.1400)	(90.3227,-117.1710,758.9441)	(49.8003,-50.2142,761.4657)
(47.1140,-75.1133,746.3696)	(-0.0940,-112.1722,759.4774)	(27.0536,-108.4356,752.3365)	(63.9134,-109.6278,752.1309)	(91.6477,-117.1750,758.9695)	(49.8003,-50.2142,761.4619)
(47.1140,-75.1172,746.3749)	(-0.0940,-112.1722,759.4777)	(25.8758,-108.7303,752.3475)	(62.6019,-109.6356,752.1346)	(91.6477,-117.1750,758.9695)	(49.8003,-50.2142,761.4619)
(47.1140,-75.1094,746.3605)	(-0.0901,-112.4701,761.4758)	(27.1874,-108.4356,752.3293)	(63.4485,-110.9298,751.1234)	(91.6477,-117.1750,758.9695)	(49.6044,-50.0873,759.4800)
(46.9213,-74.9131,744.4034)	(-0.0901,-112.4701,761.4758)	(27.1874,-108.4356,752.3312)	(64.0306,-109.9256,752.1328)	(91.6477,-117.1750,758.9695)	(49.6123,-50.0873,761.4438)
(47.1140,-75.1133,746.3571)	(-0.0901,-112.4701,761.4758)	(25.8758,-108.7303,752.3456)	(63.9134,-109.9256,752.1400)	(90.3266,-117.1710,758.9441)	(48.2956,-50.2103,761.4565)
(47.1140,-75.1133,746.3589)	(-0.0901,-112.4701,761.4758)	(27.0497,-108.4356,751.3503)	(62.6019,-109.9216,752.1400)	(91.6477,-117.1750,758.9695)	(49.8003,-50.2142,761.4600)
(45.8198,-75.1172,746.3820)	(-0.0901,-112.4701,761.4758)	(25.7417,-108.4396,752.3384)	(62.6019,-109.6278,752.1183)	(91.9390,-117.1790,758.9767)	(48.2956,-50.0913,761.4510)
(47.1140,-75.1172,746.3767)	(-0.0940,-112.1722,759.4777)	(27.1834,-107.4209,752.3438)	(63.6790,-109.6278,752.1274)	(91.6477,-117.1750,758.9695)	(49.8003,-50.2142,761.4638)
(47.1101,-73.8178,746.3658)	(-0.0940,-112.1722,759.4774)	(27.2523,-107.7081,752.3475)	(63.6790,-109.6278,752.1274)	(91.6477,-117.1790,758.9713)	(49.8003,-50.2142,761.4638)
(46.9175,-73.6211,744.4069)	(-0.0940,-112.1722,759.4812)	(27.0497,-108.4356,751.3485)	(63.9134,-109.9216,752.1328)	(91.9390,-117.1790,758.9767)	(49.8003,-50.2142,761.4638)
(47.1063,-73.8139,746.3679)	(-0.0940,-112.1722,759.4812)	(27.1834,-107.4209,752.3475)	(62.6019,-109.6278,752.1328)	(91.2176,-116.1605,758.9967)	(48.4762,-50.0913,761.4619)
(46.9213,-74.9209,744.4000)	(-0.0940,-112.1722,759.4812)	(27.0497,-108.4356,752.3275)	(62.3709,-109.6278,752.1183)	(91.6477,-117.1750,758.9695)	(48.4802,-50.2182,761.4692)
(46.9213,-74.9131,744.4053)	(-0.0901,-112.4701,761.4758)	(25.9390,-107.7121,754.3491)	(63.9134,-109.9295,752.1346)	(91.6477,-117.1750,758.9695)	(48.2956,-51.4093,759.4800)
(46.9213,-74.9131,744.3944)	(-0.0940,-112.4701,761.4758)	(25.8758,-108.7303,752.3456)	(62.6019,-109.9256,752.1274)	(91.6477,-117.1750,758.9641)	(49.6123,-51.4014,759.4673)
(47.1140,-75.1133,746.3605)	(-0.0940,-112.4701,761.4758)	(25.8758,-107.7121,752.3547)	(63.9134,-109.6356,752.1274)	(90.3305,-117.1710,758.9568)	(48.4762,-50.2182,761.4673)
(46.9175,-73.6288,746.3640)	(-0.0940,-112.4701,761.4758)	(25.8758,-108.4396,752.3384)	(63.9134,-109.6278,752.1111)	(91.9390,-117.1790,758.9713)	(49.8003,-50.2103,761.4565)
(47.1140,-75.1133,746.3643)	(-0.0940,-112.1722,759.4812)	(27.1834,-107.4209,752.3456)	(63.9134,-109.6278,752.1309)	(91.6477,-117.1750,758.9695)	(49.8003,-50.2142,761.4638)
(46.9175,-73.6211,744.4034)	(-0.0901,-112.4701,761.4758)	(27.1834,-107.4209,752.3419)	(63.9134,-109.6278,752.1309)	(91.6437,-117.1750,758.9695)	(49.8003,-50.2142,761.4603)
(47.1140,-75.1133,746.3624)	(-0.0940,-112.1722,759.4777)	(27.0536,-108.4356,752.3275)	(63.9134,-109.9216,752.1328)	(91.6437,-117.1750,758.9695)	(49.8003,-50.2142,761.4619)
(47.1140,-75.1172,746.3714)	(-1.3577,-112.4740,761.4832)	(27.0497,-108.4356,751.3503)	(63.9134,-109.6278,752.1255)	(93.2597,-117.1750,760.9465)	(49.8003,-51.5317,761.4457)
(47.1140,-75.1094,744.4000)	(-0.0940,-112.4701,761.4758)	(25.8758,-108.4396,752.3438)	(63.6790,-109.6278,752.1111)	(90.3266,-117.1710,758.9441)	(48.2877,-50.0833,759.4762)
(47.1140,-75.1172,746.3661)	(-0.0940,-112.1722,759.4812)	(27.1874,-107.7081,752.3566)	(62.6019,-109.9216,752.1274)	(91.9390,-117.1750,758.9695)	(49.6123,-50.0873,759.4891)
(46.9175,-73.6211,744.3981)	(-0.0940,-112.4701,761.4758)	(27.1834,-107.4209,752.3475)	(63.9134,-109.9216,752.1255)	(91.9390,-117.1750,758.9767)	(48.2956,-50.0913,761.4510)
(46.9175,-73.6211,744.3926)	(-0.0940,-112.4701,761.4758)	(27.1834,-107.4209,752.3438)	(63.9134,-109.6356,752.1183)	(91.6477,-117.1750,758.9695)	(49.6123,-51.4053,759.4654)
(47.1140,-75.1133,746.3589)	(-0.0940,-112.1722,759.4812)	(27.0497,-108.4356,751.3503)	(63.9134,-109.6278,752.1183)	(91.6477,-117.1790,758.9713)	(49.7964,-50.2103,761.4473)
(47.1140,-75.1094,746.3589)	(-0.0940,-112.1722,759.4777)	(27.0497,-108.4356,751.3503)	(63.6790,-109.6278,752.1274)	(91.6437,-117.1750,758.9695)	(48.4802,-50.2182,761.4692)
(47.1140,-75.1172,746.3749)	(-1.3577,-112.4740,761.4834)	(27.1874,-108.4356,752.3275)	(63.6829,-110.9337,752.1202)	(91.6477,-117.1750,758.9695)	(49.8003,-50.2142,761.4673)
(47.1140,-75.1133,746.3605)	(-0.0940,-112.1722,759.4777)	(25.7456,-108.4396,752.3456)	(63.9134,-109.9216,752.1328)	(91.6477,-117.1750,758.9695)	(49.8003,-50.2142,761.4619)
(46.9213,-74.9131,744.4000)	(-0.0940,-112.1722,759.4777)	(27.1834,-107.4209,752.3456)	(63.6790,-109.6278,752.1183)	(91.6477,-117.1750,758.9695)	(48.4762,-50.2182,761.4692)
(46.9175,-73.6211,744.4016)	(-0.0940,-112.1722,759.4812)	(27.1874,-108.4356,751.3522)	(63.9134,-109.6278,752.1183)	(91.6477,-117.1750,758.9695)	(49.6123,-50.0873,761.4291)
(47.1140,-75.1094,746.3571)	(-0.0940,-112.4701,761.4758)	(27.1834,-107.4209,752.3456)	(63.9134,-109.9216,752.1274)	(91.6477,-117.1750,758.9695)	(49.6123,-50.0873,759.4781)
(47.1140,-75.1172,746.3658)	(-0.0940,-112.4701,761.4758)	(27.0497,-108.4356,751.3503)	(62.6019,-109.9216,752.1183)	(91.9390,-117.1750,758.9767)	(49.7924,-50.2063,761.4346)
(47.1140,-74.9209,744.4000)	(-0.0940,-112.4701,761.4758)	(27.1874,-108.4356,752.3275)	(63.9134,-109.6278,752.1183)	(91.6437,-117.1710,758.9568)	(49.6123,-50.0873,759.4872)
(47.1140,-75.1172,746.3624)	(-0.0940,-112.4701,761.4758)	(25.7456,-108.4396,752.3293)	(63.6790,-109.6278,752.1183)	(91.6477,-117.1750,758.9695)	(48.4802,-50.2103,761.4565)
(46.9213,-74.9209,746.3589)	(-0.0940,-112.4701,761.4758)	(27.1834,-107.4209,752.3438)	(63.9134,-109.6278,752.1274)	(90.3266,-117.1710,758.9441)	(49.8003,-50.2142,761.4657)
(47.1140,-75.1172,746.3804)	(-0.0940,-112.1722,759.4812)	(27.0536,-108.4356,751.3503)	(63.6790,-109.6278,752.1255)	(91.6477,-117.1750,758.9641)	(49.8003,-50.2142,761.4638)
(47.1140,-75.1133,746.3624)	(-0.0940,-112.1722,759.4796)	(27.0497,-108.4356,751.3503)	(62.3709,-109.6278,752.1328)	(91.6437,-117.1750,758.9641)	(49.8003,-50.2142,761.4619)
(47.1140,-75.1172,746.3714)	(-0.0940,-112.1722,759.4777)	(27.0497,-108.4356,752.3293)	(63.6790,-109.6278,752.1255)	(90.3266,-117.1710,758.9387)	(49.6044,-50.0794,759.4727)
(46.9175,-73.6288,744.4053)	(-0.0901,-112.4701,761.4758)	(27.1834,-107.4209,752.3456)	(63.9134,-109.9216,752.1328)	(90.1827,-116.8680,756.9669)	(49.6123,-50.0794,759.4800)
(47.1140,-75.1094,746.3534)	(-0.0901,-112.4701,761.4758)	(27.0497,-108.4356,752.3275)	(63.9134,-109.6278,752.1111)	(91.6477,-117.1750,758.9695)	(49.6044,-50.0833,759.4727)
(47.1140,-75.1094,744.4000)	(-0.0940,-112.1722,759.4812)	(25.8719,-107.4248,752.3547)	(64.0306,-109.9216,752.1183)	(91.6477,-117.1750,758.9695)	(49.6044,-50.0873,759.4764)
(47.1140,-75.1133,746.3589)	(-0.0940,-112.4701,761.4758)	(27.0497,-108.4356,751.3503)	(63.9134,-109.6278,752.1111)	(91.6477,-117.1750,758.9695)	(49.6123,-50.0873,759.4872)
(47.1140,-75.1133,746.3552)	(-0.0940,-112.1722,759.4796)	(25.8758,-107.7121,752.3547)	(62.3709,-109.6278,752.1255)	(91.9429,-117.4820,758.9821)	(49.8043,-51.5357,761.4510)
(47.1101,-73.8216,746.3696)	(-0.0940,-112.1722,759.4812)	(27.0497,-108.4356,752.3293)	(63.9134,-109.6278,752.1274)	(91.6437,-117.1750,758.9622)	(49.8003,-50.2142,761.4638)
(47.1140,-75.1172,746.3820)	(-0.0940,-112.1722,759.4812)	(27.1834,-107.4209,752.3547)	(63.9134,-109.6356,752.1309)	(91.6477,-117.1750,758.9695)	(49.8003,-50.2142,761.4657)
(47.1140,-75.1133,746.3624)	(-0.0940,-112.4701,761.4758)	(27.1874,-108.7263,752.3365)	(62.3709,-109.6278,752.1400)	(91.6477,-117.1750,758.9695)	(49.8003,-50.2142,761.4638)
(47.1140,-75.1133,746.3605)	(-0.0940,-112.1722,759.4812)	(25.8758,-107.7121,754.3400)	(63.9134,-109.6278,752.1309)	(90.3266,-117.1710,758.9441)	(48.2877,-50.0873,759.4819)
(47.1140,-75.1133,746.3643)	(-0.0901,-112.4701,761.4758)	(25.8758,-107.7121,752.3547)	(63.9134,-109.9216,752.1328)	(90.3188,-116.8719,756.9868)	(48.2877,-50.0833,759.4745)
(46.9175,-73.6211,744.4000)	(-0.0901,-112.4701,761.4758)	(27.2523,-107.7081,752.3456)	(63.9134,-109.6356,752.1237)	(91.9390,-117.1750,758.9767)	(48.2877,-50.0833,759.4727)
(46.9213,-74.9092,744.3820)	(-0.0940,-112.1722,759.4777)	(25.8758,-108.7303,752.3456)	(62.3709,-109.6278,751.1557)	(90.3266,-117.1710,758.9514)	(48.2877,-50.0833,759.4727)
(46.9175,-73.6211,744.3926)	(-0.0940,-112.1722,759.4777)	(27.1874,-108.4356,751.3503)	(62.6019,-109.6278,752.1237)	(91.9429,-117.1750,758.9821)	(49.6044,-50.0873,759.4727)
(47.1140,-75.1133,746.3571)	(-0.0901,-112.4701,761.4758)	(27.0497,-108.4356,752.3275)	(62.3709,-109.6278,752.1237)	(91.6477,-117.1750,758.9767)	(49.6123,-50.0873,759.4908)
(47.1140,-75.1172,746.3732)	(-0.0940,-112.4701,761.4758)	(27.0497,-108.4356,751.3503)	(62.6019,-109.6278,752.1346)	(91.6477,-117.1750,758.9695)	(49.8043,-51.5357,761.4619)
(47.1140,-75.1172,746.3767)	(-0.0940,-112.4701,761.4758)	(27.0497,-108.4356,752.3293)	(63.9134,-109.6356,752.1328)	(91.6477,-117.1750,758.9695)	(49.8043,-51.5357,761.4622)
(47.1140,-75.1172,746.3804)	(-0.0940,-112.1722,759.4812)	(27.2523,-107.7081,754.3328)	(63.9134,-109.9256,752.1328)	(91.6477,-117.1750,758.9695)	(48.4802,-50.2182,761.4730)
(47.1101,-73.8178,746.3661)	(-0.0940,-112.4701,761.4758)	(25.8758,-108.7303,752.3494)	(62.3709,-109.6356,752.1400)	(91.9390,-117.1790,758.9713)	(48.4802,-50.2182,761.4711)
(46.9213,-74.9209,746.3589)	(-1.3577,-112.4740,761.4853)	(27.1874,-108.4356,752.3312)	(63.4563,-110.9337,752.1130)	(91.6477,-117.1750,758.9695)	(48.4762,-50.2182,761.4692)
(46.9175,-73.6288,746.3640)	(-0.0940,-112.1722,759.4812)	(27.1834,-107.4209,752.3438)	(63.9134,-109.6278,752.1274)	(91.6437,-117.1710,758.9568)	(48.2877,-50.0913,759.4891)
(46.9213,-74.9131,744.3893)	(-0.0940,-112.1722,759.4812)	(27.2523,-107.7081,752.3475)	(63.9134,-109.6278,752.1202)	(91.6437,-117.1750,758.9695)	(49.6044,-50.0873,759.4745)
(46.9175,-73.6211,744.3875)	(-0.0901,-112.1722,759.4812)	(27.1874,-108.4356,751.3522)	(62.6019,-109.6356,752.1274)	(91.6437,-117.1750,758.9695)	(49.6044,-50.0794,759.4654)
(46.9213,-74.9131,744.3891)	(-0.0901,-112.1722,759.4812)	(27.1874,-108.4356,751.3522)	(63.9134,-109.9216,752.1274)	(91.9390,-117.1750,758.9695)	(48.2877,-50.0833,759.4745)
(46.9175,-73.6288,746.3552)	(-0.0940,-112.4701,761.4739)	(25.8758,-108.4396,752.3438)	(63.9134,-109.6356,752.1237)	(90.3305,-117.1710,758.9514)	(48.2877,-50.0873,759.4819)
(47.1140,-75.1172,746.3749)	(-0.0940,-112.4701,761.4758)	(27.0497,-108.4356,751.3503)	(62.6019,-109.6356,752.1418)	(91.6477,-117.1750,758.9695)	(49.8043,-51.5357,761.4565)
(47.1140,-75.1172,746.3785)	(-0.0940,-112.1722,759.4812)	(27.2523,-107.7081,754.3309)	(63.6829,-109.9216,752.1328)	(91.9390,-117.1750,758.9695)	(48.4802,-50.2182,761.4727)
(47.1140,-75.1172,746.3839)	(-0.0901,-112.4701,761.4758)	(27.2523,-107.7081,754.3309)	(63.9134,-109.9256,752.1400)	(91.6477,-117.1750,758.9695)	(49.7924,-50.2142,761.4638)
(47.1140,-75.1172,746.3820)	(-0.0901,-112.4701,761.4758)	(27.2523,-107.7081,754.3328)	(63.9134,-109.9216,752.1328)	(91.9390,-117.1790,758.9713)	(48.4802,-50.2182,761.4711)
(47.1140,-75.1172,746.3767)	(-0.0940,-112.1722,759.4777)	(27.0497,-108.4356,752.3293)	(63.9134,-109.6278,752.1309)	(91.9390,-117.1790,758.9713)	(49.8003,-50.2142,761.4619)
(47.1140,-75.1172,746.3571)	(-0.0901,-112.4701,761.4758)	(27.1874,-107.7081,752.3475)	(62.6019,-109.6356,752.1274)	(91.6437,-117.1750,758.9641)	(49.7964,-50.2063,759.4946)
(46.9175,-73.6172,744.3854)	(1.0758,-113.4902,759.4739)	(27.0497,-108.4356,751.3503)	(63.9134,-109.6435,752.1274)	(91.6437,-117.1710,758.9568)	(48.2877,-50.0833,759.4745)
(46.9213,-74.9131,744.3875)	(-0.0940,-112.1722,759.4812)	(27.1834,-107.4209,752.3365)	(63.9134,-109.9216,752.1274)	(91.9390,-117.1750,758.9641)	(49.6044,-50.0794,759.4745)
(47.1140,-75.1172,746.3677)	(-0.0901,-112.4701,761.4758)	(27.1834,-107.4209,752.3438)	(63.9134,-109.9216,752.1274)	(91.9390,-117.1750,758.9695)	(49.6123,-50.0873,761.4365)
(47.1140,-75.1172,746.3785)	(-0.0940,-112.4701,761.4758)	(27.0497,-108.4356,752.3293)	(63.4524,-110.9337,752.1058)	(91.6477,-117.1750,758.9695)	(49.8043,-51.5357,761.4584)
(47.1140,-75.1172,746.3751)	(-0.0901,-112.1722,759.4812)	(27.2523,-107.7081,752.3456)	(63.9134,-109.9256,752.1400)	(91.6437,-117.1710,758.9568)	(48.2916,-51.4014,759.4708)
(47.1140,-75.1172,746.3767)	(-0.0940,-112.1722,759.4812)	(27.2523,-107.7081,754.3328)	(62.6019,-109.6356,752.1453)	(91.9390,-117.1750,758.9695)	(49.8003,-50.2142,761.4603)
(46.9175,-73.6288,746.3643)	(-1.3577,-112.4740,761.4832)	(27.1874,-108.4356,752.3275)	(62.6019,-109.9216,752.1418)	(91.6477,-117.1750,758.9695)	(49.8003,-50.2142,761.4638)
(46.9213,-75.1094,744.4053)	(-0.0901,-112.4701,761.4758)	(27.0497,-108.4356,751.3431)	(62.6019,-109.6356,752.1274)	(91.6437,-117.1671,758.9495)	(49.6083,-50.0873,759.4800)
(46.9213,-74.9131,744.3875)	(-0.0901,-112.1722,759.4812)	(27.0497,-108.4356,751.3503)	(63.9134,-109.6278,752.1183)	(91.6437,-117.1710,758.9568)	(49.6044,-50.0794,759.4673)
(47.1140,-75.1133,746.3624)	(-0.0940,-112.1722,761.4726)	(27.1834,-107.4209,752.3438)	(62.6019,-109.6356,752.1274)	(91.9390,-117.1710,758.9568)	(48.2877,-50.0913,759.4819)
(46.9175,-73.6211,744.3820)	(-0.0940,-112.1722,759.4812)	(27.2523,-107.7081,752.3438)	(63.9134,-109.6278,752.1183)	(91.6477,-117.1750,758.9641)	(49.6044,-50.0794,759.4673)
(46.9213,-74.9209,744.3944)	(-0.0901,-112.4701,761.4758)	(27.1834,-107.4209,752.3438)	(63.9134,-109.6278,752.1183)	(91.6477,-117.1750,758.9695)	(49.6123,-50.0873,759.4819)
(47.1140,-75.1172,746.3785)	(-0.0901,-112.4701,761.4758)	(27.0497,-108.4356,752.3293)	(63.9134,-109.6278,752.1309)	(91.9390,-117.1750,758.9695)	(48.4802,-50.2182,761.4730)
(47.1140,-75.1172,746.3839)	(-0.0901,-112.4701,761.4758)	(27.2523,-107.7081,754.3328)	(63.9134,-109.9256,752.1328)	(91.6437,-117.1710,758.9622)	(48.4802,-50.2182,761.4711)
(47.1101,-73.8178,746.3714)	(-0.0940,-112.1722,759.4774)	(27.2523,-107.7081,754.3328)	(62.7173,-109.9256,752.1472)	(91.9390,-117.1710,758.9622)	(48.2877,-50.0833,759.4838)
(47.1140,-75.1172,746.3785)	(-0.0940,-112.4701,759.4774)	(25.9390,-107.7121,754.3510)	(63.9134,-109.9256,752.1328)	(91.9390,-117.1790,758.9713)	(48.4802,-50.2182,761.4711)
(47.1140,-75.1172,746.3696)	(-0.0901,-112.4701,761.4758)	(27.0536,-108.4356,752.3275)	(63.6790,-109.6278,752.1255)	(91.6477,-117.1750,758.9695)	(49.8003,-50.2142,761.4638)
(47.1140,-75.1094,746.3571)	(-0.0940,-112.1722,759.4812)	(27.1874,-108.4356,752.3293)	(63.9134,-109.6356,752.1237)	(91.6477,-117.1750,758.9695)	(48.2877,-50.0913,759.4854)
(46.9175,-73.6211,744.4034)	(-0.0940,-112.1722,759.4812)	(27.1834,-107.4209,752.3438)	(63.9134,-109.6278,752.1183)	(91.6477,-117.1750,758.9641)	(49.6044,-50.0873,759.4745)
(46.9213,-74.9131,744.3875)	(-0.0940,-112.1722,761.4726)	(27.1834,-107.4209,752.3365)	(63.9134,-109.6278,752.1237)	(91.9390,-117.1750,758.9695)	(49.6044,-50.0794,759.4689)
(47.1140,-75.1133,746.3589)	(-0.0901,-112.4701,761.4758)	(25.8758,-107.7121,752.3547)	(63.9134,-109.6278,752.1237)	(91.6477,-117.1750,758.9695)	(48.2956,-50.0913,761.4310)
(47.1140,-75.1172,746.3714)	(-0.0940,-112.4701,761.4758)	(27.0497,-108.4356,752.3293)	(63.9134,-109.9216,752.1328)	(91.6477,-117.1750,758.9695)	(49.8003,-50.2142,761.4657)
(47.1140,-75.1172,746.3820)	(-0.0901,-112.4701,761.4758)	(27.1874,-108.4356,752.3384)	(63.9134,-109.9256,752.1328)	(91.6477,-117.1750,758.9695)	(49.8043,-51.5357,761.4565)
(47.1140,-75.1172,746.3767)	(-1.3577,-112.4740,761.4832)	(25.9390,-107.7121,754.3510)	(63.9134,-109.9256,752.1400)	(91.9390,-117.1750,758.9695)	(48.4802,-50.2182,761.4692)
(47.1140,-75.1172,746.3855)	(-0.0901,-112.4701,761.4758)	(27.2523,-107.7081,752.3638)	(63.9134,-109.9256,752.1309)	(91.6477,-117.1750,758.9695)	(49.8003,-50.2142,761.4638)
(46.9175,-73.6211,746.3534)	(-0.0940,-112.4701,761.4758)	(25.7456,-108.4396,752.3312)	(63.9134,-109.9216,752.1274)	(91.6437,-117.1750,758.9695)	(49.6044,-50.0873,759.4781)
(46.9213,-74.9131,744.3857)	(-0.0940,-112.1722,761.4726)	(27.1874,-108.4356,752.3275)	(63.4524,-110.9298,751.1485)	(90.3188,-116.8680,756.9796)	(49.6044,-50.0794,759.4673)
(47.1140,-75.1094,746.3608)	(-0.0940,-112.1722,759.4793)	(27.1874,-107.7081,752.3365)	(63.9134,-109.6356,752.1274)	(91.6477,-117.1750,758.9641)	(49.6044,-50.0794,759.4654)
(46.9175,-73.6172,744.3857)	(-0.0940,-112.1722,759.4777)	(27.1874,-108.4356,752.3275)	(63.6790,-109.6278,752.1111)	(91.6437,-117.1750,758.9641)	(49.6044,-50.0794,759.4689)
(47.1140,-75.1172,746.3714)	(-0.0940,-112.1722,759.4812)	(27.1874,-108.4356,752.3365)	(63.9134,-109.6356,752.1328)	(91.6477,-117.1750,758.9695)	(49.8043,-51.5357,761.4565)
(47.1140,-75.1172,746.3767)	(-0.0901,-112.4701,761.4758)	(27.1874,-108.7263,752.3384)	(63.9134,-109.9256,752.1400)	(91.6477,-117.1750,758.9695)	(49.8003,-50.2142,761.4638)
(47.1140,-75.1172,746.3820)	(-0.0901,-112.1722,759.4812)	(27.2523,-107.7081,754.3328)	(63.9134,-109.9256,752.1400)	(89.5939,-115.8609,758.9695)	(48.4802,-50.2182,761.4711)
(47.1140,-75.1172,746.3820)	(-0.0940,-112.1722,761.4726)	(27.1874,-108.4356,752.3365)	(63.9134,-109.9256,752.1400)	(91.6477,-117.1750,758.9641)	(49.8003,-50.2142,761.4638)
(47.1140,-75.1133,746.3605)	(-0.0940,-112.4701,761.4758)	(27.1834,-107.4209,752.3456)	(63.9134,-109.6278,752.1309)	(91.6477,-117.1750,758.9695)	(49.8003,-50.2142,761.4619)
(47.1140,-75.1172,746.3696)	(-0.0901,-112.1722,759.4812)	(27.0497,-108.4356,751.3503)	(63.9134,-109.6356,752.1237)	(91.6437,-117.1671,758.9495)	(49.6123,-50.0873,759.4838)
(46.9175,-73.6211,744.3875)	(-0.0940,-112.1722,759.4777)	(25.8758,-107.7121,754.3381)	(63.9134,-109.6356,752.1274)	(91.6437,-117.1710,758.9568)	(49.6044,-50.0794,759.4708)
(46.9213,-74.9131,744.3891)	(-0.0901,-112.1722,759.4812)	(27.0497,-108.4356,751.3503)	(63.9134,-109.9256,752.1274)	(90.3227,-116.8680,756.9868)	(49.6044,-50.0794,759.4673)
(46.9213,-74.9131,744.3909)	(-0.0940,-112.1722,761.4726)	(27.1874,-108.4356,751.3503)	(63.6790,-109.6278,752.1111)	(91.6437,-117.1710,758.9568)	(48.2877,-50.0833,759.4745)
(47.1140,-75.1133,746.3608)	(-0.0901,-112.4701,761.4758)	(27.1874,-107.7081,752.3438)	(63.9134,-109.9216,752.1328)	(91.6437,-117.1750,758.9622)	(49.6083,-51.3974,759.4692)
(47.1140,-75.1172,746.3767)	(-0.0901,-112.4701,761.4758)	(27.0497,-108.4356,752.3293)	(62.6019,-109.6356,752.1400)	(91.6477,-117.1750,758.9695)	(49.8003,-50.2142,761.4638)
(47.1140,-75.1172,746.3714)	(-0.0901,-112.1722,761.4726)	(27.1874,-107.7081,752.3547)	(63.9134,-109.9256,752.1400)	(91.6437,-117.1710,758.9622)	(49.8043,-51.5317,761.4529)
(47.1140,-75.1172,746.3820)	(-0.0861,-112.4701,761.4758)	(27.1874,-108.7263,752.3403)	(63.9134,-109.9256,752.1472)	(91.6477,-117.1710,758.9622)	(49.7924,-50.2103,761.4600)
(47.1140,-75.1172,746.3714)	(-0.0901,-112.4701,761.4758)	(27.1874,-108.7263,752.3365)	(62.1517,-110.9337,752.1183)	(91.6477,-117.1750,758.9695)	(49.8003,-50.2142,761.4654)
(47.1140,-75.1172,746.3661)	(-0.0940,-112.4701,761.4758)	(27.1874,-108.7263,752.3384)	(63.9134,-109.9216,752.1328)	(91.6477,-117.1750,758.9695)	(49.8003,-50.2142,761.4638)
(47.1140,-75.1094,746.3605)	(-0.0940,-112.1722,759.4812)	(27.0497,-108.4356,752.3275)	(63.9134,-109.9216,752.1328)	(91.6437,-117.1750,758.9641)	(49.6123,-50.0873,759.4872)
(46.9213,-74.9131,744.3838)	(-0.0901,-112.1722,759.4812)	(27.2523,-107.7081,752.3475)	(63.9134,-109.6356,752.1183)	(91.6437,-117.1750,758.9641)	(49.6044,-50.0794,759.4727)
(46.9175,-73.6211,744.3944)	(-0.0901,-112.1722,759.4812)	(27.1874,-108.4356,751.3503)	(63.9134,-109.9216,752.1274)	(91.6437,-117.1750,758.9695)	(49.6044,-50.0794,759.4616)
(46.9213,-74.9131,744.3891)	(-0.0940,-112.1722,759.4812)	(27.1874,-107.7081,752.3438)	(62.3709,-109.6278,751.1557)	(91.6477,-117.1710,758.9568)	(49.6083,-51.3974,759.4600)
(47.1140,-75.1172,746.3661)	(-0.0901,-112.4701,761.4758)	(27.0497,-108.4356,751.3503)	(62.6019,-109.9216,752.1183)	(91.6477,-117.1750,758.9695)	(49.6044,-50.0873,759.4781)
(47.1140,-75.1172,746.3696)	(-0.0940,-112.4701,761.4758)	(27.1874,-108.4356,751.3503)	(62.6019,-109.9216,752.1346)	(90.3266,-117.1710,758.9441)	(48.4802,-50.2182,761.4730)
(47.1140,-75.1172,746.3820)	(-0.0901,-112.4701,761.4758)	(27.1874,-107.7081,754.3309)	(63.9134,-109.6356,752.1328)	(91.9390,-117.1750,758.9695)	(48.4802,-50.2182,761.4711)
(47.1140,-75.1172,746.3767)	(-0.0901,-112.4701,761.4758)	(27.2523,-107.7081,754.3328)	(62.6019,-109.9216,752.1472)	(91.6437,-117.1750,758.9622)	(49.8003,-50.2142,761.4638)
(47.1140,-75.1133,746.3605)	(-0.0940,-112.4701,761.4758)	(27.0536,-108.4356,752.3365)	(63.9134,-109.6278,752.1309)	(91.9390,-117.1750,758.9767)	(49.8003,-50.2142,761.4638)
(47.1140,-75.1172,746.3661)	(-1.3577,-112.7719,763.4797)	(27.1874,-108.4356,752.3275)	(63.9134,-109.6278,752.1274)	(91.6437,-117.1750,758.9641)	(48.2877,-50.0873,759.4835)
(46.9213,-74.9170,744.3947)	(-0.0901,-112.4701,761.4758)	(27.1874,-107.7081,752.3456)	(63.9134,-109.9216,752.1183)	(91.6437,-117.1710,758.9568)	(48.2916,-51.4014,759.4656)
(46.9213,-74.9131,744.3909)	(-0.0940,-112.1722,759.4777)	(27.2523,-107.7081,752.3456)	(63.6790,-109.6278,751.1485)	(91.6437,-117.1710,758.9568)	(49.6044,-50.0794,759.4708)
(47.1140,-75.1172,746.3605)	(-0.0940,-112.1722,759.4777)	(27.0497,-108.4356,751.3503)	(63.9134,-109.9216,752.1274)	(91.6477,-117.1750,758.9695)	(48.2877,-50.0873,759.4781)
(47.1140,-75.1172,746.3732)	(-0.0940,-112.4701,761.4758)	(27.2523,-107.7081,752.3566)	(62.6019,-109.9216,752.1274)	(90.3266,-117.1710,756.9922)	(49.6044,-50.0794,759.4745)
(46.9175,-73.6288,746.3571)	(-0.0940,-112.4701,761.4758)	(25.9390,-107.7121,754.3510)	(62.3709,-109.6278,752.1274)	(90.3227,-117.1710,756.9941)	(48.4802,-50.2182,761.4673)
(47.1101,-73.8178,746.3643)	(-0.0940,-112.4701,761.4758)	(27.1874,-108.4356,751.3503)	(63.9134,-109.9216,752.1346)	(91.6477,-117.1750,758.9695)	(48.4802,-50.2182,761.4765)
(47.1140,-75.1172,746.3785)	(-0.0940,-112.4701,761.4761)	(27.1874,-108.4356,752.3365)	(63.9134,-109.9216,752.1328)	(91.6477,-117.1750,758.9695)	(49.8003,-50.2142,761.4638)
(46.9175,-73.6288,746.3624)	(-0.0940,-112.4701,761.4758)	(27.0497,-108.4356,751.3503)	(63.9134,-109.6278,752.1255)	(91.6398,-117.1750,758.9622)	(49.8003,-50.2142,761.4603)
(46.9175,-73.6211,744.4087)	(-0.0901,-112.4701,761.4758)	(27.1874,-107.7081,752.3456)	(63.9134,-109.6356,752.1274)	(91.6437,-117.1750,758.9622)	(49.7924,-50.0873,761.4510)
(46.9213,-74.9209,744.3981)	(-0.0901,-112.4701,761.4758)	(27.1834,-107.4209,752.3475)	(63.9134,-109.9216,752.1111)	(91.6437,-117.1710,756.9922)	(48.2956,-50.0873,759.4838)
(46.9175,-73.6211,744.4000)	(-0.0901,-112.4701,761.4758)	(27.1874,-107.7081,752.3456)	(63.9134,-109.9216,752.1237)	(91.6437,-117.1710,758.9568)	(48.2956,-50.0833,759.4816)
(47.1140,-75.1172,746.3767)	(-0.0940,-112.4701,761.4758)	(25.8758,-107.7121,754.3400)	(63.9134,-109.6356,752.1202)	(90.3188,-116.8719,756.9814)	(48.2956,-50.0913,761.4565)
(47.1140,-75.1172,746.3714)	(-0.0901,-112.1722,759.4812)	(27.1874,-108.7263,752.3403)	(62.6019,-109.6278,752.1255)	(91.6437,-117.1750,758.9622)	(48.2916,-51.4014,759.4692)
(47.1140,-75.1172,746.3785)	(-0.0940,-112.1722,759.4812)	(27.0497,-108.4356,751.3522)	(62.6019,-109.9216,752.1472)	(90.3266,-117.1710,758.9333)	(49.6083,-50.0794,759.4764)
(47.1140,-75.1172,746.3767)	(-0.0940,-112.4701,761.4758)	(27.0497,-108.4356,751.3503)	(63.9134,-109.9216,752.1400)	(91.6477,-117.1750,758.9622)	(49.7924,-50.2103,761.4527)
(47.1140,-75.1172,746.3749)	(-0.0940,-112.4701,761.4758)	(27.0497,-108.4356,751.3503)	(63.9134,-109.9216,752.1328)	(91.6477,-117.1750,758.9622)	(49.7924,-50.2103,761.4527)
(47.1140,-75.1172,746.3732)	(-0.0901,-112.4701,761.4758)	(27.0536,-108.4356,752.3384)	(63.9134,-109.6278,752.1237)	(91.6477,-117.1750,758.9622)	(48.4762,-50.2182,761.4657)
(47.1140,-75.1172,746.3714)	(-0.0901,-112.4701,761.4758)	(25.8758,-108.4396,752.3312)	(62.3709,-109.6278,751.1557)	(90.3227,-117.1710,758.9387)	(49.8003,-50.2142,761.4565)
(46.9175,-73.6288,746.3587)	(-0.0901,-112.4701,761.4758)	(27.1874,-108.4356,751.3503)	(63.6790,-109.6278,752.1202)	(91.6477,-117.1750,758.9695)	(49.6123,-50.0873,759.4891)
(47.1140,-75.1094,746.3517)	(-0.0901,-112.4701,761.4758)	(27.1874,-108.4356,751.3431)	(63.6790,-109.6278,752.1183)	(91.6477,-117.1750,758.9641)	(48.2956,-50.0873,759.4908)
(47.1140,-75.1172,746.3732)	(-0.0901,-112.4701,761.4758)	(27.1874,-108.4356,752.3384)	(63.6790,-109.6278,752.1111)	(91.6477,-117.1750,758.9641)	(48.4802,-50.2142,761.4657)
(47.1140,-75.1172,746.3714)	(-0.0940,-112.1722,759.4777)	(27.2523,-107.7081,752.3547)	(63.9134,-109.9216,752.1328)	(90.3227,-117.1710,756.9922)	(48.4802,-50.2182,761.4692)
(47.1140,-75.1172,746.3767)	(-0.0940,-112.4701,761.4758)	(27.0497,-108.4356,751.3503)	(63.9134,-109.9256,752.1328)	(91.6437,-117.1750,758.9622)	(49.7924,-50.2142,761.4600)
(47.1140,-75.1172,746.3802)	(-0.0901,-112.4701,761.4758)	(27.0497,-108.4356,751.3503)	(63.9134,-109.9216,752.1418)	(91.6437,-117.1710,758.9568)	(48.2956,-50.0873,759.4872)
(47.1101,-73.8178,746.3749)	(-0.0901,-112.4701,761.4758)	(25.8758,-108.4396,752.3456)	(63.9134,-109.9216,752.1346)	(91.6437,-117.1710,758.9568)	(49.7964,-50.2142,761.4546)
(47.1140,-75.1172,746.3749)	(-0.0901,-112.4701,761.4758)	(25.8758,-107.7121,754.3472)	(63.9134,-109.6356,752.1237)	(91.6437,-117.1750,758.9695)	(49.7964,-50.2063,761.4473)
(46.9175,-73.6211,744.4034)	(-0.0901,-112.4701,761.4758)	(27.1874,-107.7081,752.3566)	(62.6019,-109.6356,751.1557)	(91.6477,-117.1750,758.9622)	(48.2956,-50.0873,759.4854)
(47.1140,-75.1172,746.3571)	(-0.0901,-112.4701,761.4758)	(27.2523,-107.7081,752.3475)	(63.6790,-109.6278,752.1237)	(91.6477,-117.1750,758.9695)	(48.2956,-50.0913,761.4510)
(47.1140,-75.1172,746.3749)	(-0.0901,-112.4701,761.4758)	(27.1874,-107.7081,752.3547)	(63.6790,-109.6278,752.1309)	(91.6477,-117.1750,758.9695)	(48.4802,-50.2182,761.4730)
(47.1140,-75.1172,746.3839)	(-0.0901,-112.4701,761.4758)	(27.1874,-107.7081,752.3475)	(63.9134,-109.9256,752.1400)	(91.9390,-117.1750,758.9695)	(49.8003,-50.2182,761.4730)
(47.1140,-75.1172,746.3820)	(-0.0940,-112.4701,761.4758)	(27.1874,-108.7263,752.3365)	(63.9134,-109.9256,752.1400)	(91.6437,-117.1710,758.9568)	(48.4802,-50.2182,761.4730)
(47.1140,-75.1172,746.3714)	(-0.0940,-112.4701,761.4758)	(25.8758,-108.7303,752.3456)	(62.6019,-109.9216,752.1418)	(91.6477,-117.1750,758.9622)	(49.8003,-50.2142,761.4638)
(47.1140,-75.1133,746.3661)	(-0.0901,-112.4701,761.4758)	(27.2523,-107.7081,754.3256)	(63.9134,-109.9216,752.1400)	(91.6437,-117.1750,758.9622)	(49.6201,-50.0913,759.4835)
(47.1140,-75.1172,746.3624)	(-0.0901,-112.4701,761.4758)	(25.8758,-108.7303,752.3438)	(63.9134,-109.6278,752.1255)	(91.6477,-117.1750,758.9695)	(48.2877,-50.0833,759.4745)
(46.9175,-73.6211,744.3875)	(-0.0901,-112.4701,761.4758)	(27.0497,-108.4356,751.3503)	(63.9134,-109.9216,752.1346)	(91.6437,-117.1710,758.9568)	(49.6044,-50.0794,759.4727)
(46.9213,-74.9131,744.3820)	(-0.0901,-112.1722,759.4812)	(27.1874,-108.4356,752.3293)	(63.9134,-109.6356,752.1237)	(91.6437,-117.1710,758.9568)	(48.2877,-50.0833,759.4745)
(46.9213,-74.9131,744.3841)	(-0.0901,-112.4701,761.4758)	(27.2523,-107.7081,754.3309)	(63.9134,-109.9216,752.1237)	(91.6477,-117.1750,758.9695)	(48.4762,-50.2103,761.4619)
(47.1140,-75.1172,746.3839)	(-0.0901,-112.4701,761.4758)	(27.1874,-107.7081,752.3638)	(63.9134,-109.9216,752.1400)	(91.9390,-117.1750,758.9695)	(49.8003,-50.2142,761.4619)
(47.1101,-73.8216,746.3732)	(-0.0901,-112.4701,761.4758)	(27.2523,-107.7081,754.3328)	(63.9173,-110.2194,754.1231)	(91.9390,-117.1750,758.9695)	(48.2956,-50.0833,759.4762)
(47.1140,-75.1172,746.3804)	(-0.0861,-112.4701,761.4758)	(27.2523,-107.7081,754.3309)	(63.9134,-109.9256,752.1400)	(90.3227,-116.8719,758.9441)	(48.4802,-50.2182,761.4695)
(47.1140,-75.1172,746.3714)	(-0.0901,-112.4701,761.4758)	(27.1874,-108.4356,752.3275)	(63.9134,-109.9256,752.1400)	(91.6477,-117.1750,758.9641)	(49.8003,-50.2142,761.4638)
(46.9175,-73.6249,746.3640)	(-0.0901,-112.4701,761.4758)	(27.1874,-108.4356,752.3293)	(63.9134,-109.9216,752.1346)	(91.6437,-117.1750,758.9622)	(48.2916,-51.4053,759.4745)
(46.9213,-74.9131,744.3947)	(-0.0901,-112.4701,761.4758)	(27.1874,-107.7081,752.3475)	(63.9134,-109.6356,752.1274)	(91.6437,-117.1710,758.9568)	(49.7924,-50.2063,759.4835)
(47.1140,-75.1094,746.3587)	(-0.0940,-112.1722,759.4777)	(27.1834,-107.4209,752.3456)	(63.9134,-109.6278,752.1183)	(91.6437,-117.1710,758.9568)	(49.6044,-50.0794,759.4689)
(46.9175,-73.6211,744.4087)	(-0.0901,-112.1722,759.4812)	(27.1874,-108.4356,752.3275)	(63.9134,-109.6278,752.1183)	(91.6477,-117.1710,758.9568)	(49.6044,-50.0794,759.4673)
(46.9213,-74.9131,744.3875)	(-0.0901,-112.4701,761.4758)	(27.1874,-107.7081,752.3456)	(63.9134,-109.6356,752.1237)	(91.9390,-117.1750,758.9767)	(49.6044,-50.0794,759.4745)
(47.1101,-73.8216,746.3696)	(-0.0901,-112.4701,761.4758)	(27.1874,-108.4356,752.3293)	(63.9134,-109.6278,752.1309)	(91.6477,-117.1750,758.9641)	(49.8003,-50.2142,761.4657)
(47.1140,-75.1172,746.3820)	(-0.0901,-112.1722,759.4812)	(27.1874,-108.4356,752.3240)	(63.9134,-109.9256,754.1212)	(91.6477,-117.1750,758.9695)	(48.4762,-50.2182,761.4657)
(47.1140,-75.1172,746.3785)	(-0.0901,-112.1722,761.4726)	(27.1874,-108.7263,752.3384)	(63.9134,-109.9256,752.1418)	(91.9390,-117.1750,758.9641)	(48.4723,-50.0833,759.4872)
(47.1140,-75.1172,746.3802)	(-0.0940,-112.1722,759.4812)	(27.1874,-108.4356,751.3522)	(63.9134,-109.9295,752.1472)	(91.6437,-117.1710,758.9568)	(49.7964,-50.2142,761.4619)
(47.1140,-75.1172,746.3767)	(-0.0901,-112.4701,761.4758)	(27.1874,-108.4356,752.3275)	(63.9134,-109.9216,752.1328)	(91.6437,-117.1710,758.9568)	(49.8003,-50.2142,761.4657)
(46.9213,-74.9209,746.3534)	(-0.0901,-112.4701,761.4758)	(27.1874,-108.4356,752.3312)	(63.9134,-109.6356,752.1328)	(91.6437,-117.1710,758.9568)	(49.6044,-50.0873,759.4762)
(46.9213,-74.9131,744.3891)	(-0.0901,-112.1722,759.4812)	(27.1834,-107.4209,752.3438)	(63.9134,-109.6278,752.1255)	(91.6437,-117.1710,758.9568)	(49.7924,-50.0913,759.4835)
(46.9175,-73.6211,744.4140)	(-0.0940,-112.1722,759.4777)	(25.8758,-108.4396,751.3594)	(64.0306,-109.9256,752.1328)	(90.3188,-116.8680,756.9742)	(48.2877,-50.0833,759.4745)
(46.9175,-73.6211,744.3981)	(-0.0901,-112.1722,761.4726)	(27.1874,-107.7081,752.3475)	(63.9134,-109.9216,752.1274)	(91.2137,-116.1605,759.0002)	(49.6044,-50.0794,759.4673)
(46.9175,-73.6211,744.4087)	(-0.0861,-112.4701,761.4761)	(27.1874,-108.4356,751.3503)	(63.9134,-109.6356,752.1202)	(91.9390,-117.1750,758.9641)	(48.2877,-50.0873,759.4819)
(47.1140,-75.1172,746.3785)	(-0.0940,-112.1722,759.4812)	(27.0497,-108.4356,752.3275)	(63.9134,-109.9216,752.1400)	(91.6477,-117.1750,758.9622)	(49.8043,-51.5357,761.4565)
(47.1101,-73.8216,746.3749)	(-0.0901,-112.1722,759.4793)	(27.1874,-108.7263,752.3384)	(63.9134,-109.9256,754.1193)	(91.9390,-117.1750,758.9695)	(48.4723,-50.2182,761.4673)
(47.1140,-75.1172,746.3749)	(-0.0940,-112.1722,759.4793)	(27.1874,-107.7081,752.3566)	(62.6019,-109.9256,752.1472)	(91.6437,-117.1710,758.9568)	(48.2956,-51.4014,759.4673)
(47.1101,-73.8216,746.3783)	(-0.0901,-112.1722,759.4812)	(27.1874,-107.7081,752.3475)	(63.9134,-109.9256,752.1400)	(91.6477,-117.1710,758.9622)	(49.8003,-50.2142,761.4619)
(46.9175,-73.8139,746.3677)	(-0.0940,-112.4701,761.4758)	(27.0536,-108.4356,751.3503)	(63.9134,-109.9256,752.1418)	(91.6477,-117.1750,758.9641)	(49.7924,-50.2103,761.4527)
(46.9213,-74.9209,744.3981)	(-0.0901,-112.4701,761.4758)	(27.2523,-107.7081,754.3256)	(62.6019,-109.9216,752.1400)	(90.3227,-116.8680,756.9796)	(49.6044,-50.0873,759.4762)
(47.1140,-75.1172,746.3661)	(-0.0901,-112.1722,759.4812)	(27.0497,-108.4356,752.3275)	(63.9134,-109.6278,752.1274)	(91.6437,-117.1710,758.9568)	(48.4723,-50.0913,759.4854)
(46.9175,-73.6211,744.3981)	(-0.0940,-112.1722,759.4777)	(27.0497,-108.4356,751.3522)	(63.9134,-109.9216,752.1328)	(91.6437,-117.1710,756.9922)	(48.2877,-50.0833,759.4745)
(46.9213,-74.9131,746.3446)	(-0.0901,-112.4701,761.4758)	(27.0497,-108.4356,752.3275)	(62.6019,-109.9216,752.1237)	(91.9390,-117.1750,758.9641)	(49.6044,-50.0794,759.4673)
(47.1140,-75.1133,746.3605)	(-0.0901,-112.4701,761.4758)	(27.0497,-108.4356,751.3503)	(63.9134,-109.6278,752.1183)	(91.6477,-117.1750,758.9695)	(49.7964,-50.2103,761.4565)
(47.1101,-73.8216,746.3820)	(-0.0940,-112.4701,761.4758)	(27.1874,-107.7081,752.3475)	(63.9134,-109.9216,752.1400)	(91.6477,-117.1750,758.9641)	(49.8003,-50.2142,761.4657)
(45.8198,-75.1211,746.3785)	(-0.0901,-112.4701,761.4758)	(27.1874,-108.4356,752.3384)	(62.6019,-109.9256,754.1212)	(91.6437,-117.1671,758.9495)	(48.2916,-50.0833,759.4819)
(47.1101,-73.8216,746.3767)	(-0.0940,-112.1722,759.4812)	(27.1874,-108.4356,752.3312)	(63.9134,-109.9256,752.1418)	(91.6437,-117.1671,758.9495)	(49.6123,-50.0794,759.4800)
(47.1140,-75.1172,746.3730)	(-0.0901,-112.4701,761.4758)	(27.1874,-108.4356,752.3275)	(63.9134,-109.9216,752.1328)	(91.6477,-117.1750,758.9622)	(49.8043,-51.5357,761.4510)
(46.9213,-74.9131,744.3891)	(-0.0901,-112.4701,761.4758)	(27.1874,-107.7081,752.3547)	(63.9134,-109.6278,752.1237)	(91.6477,-117.1750,758.9641)	(48.2877,-50.0833,759.4745)
(46.9175,-73.6211,746.3534)	(-0.0901,-112.4701,761.4758)	(25.8719,-107.4248,752.3547)	(63.9134,-109.6278,752.1274)	(90.3227,-116.8680,756.9742)	(49.6044,-50.0794,759.4673)
(46.9213,-74.9131,744.4053)	(-0.0901,-112.1722,761.4726)	(27.1874,-108.4356,751.3503)	(63.9134,-109.9216,752.1255)	(91.6437,-117.1710,758.9568)	(49.6044,-50.0794,759.4673)
(47.1140,-75.1172,746.3714)	(-0.0901,-112.4701,761.4758)	(27.1874,-108.4356,751.3503)	(63.9134,-109.6278,752.1183)	(91.6477,-117.1750,758.9622)	(49.7924,-50.2103,761.4527)
(47.1140,-75.1172,746.3714)	(-0.0940,-112.4701,761.4758)	(27.1874,-108.4356,752.3275)	(62.6019,-109.9256,752.1472)	(91.2176,-116.1605,758.9948)	(48.6647,-50.3451,761.4876)
(47.1140,-75.1172,746.3820)	(-0.0901,-112.4701,761.4758)	(27.1874,-108.7263,752.3403)	(63.9134,-109.9256,754.1140)	(90.3227,-116.8719,758.9441)	(48.4802,-50.2182,761.4711)
(45.8198,-75.1211,746.3820)	(-0.0901,-112.1722,759.4812)	(27.1874,-108.7263,752.3403)	(63.9134,-109.9256,752.1418)	(91.6477,-117.1750,758.9695)	(48.4802,-50.2182,761.4711)
(47.1140,-75.1172,746.3802)	(-0.0940,-112.1722,761.4726)	(27.1874,-108.7263,752.3365)	(63.9134,-109.9216,752.1328)	(91.6477,-117.1750,758.9695)	(49.8003,-50.2182,761.4692)
(47.1140,-75.1133,746.3624)	(-0.0901,-112.4701,761.4758)	(27.1874,-107.7081,752.3566)	(63.9134,-109.6278,752.1274)	(91.6437,-117.1750,758.9622)	(48.4762,-50.2142,761.4673)
(46.9175,-73.6211,746.3552)	(-0.0940,-112.4701,761.4758)	(25.8758,-107.7121,752.3619)	(64.0306,-109.9216,752.1255)	(91.6477,-117.1750,758.9641)	(49.6044,-50.0794,759.4689)
(46.9175,-73.6211,744.3838)	(-0.0940,-112.1722,761.4726)	(27.1874,-108.4356,752.3275)	(63.9134,-109.9177,752.1274)	(91.9390,-117.1750,758.9695)	(49.6044,-50.0794,759.4689)
(46.9213,-74.9131,744.4053)	(-0.0901,-112.4701,761.4758)	(27.2523,-107.7081,752.3475)	(63.9134,-109.9177,752.1255)	(91.6477,-117.1710,758.9568)	(49.6083,-51.3974,759.4581)
(47.1140,-75.1172,746.3751)	(-0.0901,-112.4701,761.4758)	(27.1874,-107.7081,752.3566)	(63.9134,-109.9216,752.1346)	(92.9609,-117.4780,758.9749)	(48.4762,-50.2182,761.4657)
(47.1101,-73.8216,746.3730)	(-0.0901,-112.4701,761.4758)	(27.2523,-107.7081,752.3475)	(63.9134,-109.9256,752.1472)	(90.3266,-117.1710,758.9441)	(49.9883,-50.3491,763.4510)
(47.1140,-75.1172,746.3749)	(-0.0901,-112.4701,761.4758)	(27.0497,-108.4356,752.3275)	(63.9134,-109.9256,752.1400)	(91.9390,-117.1750,758.9641)	(49.9923,-50.3491,763.4584)
(47.1101,-73.8216,746.3767)	(-0.0901,-112.4701,761.4758)	(27.0536,-108.4356,752.3275)	(63.9134,-109.9256,752.1400)	(91.6477,-117.1750,758.9641)	(49.8082,-50.2182,761.4711)
(46.9213,-75.1133,746.3624)	(-1.3577,-112.4740,761.4853)	(27.1834,-107.4209,752.3475)	(62.6019,-109.9216,752.1418)	(91.6477,-117.1750,758.9695)	(48.4802,-50.2182,761.4692)
(47.1140,-75.1172,746.3696)	(-0.0901,-112.4701,761.4761)	(27.1874,-108.4356,751.3503)	(63.9134,-109.6278,752.1183)	(91.6437,-117.1750,758.9622)	(49.6123,-51.4053,759.4727)
(47.1140,-75.1094,746.3605)	(-0.0901,-112.4701,761.4758)	(27.1874,-107.7081,752.3456)	(63.9134,-109.6356,752.1183)	(91.9390,-117.1750,758.9641)	(49.6044,-50.0873,759.4800)
(46.9213,-74.9131,744.3947)	(-0.0901,-112.4701,761.4758)	(27.1834,-107.4209,752.3438)	(63.9134,-109.9256,752.1328)	(91.6437,-117.1710,758.9568)	(49.6044,-50.0794,759.4727)
(47.1140,-75.1172,746.3783)	(-0.0901,-112.4701,761.4758)	(27.1834,-107.4209,752.3547)	(63.9134,-109.9216,752.1328)	(91.6477,-117.1750,758.9622)	(49.6044,-50.0873,759.4781)
(47.1140,-75.1172,746.3767)	(-0.0901,-112.4701,761.4758)	(27.1874,-108.4356,751.3522)	(63.9134,-109.9216,752.1328)	(91.6437,-117.1671,758.9495)	(48.4762,-50.2103,761.4619)
(47.1140,-75.1133,746.3624)	(-0.0901,-112.1722,759.4777)	(27.1874,-107.7081,752.3475)	(63.9134,-109.9256,754.1140)	(91.6477,-117.1750,758.9622)	(49.8043,-51.5357,761.4546)
(47.1140,-75.1172,746.3714)	(-0.0901,-112.4701,761.4758)	(27.2523,-107.7081,752.3456)	(63.9134,-109.9256,752.1418)	(91.6477,-117.1750,758.9622)	(49.8003,-50.2182,761.4657)
(47.1140,-75.1172,746.3696)	(-1.3577,-112.4740,761.4853)	(27.0536,-108.4356,751.3522)	(62.6019,-109.9216,752.1418)	(91.6477,-117.1750,758.9641)	(49.8082,-50.3451,763.4293)
(47.1140,-75.1133,746.3605)	(-0.0940,-112.4701,761.4758)	(27.1874,-107.7081,752.3547)	(62.3709,-109.6278,752.1255)	(91.6437,-117.1750,758.9622)	(49.8003,-50.2142,761.4603)
(47.1140,-75.1172,746.3679)	(-0.0901,-112.4701,761.4758)	(27.0497,-108.4356,751.3503)	(62.6019,-109.6278,752.1274)	(91.6437,-117.1710,758.9568)	(49.6123,-50.0873,761.4384)
(47.1140,-75.1094,746.3624)	(-0.0901,-112.4701,761.4761)	(27.1834,-107.4209,752.3438)	(63.9134,-109.6278,752.1274)	(91.6477,-117.1750,758.9641)	(49.6123,-50.0794,759.4800)
(47.1140,-75.1172,746.3749)	(-0.0901,-112.4701,761.4758)	(27.1874,-108.4356,752.3293)	(63.9134,-109.6356,752.1237)	(89.5900,-115.8609,758.9695)	(48.2956,-50.0873,759.4800)
(47.1140,-75.1172,746.3767)	(-0.0901,-112.4701,761.4758)	(27.1874,-107.7081,752.3547)	(63.9134,-109.9216,752.1328)	(91.6437,-117.1750,758.9622)	(49.7964,-50.2142,761.4619)
(47.1140,-75.1172,746.3698)	(-0.0901,-112.4701,761.4758)	(27.1874,-108.4356,752.3293)	(63.9134,-109.9216,752.1328)	(91.6437,-117.1750,758.9622)	(49.6123,-50.0794,761.4310)
(47.1140,-75.1172,746.3785)	(-0.0901,-112.4701,761.4758)	(27.0536,-108.4356,752.3293)	(63.9134,-109.9216,752.1400)	(91.6437,-117.1671,758.9495)	(49.8003,-50.2142,761.4600)
(47.1140,-75.1172,746.3714)	(-0.0940,-112.4701,761.4758)	(27.0497,-108.4356,751.3503)	(63.9134,-109.9216,752.1328)	(90.3266,-117.1710,756.9922)	(49.8003,-50.2142,761.4603)
(47.1140,-75.1172,746.3767)	(-0.0901,-112.4701,761.4758)	(27.0497,-108.4356,751.3503)	(63.9134,-109.9216,752.1328)	(91.6477,-117.1750,758.9622)	(49.8003,-50.2142,761.4603)
(47.1140,-75.1172,746.3767)	(-0.0901,-112.4701,761.4758)	(27.1874,-108.4356,751.3503)	(63.4563,-110.9337,752.1130)	(91.6398,-117.1750,758.9622)	(49.8003,-50.2142,761.4619)
(47.1140,-75.1172,746.3696)	(-0.0901,-112.4701,761.4758)	(27.1874,-108.7263,752.3384)	(63.9134,-109.9216,752.1274)	(91.6398,-117.1710,758.9568)	(49.6044,-50.0794,759.4745)
(47.1140,-75.1172,746.3767)	(-0.0901,-112.1722,759.4777)	(27.0536,-108.4356,752.3275)	(63.9134,-109.9216,752.1274)	(91.6437,-117.1710,758.9568)	(48.2956,-50.0873,761.4473)
(47.1140,-75.1133,746.3608)	(-1.3577,-112.7719,763.4797)	(27.1874,-108.4356,751.3503)	(63.9134,-109.9216,752.1237)	(91.6477,-117.1750,758.9695)	(49.6162,-51.5238,761.4365)
(47.1140,-75.1172,746.3749)	(-0.0901,-112.4701,761.4758)	(27.1874,-108.4356,752.3293)	(63.9134,-109.6278,752.1274)	(91.6398,-117.1710,758.9568)	(49.6044,-50.0794,759.4727)
(47.1101,-73.8178,746.3749)	(-0.0901,-112.1722,759.4812)	(27.0497,-108.4356,751.3522)	(63.9134,-109.9216,752.1328)	(91.6437,-117.1750,758.9622)	(49.7964,-50.2142,761.4584)
(47.1140,-75.1172,746.3783)	(-0.0901,-112.4701,761.4758)	(27.1874,-108.4356,752.3365)	(63.9134,-109.6278,752.1309)	(91.6437,-117.1710,758.9568)	(49.8003,-50.2142,761.4603)
(47.1140,-75.1094,746.3587)	(-0.0901,-112.1722,759.4812)	(27.1874,-108.4356,752.3275)	(63.9134,-109.9216,752.1328)	(91.6477,-117.1750,758.9641)	(49.8003,-50.2182,761.4657)
(47.1140,-75.1133,746.3608)	(-0.0901,-112.4701,761.4758)	(27.1834,-107.4209,752.3438)	(63.9134,-109.9216,752.1400)	(91.6477,-117.1750,758.9622)	(48.6687,-50.3451,763.4402)
(47.1140,-75.1172,746.3714)	(-0.0901,-112.4701,761.4758)	(27.1834,-107.4209,752.3547)	(62.6019,-109.9216,752.1346)	(91.6477,-117.1750,758.9622)	(49.7924,-50.2063,761.4510)
(47.1140,-75.1172,746.3732)	(-0.0901,-112.4701,761.4758)	(27.1874,-108.4356,752.3275)	(63.9134,-109.9216,752.1328)	(91.6477,-117.1750,758.9641)	(49.6044,-50.0794,759.4745)
(47.1140,-75.1172,746.3749)	(-0.0901,-112.1722,761.4726)	(27.0536,-108.4356,752.3365)	(63.9134,-109.6278,752.1237)	(91.6477,-117.1750,758.9641)	(49.7964,-50.2142,761.4546)
(47.1101,-73.8178,746.3746)	(-0.0940,-112.4701,761.4758)	(27.1874,-108.4356,752.3275)	(63.9134,-109.9216,752.1255)	(91.6477,-117.1750,758.9695)	(49.6044,-50.0873,759.4762)
(48.4082,-75.1133,746.3643)	(-0.0940,-112.1722,761.4726)	(27.0497,-108.4356,751.3503)	(63.9134,-109.6278,752.1274)	(91.6437,-117.1710,758.9568)	(49.8003,-50.2142,761.4565)
(46.9213,-74.9131,744.4016)	(-0.0901,-112.1722,759.4777)	(27.1874,-108.4356,752.3365)	(63.9134,-109.6356,752.1328)	(91.6477,-117.1750,758.9695)	(49.7964,-50.2103,761.4527)
(47.1101,-73.8178,746.3658)	(-0.0940,-112.1722,759.4812)	(27.1834,-107.4209,752.3475)	(63.9134,-109.9216,752.1328)	(91.6437,-117.1710,758.9568)	(48.4802,-50.2182,761.4730)
(47.1101,-73.8216,746.3749)	(-0.0901,-112.4701,761.4758)	(27.0497,-108.4356,751.3503)	(63.9134,-109.9216,752.1400)	(91.9390,-117.1750,758.9641)	(49.9883,-51.5437,761.4730)
(47.1140,-75.1172,746.3696)	(-0.0901,-112.1722,761.4726)	(27.1874,-108.4356,751.3503)	(63.9134,-109.9216,752.1328)	(91.6437,-117.1750,758.9622)	(49.8003,-50.2142,761.4600)
(47.1140,-75.1133,746.3589)	(-0.0901,-112.4701,761.4758)	(27.1874,-108.4356,752.3365)	(63.9134,-109.9216,752.1400)	(91.6398,-117.1710,758.9568)	(48.2956,-50.0833,759.4800)
(47.1140,-75.1133,746.3605)	(-0.0901,-112.4701,761.4758)	(27.1874,-107.7081,754.3309)	(63.9134,-109.9216,752.1274)	(91.6477,-117.1710,758.9568)	(49.7964,-51.5278,759.4854)
(46.9213,-74.9131,744.4087)	(-0.0901,-112.1722,759.4812)	(27.1874,-108.4356,752.3275)	(62.6019,-109.9216,752.1346)	(91.6477,-117.1750,758.9641)	(49.6044,-50.0794,759.4727)
(47.1140,-75.1133,746.3552)	(-0.0940,-112.1722,761.4726)	(27.1874,-108.4356,752.3275)	(63.9134,-109.9216,752.1328)	(91.6477,-117.1750,758.9695)	(49.6044,-50.0873,759.4743)
(47.1140,-75.1133,746.3661)	(-0.0901,-112.4701,761.4758)	(27.1834,-107.4209,752.3475)	(63.9134,-109.9216,752.1328)	(91.6437,-117.1710,758.9568)	(48.4762,-50.2142,761.4673)
(47.1140,-75.1055,746.3627)	(-0.0940,-112.1722,759.4777)	(27.1834,-107.4209,752.3475)	(63.9134,-109.9216,752.1328)	(91.6437,-117.1710,758.9568)	(49.8003,-50.2142,761.4603)
(47.1140,-75.1172,746.3767)	(-0.0901,-112.4701,761.4758)	(27.0536,-108.4356,752.3293)	(63.9134,-109.9256,752.1418)	(91.6477,-117.1750,758.9622)	(49.8122,-51.5357,761.4676)
(47.1140,-75.1172,746.3785)	(-0.0901,-112.4701,761.4758)	(27.1874,-107.7081,752.3456)	(63.9134,-109.9256,752.1418)	(90.3266,-117.1710,756.9922)	(49.9883,-50.3491,763.4510)
(47.1101,-73.8216,746.3730)	(-0.0901,-112.4701,761.4758)	(27.2523,-107.7081,752.3475)	(62.6019,-109.9216,752.1418)	(91.6477,-117.1750,758.9641)	(48.6647,-50.3451,761.4857)
(47.1140,-75.1172,746.3751)	(-0.0901,-112.1722,761.4726)	(27.1874,-108.4356,752.3384)	(63.9134,-109.9216,752.1400)	(91.6477,-117.1750,758.9622)	(49.8003,-50.2142,761.4603)
(46.9175,-73.6249,746.3605)	(-0.0901,-112.4701,761.4758)	(27.1874,-107.7081,752.3475)	(63.9134,-109.9216,752.1328)	(91.6437,-117.1750,758.9622)	(49.8003,-50.2142,761.4529)
(46.9213,-74.9131,744.4034)	(-0.0901,-112.4701,761.4758)	(27.1874,-107.7081,752.3638)	(63.9134,-109.9216,752.1274)	(91.9390,-117.1750,758.9695)	(49.6044,-50.0794,759.4673)
(46.9213,-74.9131,744.3962)	(-0.0901,-112.4701,761.4758)	(27.0536,-108.4356,752.3275)	(63.9134,-109.9216,752.1237)	(91.6477,-117.1750,758.9695)	(49.6044,-50.0873,759.4891)
(47.1140,-75.1133,746.3679)	(-0.0901,-112.4701,761.4758)	(27.0497,-108.4356,752.3275)	(63.9134,-109.9216,752.1274)	(91.6477,-117.1710,758.9568)	(49.6044,-50.0873,759.4762)
(47.1140,-75.1172,746.3751)	(-0.0901,-112.4701,761.4758)	(27.0497,-108.4356,751.3522)	(63.9134,-109.9216,752.1274)	(91.6437,-117.1750,758.9641)	(49.6044,-50.0794,759.4673)
(47.1140,-75.1133,746.3677)	(-0.0861,-112.4701,761.4758)	(27.0497,-108.4356,752.3275)	(62.6019,-109.6356,752.1400)	(90.3266,-117.1710,756.9922)	(48.4880,-50.2182,761.4730)
(47.1101,-73.8216,746.3749)	(-0.0901,-112.4701,761.4758)	(27.0497,-108.4356,751.3503)	(63.9134,-109.9256,752.1400)	(91.6477,-117.1750,758.9641)	(49.9883,-50.3491,763.4565)
(47.1101,-73.8216,746.3749)	(-0.0901,-112.4701,761.4758)	(27.1874,-107.7081,752.3475)	(63.9134,-109.9256,752.1400)	(91.6477,-117.1750,758.9622)	(49.8003,-50.2142,761.4619)
(47.1101,-73.8178,746.3714)	(-0.0901,-112.4701,761.4758)	(27.1874,-108.4356,752.3365)	(64.0306,-109.9216,752.1491)	(91.6398,-117.1710,758.9568)	(49.7924,-50.2142,761.4510)
(46.9175,-73.6211,744.3962)	(-0.0901,-112.1722,761.4726)	(27.1874,-107.7081,752.3547)	(63.9134,-109.9216,752.1328)	(91.6477,-117.1750,758.9695)	(48.2877,-50.0873,759.4800)
(46.9175,-73.6211,744.3875)	(-0.0901,-112.1722,759.4812)	(27.1874,-108.4356,751.3522)	(63.9134,-109.9216,752.1255)	(91.6477,-117.1750,758.9641)	(49.6044,-50.0873,759.4762)
(46.9175,-73.6211,744.3962)	(-0.0901,-112.4701,761.4758)	(27.0497,-108.4356,751.3503)	(63.9134,-109.9216,752.1255)	(91.6477,-117.1710,758.9568)	(48.2877,-50.0873,759.4781)
(47.1140,-75.1172,746.3714)	(-0.0940,-112.4701,761.4758)	(27.1834,-107.4209,752.3456)	(63.9134,-109.6278,752.1183)	(91.6477,-117.1750,758.9695)	(49.6123,-50.0873,761.4291)
(46.9213,-74.9131,746.3552)	(-0.0901,-112.1722,759.4777)	(25.8758,-108.4396,752.3312)	(63.9134,-109.6278,752.1274)	(91.6477,-117.1750,758.9695)	(48.4841,-51.5397,761.4565)
(47.1140,-75.1172,746.3767)	(-0.0901,-112.4701,761.4758)	(27.1834,-107.4209,752.3456)	(63.9134,-109.9256,754.1140)	(91.6437,-117.1750,758.9622)	(49.9883,-50.3491,763.4494)
(47.1101,-73.8216,746.3732)	(-0.0901,-112.1722,761.4705)	(27.1874,-108.4356,751.3431)	(62.6019,-109.9216,752.1418)	(91.9390,-117.1750,758.9695)	(49.8043,-50.3451,761.4673)
(47.1140,-75.1172,746.3767)	(-0.0901,-112.4701,761.4758)	(27.1874,-107.7081,752.3475)	(64.0306,-109.9216,752.1418)	(91.6437,-117.1750,758.9622)	(49.7964,-50.2142,761.4619)
(47.1140,-75.1133,746.3643)	(-0.0901,-112.4701,761.4758)	(27.1874,-108.7263,752.3365)	(63.9134,-109.9216,752.1274)	(91.6477,-117.1750,758.9622)	(49.6044,-50.0794,759.4708)
(46.9175,-73.6211,744.3891)	(-0.0901,-112.4701,761.4758)	(27.1874,-108.7263,752.3384)	(63.9134,-109.9216,752.1346)	(91.6477,-117.1750,758.9695)	(49.6123,-50.0873,759.4908)
(46.9213,-74.9131,744.3962)	(-0.0901,-112.4701,761.4758)	(27.2523,-107.7081,752.3475)	(62.3709,-109.6278,752.1237)	(91.6477,-117.1710,758.9568)	(49.6083,-51.3974,759.4600)
(47.1140,-75.1133,746.3624)	(-0.0940,-112.1722,759.4812)	(27.1834,-107.4209,752.3438)	(62.6019,-109.6278,752.1183)	(91.6477,-117.1710,758.9568)	(49.6083,-51.3974,759.4600)
(47.1140,-75.1133,746.3730)	(-0.0901,-112.4701,761.4758)	(27.0497,-108.4356,752.3384)	(63.9134,-109.6278,752.1274)	(91.6477,-117.1750,758.9695)	(49.6123,-50.0794,759.4764)
(47.1140,-75.1172,746.3714)	(-0.0901,-112.4701,761.4758)	(27.1834,-107.4209,752.3475)	(62.6019,-109.9256,752.1472)	(91.6477,-117.1750,758.9695)	(48.6647,-50.3531,763.4584)
(47.1140,-75.1172,746.3873)	(-0.0901,-112.4701,761.4758)	(25.8758,-108.7303,752.3494)	(63.9134,-109.9256,752.1418)	(91.6477,-117.1750,758.9622)	(48.6687,-50.3531,763.4638)
(47.1140,-75.1172,746.3802)	(-1.3577,-112.7719,763.4797)	(25.8758,-107.7121,754.3400)	(64.0306,-109.9374,754.1140)	(91.6477,-117.1750,758.9695)	(49.9883,-50.3491,763.4584)
(47.1140,-75.1172,746.3730)	(-0.0901,-112.4701,761.4758)	(27.1874,-108.4356,752.3365)	(63.9134,-109.6435,752.1274)	(91.6437,-117.1710,758.9568)	(49.8043,-50.3451,761.4673)
(47.1140,-75.1172,746.3785)	(-0.0901,-112.1722,761.4726)	(27.1874,-107.7081,752.3475)	(62.6019,-109.9216,752.1400)	(91.6398,-117.1671,756.9849)	(49.7964,-50.2142,761.4546)
(46.9213,-74.9131,744.3891)	(-0.0861,-112.4701,761.4758)	(27.1874,-108.4356,752.3312)	(63.9134,-109.9216,752.1346)	(91.6437,-117.1750,758.9622)	(49.6044,-50.0833,759.4745)
(46.9213,-74.9131,746.3517)	(-0.0290,-112.4701,761.4758)	(27.1874,-108.4356,752.3275)	(63.9134,-109.6395,752.1274)	(91.6477,-117.1710,758.9568)	(48.4723,-50.2103,761.4510)
(46.9175,-73.6211,744.3962)	(-0.0901,-112.4701,761.4758)	(27.1874,-108.4356,751.3503)	(63.9134,-109.9216,752.1255)	(91.6477,-117.1710,758.9568)	(49.6044,-50.0833,759.4727)
(47.1101,-73.8178,746.3677)	(-0.0940,-112.1722,761.4726)	(27.0497,-108.4356,752.3275)	(63.9134,-109.6278,752.1183)	(93.2636,-117.4780,760.9284)	(48.2956,-50.0833,759.4745)
(47.1101,-73.8178,746.3677)	(-0.0901,-112.1722,759.4777)	(27.0497,-108.4356,752.3275)	(62.6019,-109.6278,752.1309)	(91.6398,-117.1710,758.9568)	(48.4802,-50.2182,761.4673)
(47.1140,-75.1172,746.3732)	(-0.0901,-112.4701,761.4758)	(27.1834,-107.4209,752.3438)	(62.6019,-109.9256,752.1418)	(91.9429,-117.4820,758.9767)	(49.9883,-50.3491,763.4510)
(47.1140,-75.1172,746.3767)	(-0.0901,-112.4701,761.4758)	(27.1874,-107.7081,752.3475)	(63.9134,-109.9256,752.1400)	(91.9390,-117.1750,758.9695)	(49.8082,-50.3451,763.4494)
(47.1140,-75.1172,746.3749)	(-0.0940,-112.1722,761.4686)	(27.1874,-108.4356,752.3365)	(63.9134,-109.9216,752.1346)	(91.6477,-117.1750,758.9695)	(49.8043,-51.5357,761.4565)
(47.1140,-75.1172,746.3749)	(-0.0901,-112.1722,759.4777)	(27.1874,-108.4356,752.3312)	(62.6019,-109.6435,752.1346)	(91.6477,-117.1750,758.9695)	(49.7964,-50.2142,761.4600)
(47.1140,-75.1133,746.3534)	(-0.0901,-112.1722,761.4726)	(27.1874,-107.7081,752.3475)	(63.9134,-109.9216,752.1274)	(91.6437,-117.1710,758.9568)	(48.4762,-50.2103,761.4419)
(46.9213,-74.9131,746.3534)	(-0.0901,-112.4701,761.4758)	(27.1834,-107.4209,752.3438)	(62.6019,-109.9216,751.1557)	(91.9390,-117.1750,758.9767)	(49.7924,-50.2103,761.4454)
(46.9213,-74.9131,744.4000)	(-0.0901,-112.4701,761.4758)	(27.2523,-107.7081,752.3475)	(63.9134,-109.9216,752.1255)	(91.6477,-117.1750,758.9695)	(49.6083,-51.3974,759.4654)
(47.1101,-73.8216,746.3749)	(-0.0901,-112.4701,761.4758)	(27.1874,-108.4356,752.3275)	(63.9134,-109.6278,752.1183)	(91.6437,-117.1750,758.9641)	(49.6044,-50.0873,759.4762)
(46.9213,-74.9209,746.3552)	(-0.0861,-112.4701,761.4761)	(27.0497,-108.4356,751.3503)	(63.9134,-109.9216,752.1328)	(91.6477,-117.1750,758.9641)	(49.6123,-50.0794,759.4764)
(47.1140,-75.1133,746.3696)	(-0.0940,-112.1722,759.4777)	(27.1874,-108.7263,752.3365)	(63.9134,-109.9216,752.1328)	(91.6477,-117.1750,758.9641)	(49.8043,-50.3451,761.4695)
(48.4044,-73.8178,746.3714)	(-0.0940,-112.1722,759.4812)	(27.1874,-107.7081,754.3309)	(63.9134,-109.6278,752.1274)	(91.9429,-117.4820,758.9821)	(49.8003,-50.2142,761.4638)
(46.9213,-74.9131,744.4087)	(-0.0901,-112.1722,761.4726)	(27.2523,-107.7081,754.3309)	(62.6019,-109.9216,752.1346)	(91.9469,-117.4820,758.9821)	(48.4802,-50.2182,761.4711)
(47.1140,-75.1172,746.3714)	(-0.0901,-112.1722,759.4777)	(27.0497,-108.4356,752.3293)	(64.0306,-109.9216,752.1346)	(91.6477,-117.1710,758.9568)	(49.8003,-50.2142,761.4619)
(47.1140,-75.1172,746.3661)	(-0.0940,-112.1722,759.4793)	(27.0536,-108.4356,752.3275)	(63.9134,-109.6278,751.1431)	(91.6477,-117.1750,758.9695)	(49.8003,-50.2142,761.4619)
(46.9213,-74.9131,744.3962)	(-0.0901,-112.4701,761.4758)	(27.1834,-107.4209,752.3566)	(63.9134,-109.9216,752.1400)	(91.2137,-116.1605,758.9821)	(49.7924,-50.2103,761.4527)
(47.1140,-75.1172,746.3749)	(-0.0940,-112.4701,761.4758)	(27.1874,-107.7081,752.3456)	(63.9134,-109.6278,752.1274)	(91.6437,-117.1750,758.9695)	(49.6044,-50.0794,759.4745)
(47.1140,-75.1172,746.3696)	(-0.0940,-112.1722,759.4777)	(27.0497,-108.4356,751.3503)	(63.9134,-109.6278,752.1183)	(91.6437,-117.1671,758.9495)	(48.4802,-51.5397,761.4510)
(46.9213,-74.9131,744.3909)	(-0.0940,-112.1722,759.4812)	(27.1874,-107.7081,752.3547)	(63.9134,-109.6356,752.1328)	(91.6477,-117.1750,758.9641)	(49.8003,-50.2142,761.4638)
(47.1140,-75.1172,746.3696)	(-0.0901,-112.4701,761.4758)	(27.1874,-108.4356,752.3275)	(62.6019,-109.9216,752.1328)	(91.9469,-117.4820,758.9821)	(49.8043,-50.3451,761.4695)
(47.1140,-75.1172,746.3767)	(-0.0901,-112.4701,761.4758)	(27.1874,-107.7081,752.3475)	(63.9134,-109.9216,752.1400)	(91.6477,-117.1750,758.9695)	(48.4802,-50.2182,761.4692)
(47.1140,-75.1172,746.3732)	(-0.0901,-112.4701,761.4758)	(27.1874,-108.7263,752.3365)	(62.6019,-109.9216,752.1472)	(91.9390,-117.1750,758.9767)	(49.7924,-50.2142,761.4527)
(47.1140,-75.1172,746.3732)	(-0.0901,-112.1722,761.4726)	(27.2523,-107.7081,752.3547)	(62.6019,-109.6395,752.1274)	(91.9390,-117.1750,758.9695)	(49.6162,-51.5317,761.4454)
(45.8198,-75.1172,746.3767)	(-0.0940,-112.1722,759.4774)	(27.1874,-108.4356,752.3365)	(63.9134,-109.6356,752.1274)	(93.2636,-117.4780,760.9465)	(48.4802,-50.2182,761.4673)
(47.1101,-73.8178,746.3640)	(-0.0940,-112.1722,759.4812)	(27.1834,-107.4209,752.3456)	(63.9134,-109.9216,752.1346)	(91.9390,-117.1750,758.9641)	(49.8003,-50.2142,761.4638)
(46.9213,-73.8178,744.4034)	(-0.0940,-112.1722,759.4774)	(27.1874,-107.7081,752.3456)	(63.9134,-109.9295,752.1472)	(91.9390,-117.1750,758.9695)	(48.4880,-50.2182,761.4746)
(47.1140,-75.1133,746.3732)	(-0.0940,-112.1722,759.4812)	(27.2523,-107.7081,754.3419)	(62.6019,-109.9216,752.1472)	(91.6437,-117.1710,758.9568)	(49.6162,-50.2142,761.4492)
(47.1101,-73.8216,746.3889)	(-0.0901,-112.4701,761.4758)	(27.1874,-108.4356,752.3384)	(63.9134,-109.6278,752.1255)	(91.9390,-117.1750,758.9641)	(49.7924,-50.2142,761.4527)
(47.1140,-75.1172,746.3712)	(-0.0901,-112.1722,761.4726)	(27.1874,-108.4356,752.3365)	(63.9134,-109.9216,752.1400)	(91.9390,-117.1750,758.9695)	(49.6123,-50.0794,759.4764)
(47.1140,-75.1172,746.3751)	(-0.0901,-112.1722,759.4777)	(27.0536,-108.4356,752.3365)	(63.9134,-109.6356,752.1274)	(91.2137,-116.1605,758.9821)	(49.7964,-50.2142,761.4619)
(46.9213,-74.9131,744.3857)	(-1.3577,-112.4740,761.4834)	(27.1834,-107.4209,752.3528)	(64.0306,-109.9216,752.1274)	(93.2636,-117.4780,760.9338)	(48.2877,-50.0913,759.4838)
(46.9175,-73.6211,744.4087)	(-0.0940,-112.1722,759.4777)	(27.0497,-108.4356,752.3275)	(62.6019,-109.9216,752.1328)	(91.6477,-117.1750,758.9695)	(48.4802,-51.5317,761.4529)
(46.9175,-73.6288,744.4034)	(-0.0940,-112.1722,759.4777)	(27.1874,-107.7081,752.3456)	(63.9134,-109.6278,752.1183)	(91.6437,-117.1710,758.9568)	(49.8003,-50.2142,761.4695)
(47.1101,-73.8178,746.3643)	(-0.0940,-112.1722,759.4812)	(27.2523,-107.7081,752.3547)	(64.0306,-109.9216,752.1346)	(91.9429,-117.4820,758.9894)	(48.6647,-50.3451,761.4893)
(47.1101,-73.8178,746.3643)	(-0.0901,-112.1722,759.4812)	(27.1874,-108.7263,752.3384)	(63.9134,-109.9256,752.1400)	(91.2176,-116.1605,760.9411)	(49.8003,-50.2142,761.4638)
(47.1140,-75.1133,746.3643)	(-0.0901,-112.4701,761.4758)	(27.1874,-108.4356,752.3384)	(62.6019,-109.6278,752.1400)	(91.9390,-117.1750,758.9695)	(48.4802,-50.2182,761.4711)
(47.1140,-75.1172,746.3749)	(-0.0940,-112.1722,761.4726)	(27.1874,-108.7263,752.3384)	(62.6019,-109.9216,752.1418)	(91.6477,-117.1710,758.9695)	(49.8043,-50.2142,761.4767)
(47.1140,-75.1172,746.3732)	(-0.0901,-112.4701,761.4758)	(27.0497,-108.4356,751.3522)	(63.9134,-109.6278,752.1183)	(91.6437,-117.1710,758.9568)	(49.8003,-50.2142,761.4638)
(47.1101,-73.8216,746.3820)	(-0.0940,-112.1722,759.4777)	(27.0497,-108.4356,752.3384)	(63.9134,-109.9216,752.1400)	(91.6477,-117.1710,758.9695)	(49.6044,-50.0794,759.4673)
(47.1140,-75.1172,746.3751)	(-0.0940,-112.1722,759.4774)	(27.1874,-107.7081,752.3566)	(63.9134,-109.9256,752.1400)	(91.6477,-117.1750,758.9695)	(49.6044,-50.0794,759.4727)
(46.9213,-74.9131,746.3446)	(-0.0901,-112.4701,761.4758)	(25.9390,-107.7121,754.3472)	(63.9134,-109.9216,752.1400)	(90.3305,-117.1710,758.9514)	(48.2995,-50.2103,759.4872)
(47.1101,-73.8178,746.3714)	(-0.0940,-112.1722,761.4726)	(27.1874,-108.4356,752.3293)	(63.9134,-109.9216,752.1418)	(91.9508,-117.4820,760.9539)	(49.8003,-50.2142,761.4711)
(47.1140,-75.1133,746.3714)	(-0.0901,-112.4701,761.4758)	(27.1874,-108.7263,752.3293)	(63.9134,-109.6278,752.1111)	(91.9508,-117.4780,758.9767)	(49.8003,-50.2142,761.4638)
(47.1140,-75.1172,746.3749)	(-0.0901,-112.4701,761.4758)	(27.1834,-107.4209,752.3438)	(62.6019,-109.6278,752.1309)	(91.9429,-117.1790,758.9713)	(49.8003,-51.5357,761.4565)
(47.1101,-73.8100,746.3587)	(-0.0940,-112.1722,761.4726)	(27.0497,-108.4356,752.3384)	(63.9134,-109.6278,752.1309)	(91.6477,-117.1710,758.9568)	(49.8082,-50.2182,761.4749)
(47.1140,-75.1133,746.3589)	(-0.0901,-112.1722,759.4777)	(27.0497,-108.4356,752.3312)	(62.6019,-109.9216,752.1328)	(91.9390,-117.1710,758.9622)	(49.6044,-50.0873,759.4745)
(47.1140,-75.1172,746.3823)	(-0.0940,-112.1722,759.4774)	(27.0497,-108.4356,752.3293)	(63.9134,-109.9216,752.1346)	(91.9429,-117.1750,758.9622)	(49.6123,-50.1984,761.4454)
(47.1140,-75.1094,746.3589)	(-0.0901,-112.1722,759.4777)	(27.1834,-107.4209,752.3438)	(63.9134,-109.9216,752.1328)	(91.9390,-117.1750,758.9695)	(49.6044,-50.2063,759.4745)
(47.1140,-75.1133,746.3643)	(-0.0901,-112.1722,759.4812)	(27.1874,-107.7081,752.3566)	(63.9134,-109.6435,752.1274)	(91.9429,-117.1750,758.9695)	(49.8003,-50.2142,761.4603)
(46.9213,-74.9209,746.3589)	(-0.0940,-112.1722,759.4774)	(27.1834,-107.4209,752.3456)	(63.9134,-109.9216,752.1328)	(91.9469,-117.4820,758.9875)	(49.8043,-51.5357,761.4584)
(47.1101,-73.8139,746.3571)	(-0.0940,-112.1722,759.4812)	(27.1874,-108.7263,752.3403)	(63.9134,-109.6278,752.1309)	(91.9469,-117.4820,760.9175)	(49.7924,-50.2142,761.4654)
(48.4082,-75.1133,746.3732)	(-0.0901,-112.4701,761.4758)	(27.1874,-108.4356,751.3503)	(63.9134,-109.6278,752.1274)	(91.9469,-117.1790,758.9767)	(49.8003,-50.2142,761.4638)
