(-98.4076,68.2605,626.7677)	(-157.6240,61.2480,646.0706)	(-131.0960,54.6139,646.9021)	(-96.3586,42.0120,658.6468)	(-73.5298,34.8312,670.5130)	(-88.8270,96.5286,626.8218)	
(-96.1272,68.1604,625.7606)	(-155.3880,61.1689,646.0582)	(-128.8532,54.7029,647.8863)	(-96.3655,44.2952,658.6608)	(-71.5998,34.7319,673.4924)	(-86.7480,95.7520,626.8263)	
(-96.2373,68.2670,626.7617)	(-155.3880,61.1622,646.0582)	(-128.8532,54.7029,647.8831)	(-96.3586,42.0120,657.6694)	(-73.5298,34.7319,670.5017)	(-86.7512,95.7520,626.8323)	
(-96.2373,68.2670,626.7542)	(-155.3880,61.1723,646.0582)	(-128.8532,54.7029,647.8880)	(-96.3655,44.2952,658.6530)	(-71.3985,34.8347,673.4924)	(-86.7512,95.7520,626.8323)	
(-96.3507,68.3737,627.7672)	(-155.5895,61.2513,646.0582)	(-128.8532,54.7029,647.8831)	(-96.3655,44.2952,658.6577)	(-71.4632,34.9376,674.4883)	(-86.7512,95.7520,626.8323)	
(-96.4640,68.4803,627.7628)	(-155.3880,61.2513,646.0582)	(-128.8532,54.7029,647.8831)	(-94.0846,44.4323,658.6544)	(-71.3950,34.8879,674.4866)	(-86.8459,95.9020,627.8214)	
(-96.2438,70.4395,626.7690)	(-155.5962,63.5064,647.0690)	(-127.9000,55.9095,648.8860)	(-96.5816,44.4254,658.6750)	(-71.4668,34.8844,674.4930)	(-86.7545,97.9314,626.8292)	
(-96.3572,70.5496,628.7576)	(-155.7976,63.5923,648.0705)	(-129.0165,57.0270,648.8968)	(-96.5884,46.7155,658.6890)	(-71.4703,36.2664,673.5036)	(-86.8557,98.0848,627.8408)	
(-96.2470,70.4395,626.7795)	(-155.9991,63.5991,648.0721)	(-129.0131,57.0236,648.8922)	(-96.6965,46.7841,660.6846)	(-71.6068,36.3692,674.5074)	(-86.8589,98.0848,628.8360)	
(-96.3572,70.5496,627.7702)	(-155.9991,63.6951,649.0720)	(-129.3364,57.1985,650.8932)	(-95.5440,45.6374,661.6540)	(-71.6104,36.3692,674.5091)	(-86.8589,98.0848,628.8360)	
(-96.3572,70.5496,627.7761)	(-155.9991,63.6951,649.0720)	(-130.4697,56.0708,650.8994)	(-96.5816,44.4906,660.6689)	(-71.6139,36.3692,674.5091)	(-86.8557,98.0848,627.8468)	
(-96.6908,68.6936,630.7585)	(-155.9924,61.4499,649.0628)	(-129.5031,57.1985,650.9040)	(-96.7943,44.5557,661.6714)	(-71.6680,34.0579,675.4954)	(-86.9504,96.0519,629.8404)	
(-96.5774,68.5869,629.7514)	(-156.3953,60.5004,651.0658)	(-130.1296,56.0708,650.8947)	(-95.6504,45.7042,662.6596)	(-71.6680,34.0579,675.4986)	(-86.9504,96.0519,629.8343)	
(-96.5742,66.4041,629.7544)	(-156.3886,58.3255,651.0566)	(-130.6146,53.8958,651.8884)	(-95.6435,43.4072,662.6455)	(-72.6382,32.8766,675.4889)	(-86.9406,93.8656,629.8254)	
(-94.3837,64.2245,629.7198)	(-155.2519,57.1240,651.0412)	(-128.3511,51.6436,651.8571)	(-95.6367,41.1102,662.6250)	(-70.4108,30.5209,678.4681)	(-86.8329,93.7191,629.7954)	
(-94.3772,62.0417,629.7168)	(-155.2418,54.8685,651.0319)	(-128.1862,49.3111,650.8545)	(-92.0935,38.7636,661.6068)	(-70.0712,28.0009,674.4626)	(-86.7349,91.3900,628.8124)	
(-94.1575,61.8524,627.7224)	(-155.2452,54.9472,651.0319)	(-128.1862,49.3111,650.8576)	(-92.1946,38.7636,661.6132)	(-70.0081,27.9223,674.4401)	(-86.6403,91.3867,628.7914)	
(-94.0443,59.5902,626.7274)	(-154.1118,53.7475,651.0164)	(-126.0810,47.1325,651.8169)	(-92.0866,36.4701,660.6234)	(-69.9381,26.6726,673.4444)	(-84.6359,87.1772,629.7610)	
(-91.9707,57.5071,626.7021)	(-154.1051,51.4818,651.0072)	(-125.9195,44.8069,650.8298)	(-89.7885,34.1834,660.6076)	(-67.6650,23.2454,673.4300)	(-84.5480,87.0411,628.7780)	
(-91.0834,55.3279,625.6846)	(-153.6991,49.0929,648.9934)	(-125.6034,42.4248,648.8120)	(-90.6258,32.8931,658.5840)	(-65.3183,20.9104,674.3855)	(-82.3610,84.8682,628.7344)	
(-88.4915,52.7463,621.6614)	(-149.3625,45.3783,643.9604)	(-122.5941,39.8839,643.7819)	(-88.9937,30.3400,653.5507)	(-64.9436,18.4154,666.3866)	(-81.0014,83.3890,623.7336)	
(-85.9337,52.5911,619.6343)	(-148.5849,44.0062,640.9455)	(-122.1337,39.7045,640.7786)	(-86.4375,26.8849,650.5298)	(-64.5896,17.0849,662.3752)	(-79.5583,81.7910,621.7048)	
(-85.7318,50.2814,617.6474)	(-145.9846,41.6625,637.9217)	(-118.3643,35.1106,637.7463)	(-85.1193,25.6822,648.5037)	(-61.1442,14.7745,658.3624)	(-79.4772,79.5133,620.7216)	
(-85.3409,49.9654,613.6334)	(-145.6060,41.5427,635.9220)	(-117.2634,33.9608,636.7302)	(-83.7174,22.2191,645.4864)	(-58.7815,12.4372,658.3248)	(-77.0755,79.2618,618.6767)	
(-83.8876,48.6744,611.6010)	(-144.1302,39.2662,633.9058)	(-114.6260,31.6171,633.7120)	(-83.3480,19.8654,640.5046)	(-58.5236,10.1138,653.3089)	(-75.8221,75.6926,614.6904)	
(-85.6050,46.2523,607.5990)	(-143.1860,36.6822,627.8890)	(-117.0369,31.3686,627.7344)	(-80.6832,17.5206,635.4726)	(-59.1837,8.8839,647.3067)	(-74.5110,73.2068,611.6626)	
(-85.8542,46.8524,599.6063)	(-144.2173,36.3350,621.8946)	(-118.1677,31.0280,621.7176)	(-82.1626,18.3971,628.4682)	(-59.9116,5.4708,639.3040)	(-77.1825,75.6496,606.6578)	
(-91.5304,47.3328,594.6518)	(-146.4648,33.9655,617.8968)	(-119.2374,28.6009,615.7160)	(-84.8469,14.9679,621.4831)	(-59.5955,5.4383,634.2962)	(-80.8320,74.9002,600.6851)	
(-94.4940,46.1447,591.6586)	(-151.1557,36.1437,618.9308)	(-122.4434,30.6748,614.7458)	(-88.9543,16.0056,620.4928)	(-65.9240,6.4760,630.3189)	(-85.7353,74.5210,597.7249)	
(-100.2845,44.9482,590.6918)	(-156.0815,33.9861,618.9456)	(-128.8235,28.5342,614.7724)	(-92.1786,13.8410,620.5034)	(-70.2792,2.0902,630.3507)	(-88.7246,72.1989,595.7386)	
(-106.2694,40.7671,589.7065)	(-160.8035,35.1000,619.9767)	(-133.0748,26.3841,614.7872)	(-98.6209,11.6699,620.5406)	(-75.7362,-1.2103,630.3540)	(-95.7144,68.0529,595.7388)	
(-108.4374,36.7319,590.6880)	(-165.0893,32.9453,620.9856)	(-137.3197,22.1367,615.7871)	(-102.9039,6.2777,620.5336)	(-78.9993,-5.5805,629.3538)	(-95.8114,64.9489,595.7219)	
(-108.5783,34.7404,591.7004)	(-162.9368,30.8035,619.9710)	(-137.8665,22.2107,617.7910)	(-103.0227,4.1260,620.5291)	(-79.1570,-7.7744,629.3554)	(-95.9269,60.9244,596.7259)	
(-108.7161,34.7937,592.7016)	(-162.9304,28.6424,619.9622)	(-135.3633,20.0152,615.7755)	(-101.8163,4.1325,620.5260)	(-77.1264,-8.9092,630.3438)	(-96.0454,61.0240,597.7384)	
(-106.6634,34.8531,593.6642)	(-163.1589,30.8381,620.9724)	(-135.3633,20.0152,615.7696)	(-101.6929,4.1279,619.5284)	(-77.0446,-6.6999,629.3448)	(-96.0454,63.0900,597.7170)	
(-106.9351,34.9157,594.6709)	(-162.7084,28.6080,619.9593)	(-135.3633,20.0152,615.7710)	(-101.6993,6.2809,620.5201)	(-76.8087,-6.6747,628.3518)	(-96.1609,63.1900,598.7124)	
(-107.0787,34.9721,595.6834)	(-163.3809,30.8921,621.9724)	(-135.7273,22.1560,617.7747)	(-101.8227,6.2842,620.5439)	(-77.0446,-6.6999,629.3478)	(-94.0935,65.2781,598.7222)	
(-105.0186,37.0498,595.6789)	(-161.2279,30.9050,621.9620)	(-133.5881,22.2236,617.7716)	(-99.7932,6.2986,621.5252)	(-75.7231,-5.5967,630.3346)	(-92.2371,63.4151,600.6958)	
(-97.7945,37.0653,595.6290)	(-154.3460,28.6714,619.9146)	(-127.1642,20.1016,617.7170)	(-93.4502,8.4848,622.4946)	(-70.4677,-6.6927,633.3010)	(-86.0051,65.5132,600.6756)	
(-91.7196,37.1438,596.6128)	(-150.0538,28.6908,620.8892)	(-122.8922,21.1883,617.7155)	(-87.2786,7.4576,625.4562)	(-64.0743,-4.5035,636.2745)	(-82.9836,65.6324,601.6792)	
(-89.9771,37.3330,599.5924)	(-148.3034,26.6303,621.8772)	(-119.8299,20.1545,618.6826)	(-86.1952,8.5421,625.4651)	(-61.8151,-4.4878,635.2665)	(-78.9942,65.8584,603.6480)	
(-83.0884,35.5019,603.5512)	(-143.0972,24.5285,622.8354)	(-113.5381,18.0560,619.6568)	(-79.8690,8.5848,627.4302)	(-56.5013,-4.5108,639.2461)	(-73.0307,66.3042,607.6112)	
(-72.9458,37.8601,607.4903)	(-134.6403,22.4329,623.7829)	(-107.4962,17.0803,622.5972)	(-71.6874,7.5956,633.3852)	(-50.0238,-2.2935,643.2118)	(-68.0593,66.7471,611.5970)	
(-65.8491,36.0052,611.4594)	(-127.5703,22.5441,626.7414)	(-98.2585,18.2938,626.5658)	(-64.1172,8.7388,636.3545)	(-42.4420,-0.0550,651.1775)	(-59.8109,67.1966,615.5474)	
(-57.4840,38.2651,612.4364)	(-118.8892,22.5768,626.6933)	(-92.0728,19.4894,629.5274)	(-57.8721,12.1672,642.3248)	(-35.8416,1.2996,660.1630)	(-54.6711,67.6432,619.5282)	
(-59.6093,38.1986,612.4378)	(-118.8892,22.5735,626.6933)	(-92.0663,17.3066,628.5389)	(-57.7061,9.9059,640.3210)	(-35.8416,1.2996,660.1676)	(-54.6234,68.7238,618.5290)	
(-59.7217,38.2587,614.4331)	(-121.0660,24.7427,626.7127)	(-94.1438,20.5034,627.5486)	(-58.8847,11.0230,640.3240)	(-38.1397,3.3920,660.1740)	(-55.5527,68.4937,615.5472)	
(-68.0471,40.3035,611.4870)	(-127.0870,24.6112,623.7545)	(-100.4417,22.6322,626.5882)	(-63.0907,12.0662,637.3427)	(-42.5821,2.2116,656.1830)	(-61.8267,69.1073,613.5694)	
(-77.0884,41.9972,606.5460)	(-134.6596,28.9192,623.8097)	(-107.9056,21.4942,625.6264)	(-71.7772,11.9892,634.3885)	(-48.1224,1.2996,650.2240)	(-67.0064,69.8160,610.6078)	
(-83.9571,42.7553,600.5887)	(-140.7743,30.9600,621.8503)	(-113.8424,24.5755,621.6718)	(-78.9693,11.8655,628.4337)	(-56.6785,2.1501,642.2698)	(-74.1082,71.5647,607.6429)	
(-89.9926,43.5671,599.6123)	(-146.3673,34.1798,621.8962)	(-120.1550,26.6704,620.7154)	(-85.3261,13.9848,626.4820)	(-62.0658,1.2996,637.2913)	(-80.2371,71.3151,603.6954)	
(-93.9197,43.4140,597.6449)	(-149.4024,33.0893,621.9140)	(-123.3857,26.6167,619.7396)	(-88.5802,10.7196,626.4762)	(-66.3669,-0.0993,639.2997)	(-82.0579,70.9627,602.6916)	
(-101.0378,42.4184,596.6782)	(-156.0779,36.3059,621.9618)	(-129.8344,28.7553,619.7856)	(-94.9901,11.7663,625.5308)	(-72.9852,-0.1182,637.3463)	(-87.1701,70.8349,601.7094)	
(-103.2350,43.3797,596.7053)	(-158.2343,36.2994,622.9660)	(-131.9839,28.7866,620.7896)	(-97.2752,11.7764,626.5392)	(-76.5251,-2.3453,639.3520)	(-89.3542,68.8513,602.7120)	
(-104.6606,41.4505,600.6953)	(-161.0415,36.5143,625.9884)	(-134.3088,28.8243,621.8116)	(-99.6855,11.8033,628.5572)	(-78.7471,-1.2520,639.3658)	(-89.6674,68.9632,603.7274)	
(-100.7504,39.5741,603.6465)	(-156.9178,36.5770,626.9658)	(-130.3333,25.6468,622.7742)	(-98.5854,10.7351,629.5368)	(-75.5075,-2.3591,641.3604)	(-87.7726,68.3667,607.6970)	
(-92.9430,37.7968,607.6010)	(-149.5132,34.4372,626.9164)	(-125.2532,26.8613,626.7262)	(-91.4754,10.8114,634.4723)	(-67.0582,-1.2432,645.3158)	(-79.6153,66.6054,610.6490)	
(-85.6793,37.8853,608.5770)	(-143.8734,31.1981,626.8686)	(-116.8714,24.7931,627.6972)	(-81.7658,9.7727,635.4348)	(-61.4491,-2.3518,648.2688)	(-73.4247,65.7791,612.6068)	
(-77.4182,38.0275,610.5158)	(-137.7073,26.9444,628.8156)	(-110.6149,21.6165,628.6532)	(-75.4654,8.7405,637.4115)	(-54.7981,-2.3449,650.2320)	(-68.2698,67.1710,615.5741)	
(-72.2139,38.1635,612.4996)	(-132.5981,24.8625,630.7788)	(-103.3466,20.6362,632.5932)	(-67.8330,9.8959,641.3476)	(-47.0862,-0.0754,655.1986)	(-64.2020,67.4006,617.5932)	
(-66.1154,36.2316,615.4678)	(-126.3589,22.7570,632.7356)	(-99.0746,17.3882,632.5736)	(-63.4413,8.8121,642.3296)	(-42.5520,-0.0625,655.1828)	(-60.0927,66.6613,620.5512)	
(-63.9927,38.3725,615.4632)	(-124.3242,22.7974,633.7246)	(-94.7986,18.5169,634.5432)	(-60.2065,12.1740,643.3375)	(-38.1561,3.3920,660.1787)	(-59.0276,69.8920,620.5705)	
(-64.1788,40.6307,617.4688)	(-124.1679,22.7057,630.7290)	(-94.6922,19.5981,633.5516)	(-59.0952,11.0684,642.3371)	(-38.1397,3.3857,660.1630)	(-60.1458,68.9215,620.5705)	
(-70.1785,42.4211,612.5198)	(-128.5565,24.9403,632.7567)	(-101.4022,22.9040,633.6136)	(-66.7268,14.3716,642.3601)	(-42.5690,4.4879,655.2077)	(-63.3202,70.8365,619.5816)	
(-72.2972,42.4148,613.5088)	(-132.4344,27.0080,629.7866)	(-103.1061,22.7615,630.6005)	(-68.8127,14.3243,640.3900)	(-44.9231,4.4907,658.1990)	(-65.2780,70.6061,615.6165)	
(-79.4630,44.3053,610.5564)	(-137.5349,29.0861,627.8248)	(-109.3972,24.8501,628.6440)	(-74.2925,14.2435,636.4381)	(-50.5090,3.3166,653.2310)	(-71.4036,72.2666,613.6222)	
(-87.2014,46.0920,605.6264)	(-143.6907,33.3195,626.8744)	(-116.7318,26.9282,626.6931)	(-82.6094,16.3361,634.4522)	(-59.1636,4.3937,647.2791)	(-76.5489,72.0199,611.6540)	
(-90.4312,45.9381,603.6229)	(-147.1516,36.5600,625.9135)	(-120.9325,31.2124,625.7398)	(-86.9008,16.2992,632.4782)	(-62.5857,3.2674,646.3128)	(-80.5193,73.7713,608.6890)	
(-94.3859,45.8487,602.6366)	(-150.4135,37.6314,625.9373)	(-127.1031,31.0975,623.7796)	(-91.0739,16.2827,632.5025)	(-66.9590,3.2539,645.3418)	(-82.5299,71.5457,607.6996)	
(-96.5851,43.7624,602.6712)	(-152.5838,37.6731,625.9493)	(-127.4330,31.1928,625.7682)	(-91.3873,12.9962,632.5056)	(-71.3528,2.1090,645.3420)	(-82.6148,71.5457,607.7011)	
(-94.8333,41.8766,605.6439)	(-152.7804,35.5550,627.9387)	(-127.5898,29.0681,626.7680)	(-92.5908,14.1266,634.5192)	(-71.4927,0.9841,645.3527)	(-81.7334,68.7161,610.6678)	
(-92.9524,38.9831,607.6197)	(-152.7674,34.5264,628.9328)	(-125.7327,26.9836,628.7328)	(-90.6945,11.9498,635.5138)	(-67.3302,0.9943,651.3211)	(-79.7171,68.8327,611.6688)	
(-91.1656,39.0384,608.5988)	(-150.7900,34.5824,629.9189)	(-123.7118,27.0310,628.7538)	(-88.4862,11.9731,636.4978)	(-67.0750,0.9961,647.3288)	(-77.6781,66.8252,612.6508)	
(-85.7787,37.9453,609.5778)	(-146.4356,33.4661,629.8902)	(-119.1945,24.8239,628.7087)	(-84.2478,9.7926,636.4688)	(-63.8143,-2.3720,650.2866)	(-75.6384,65.9796,613.6239)	
(-81.6513,38.0243,610.5654)	(-141.8824,29.0763,628.8470)	(-112.5174,21.5777,627.6582)	(-77.6021,8.6990,635.4287)	(-57.0648,-0.0958,650.2630)	(-72.4504,69.0754,613.6208)	
(-75.3821,37.0400,611.5048)	(-135.1858,29.0485,626.8116)	(-108.3053,22.6029,626.6497)	(-74.1224,9.7792,635.4088)	(-50.3404,1.0459,650.2226)	(-68.2667,69.1984,614.5966)	
(-72.0632,40.1605,610.5069)	(-130.8387,25.7963,626.7772)	(-104.9093,22.6531,627.6281)	(-69.8555,12.0799,639.3680)	(-44.8896,1.2996,652.2228)	(-66.2078,69.3150,615.5754)	
(-71.1547,41.2286,609.5074)	(-130.8387,25.7996,626.7772)	(-104.9093,22.6531,627.6266)	(-69.8555,12.0463,637.3794)	(-47.0259,2.1905,653.2138)	(-63.0157,70.3886,614.5979)	
(-72.1401,40.2240,611.5032)	(-130.8452,27.9328,625.7910)	(-105.0428,24.8665,628.6198)	(-70.8165,14.2974,639.3726)	(-47.1032,4.4694,655.2218)	(-63.0157,70.3886,614.5892)	
(-73.2795,41.3527,610.5316)	(-132.8436,27.9263,625.7970)	(-106.9591,24.7851,626.6466)	(-70.8165,14.2568,637.3930)	(-48.2385,3.3361,653.2340)	(-65.0862,72.2858,613.5956)	
(-75.3221,44.3820,609.5555)	(-135.1988,33.3901,626.8280)	(-109.1294,26.9511,626.6631)	(-72.9596,16.4370,636.4198)	(-50.3961,5.5990,650.2550)	(-68.1548,74.2880,613.6074)	
(-75.1672,46.3546,608.5474)	(-133.0285,32.3104,626.8159)	(-107.2330,29.2220,628.6542)	(-72.9596,16.4370,636.4214)	(-50.4096,7.8517,650.2750)	(-68.2219,74.4069,613.6396)	
(-75.1609,46.3578,608.5400)	(-135.1923,31.2177,626.8190)	(-107.0960,26.9984,627.6520)	(-73.1915,18.7256,639.4334)	(-50.5158,5.5990,653.2512)	(-68.2124,74.4069,613.6148)	
(-77.3515,44.3116,608.5620)	(-135.1988,33.3869,626.8280)	(-109.2698,26.9919,627.6640)	(-75.1644,16.4303,637.4052)	(-50.5124,5.6055,652.2555)	(-69.2750,72.2730,612.6416)	
(-77.3515,44.2381,608.5562)	(-137.3690,33.3771,626.8399)	(-110.3566,25.9039,626.6751)	(-75.1644,16.4303,637.4098)	(-52.6528,5.5921,650.2720)	(-69.2750,72.2730,612.6416)	
(-77.3515,44.2349,607.5656)	(-136.8324,33.2303,623.8378)	(-110.2275,28.0373,626.6720)	(-75.0793,16.4066,636.4153)	(-52.7018,5.5921,652.2634)	(-69.2095,72.1576,612.6182)	
(-79.1958,44.0941,606.5546)	(-137.5609,34.2025,621.8485)	(-112.2586,27.9063,623.6870)	(-76.1063,15.2828,634.4324)	(-54.8673,6.6770,651.2647)	(-68.9936,72.8745,608.6452)	
(-80.8344,43.7359,601.5752)	(-139.1617,34.0280,618.8552)	(-113.5701,28.8351,620.6825)	(-80.1534,16.2716,630.4468)	(-59.0651,4.3842,645.2892)	(-69.8927,70.5272,605.6352)	
(-85.7406,43.5092,597.6090)	(-142.1928,35.0426,617.8820)	(-117.7192,30.8849,618.7265)	(-84.2392,16.1875,627.4811)	(-62.2391,1.2996,640.3060)	(-73.7797,70.9910,602.6497)	
(-87.6080,43.3654,596.6196)	(-144.7238,37.2355,618.9040)	(-120.0148,30.9261,619.7260)	(-85.3261,13.9646,626.4610)	(-64.2810,1.2996,637.3126)	(-73.7085,70.9878,602.6439)	
(-87.5987,41.2936,596.5954)	(-144.3256,33.8664,617.8822)	(-119.8491,26.6264,618.7311)	(-85.3196,11.8123,626.4626)	(-64.2810,1.2996,637.3126)	(-75.7865,68.8921,602.6412)	
(-87.7986,39.3518,598.5814)	(-146.8571,33.9655,619.8996)	(-120.0020,26.6296,619.7143)	(-85.5047,9.6665,628.4489)	(-64.4448,-1.2131,640.2956)	(-76.8301,67.8474,602.6542)	
(-89.8722,39.3455,598.5958)	(-147.7226,32.9395,618.8953)	(-121.9822,24.4749,618.7342)	(-87.4804,9.6466,626.4866)	(-64.5059,-3.4516,642.2780)	(-76.9034,67.8537,602.6642)	
(-89.9833,39.4089,599.6110)	(-148.1184,32.0117,620.8980)	(-122.2981,24.5123,620.7304)	(-85.6006,9.6797,629.4600)	(-64.6283,-1.2248,643.2874)	(-77.1637,66.1848,606.6436)	
(-88.2170,36.5327,602.5836)	(-148.1120,29.8107,620.8892)	(-120.3014,24.5561,621.7046)	(-85.5047,9.6797,629.4584)	(-64.5093,-1.2248,642.3008)	(-77.1606,66.1848,606.6393)	
(-88.2201,39.5358,600.5946)	(-148.1184,32.0085,620.8980)	(-122.4609,26.7047,620.7436)	(-85.6006,9.6797,629.4632)	(-64.5093,-1.2248,642.2916)	(-77.1606,68.2881,606.6335)	
(-88.2201,39.5358,601.5897)	(-145.9688,34.1271,620.8980)	(-120.3078,26.7112,621.7119)	(-85.5113,11.8626,629.4690)	(-64.5159,1.0056,642.3083)	(-77.0842,68.1780,605.6571)	
(-88.1155,39.5389,600.6004)	(-144.9037,33.0480,620.8890)	(-120.3078,26.7112,621.7164)	(-85.5113,11.8626,629.4645)	(-64.4614,1.0056,641.3066)	(-77.0842,68.1780,605.6571)	
(-88.2201,39.5358,600.6062)	(-144.9037,33.0512,620.8890)	(-120.3078,26.7112,621.7135)	(-85.5113,11.8626,629.4539)	(-64.4647,1.2996,640.3199)	(-77.0842,68.1748,605.6369)	
(-86.1328,38.6319,601.5782)	(-144.9037,33.0512,620.8890)	(-120.1550,26.6704,620.7272)	(-85.5113,11.8626,629.4629)	(-62.4057,1.0114,643.2934)	(-74.9802,68.1811,605.6253)	
(-87.9125,41.4943,599.5866)	(-145.0964,33.0512,620.8890)	(-118.1548,26.7177,621.7044)	(-85.5113,11.8626,629.4629)	(-62.4568,1.0109,645.2849)	(-73.7797,69.0135,603.6348)	
(-88.0171,41.5580,599.6180)	(-144.2173,36.3350,621.8932)	(-118.1613,28.8729,621.7179)	(-85.5113,11.8626,629.4690)	(-62.3002,1.2996,643.2872)	(-74.0151,69.2342,605.6238)	
(-86.0379,40.6596,600.5974)	(-144.2173,36.3415,621.8946)	(-118.3107,28.9171,622.7262)	(-83.6143,14.0722,630.4740)	(-62.4057,1.0109,643.2996)	(-75.0656,68.2945,606.6363)	
(-86.2308,38.7553,602.5806)	(-144.4083,36.3945,622.8944)	(-118.4602,28.9614,623.7124)	(-83.6143,14.0722,630.4785)	(-62.5179,1.0114,645.2895)	(-77.2463,68.2913,606.6624)	
(-86.2339,38.7553,603.5756)	(-144.2109,34.2294,622.8828)	(-120.6137,26.7928,622.7353)	(-83.4230,11.8859,630.4590)	(-62.5179,1.0109,645.2940)	(-77.2463,68.2945,606.6639)	
(-86.2339,38.8170,602.5864)	(-144.4083,36.4442,623.8943)	(-118.4538,26.7993,623.7006)	(-83.6077,11.9194,632.4481)	(-62.4635,1.0114,643.2950)	(-75.0594,68.2945,606.6246)	
(-86.1328,38.6319,601.5840)	(-144.2109,34.2294,622.8828)	(-118.4538,26.7993,623.6961)	(-83.4230,11.8691,629.4690)	(-62.4057,1.0109,643.2996)	(-74.9865,68.1874,605.6455)	
(-86.1328,38.6287,600.5946)	(-144.0199,34.1798,621.8843)	(-118.3043,26.7585,622.6950)	(-83.4230,11.8691,629.4704)	(-62.4057,1.0114,643.2950)	(-77.1637,68.2881,606.6335)	
(-86.1328,38.6319,600.5946)	(-144.0199,34.1831,621.8843)	(-118.3043,26.7585,622.7010)	(-83.4230,11.8691,629.4674)	(-61.4031,-0.1054,647.2870)	(-74.9865,68.1906,605.6498)	
(-86.2277,36.6492,603.5628)	(-145.0867,33.1055,621.8814)	(-118.3043,26.7585,622.7234)	(-83.4230,11.8691,629.4674)	(-62.2936,1.0123,641.3018)	(-74.9802,68.1811,605.6311)	
(-86.1297,36.5390,602.5763)	(-145.0867,33.0990,621.8814)	(-118.3043,26.7585,622.6950)	(-83.4165,9.6863,629.4494)	(-62.3990,-1.2219,642.2900)	(-75.0531,66.1912,606.6160)	
(-84.0423,38.5764,600.5674)	(-145.0867,33.1087,621.8814)	(-115.9954,24.5690,621.6792)	(-83.3241,9.6863,629.4480)	(-61.2777,-2.3371,645.2725)	(-75.0531,66.1912,606.6191)	
(-84.0392,38.5764,600.5731)	(-144.0199,34.2294,621.8843)	(-116.0018,26.7242,621.7000)	(-81.2324,9.6929,629.4524)	(-60.1631,-1.2180,643.2826)	(-72.8825,68.1906,605.6195)	
(-85.0922,39.6720,603.5597)	(-142.0544,34.2359,621.8724)	(-113.8488,26.7306,621.6718)	(-81.1500,11.8757,629.4298)	(-58.7956,1.0285,640.2785)	(-71.9139,69.2468,605.6223)	
(-80.8281,41.6500,601.5594)	(-137.3803,34.1465,620.8474)	(-111.7022,28.8923,620.6988)	(-76.8772,14.0716,629.4206)	(-54.4952,2.1568,643.2624)	(-67.7147,68.3166,605.6076)	
(-74.3393,45.6191,598.5324)	(-132.9139,36.1953,618.8299)	(-106.9997,28.7723,618.6568)	(-73.2872,14.0240,626.4144)	(-49.9342,4.3870,640.2460)	(-63.3350,70.0913,603.5870)	
(-72.1145,45.4776,596.5380)	(-132.2190,36.0297,615.8262)	(-104.4772,30.7802,615.6466)	(-70.9032,16.1318,623.3948)	(-49.7271,4.3630,635.2266)	(-63.2147,73.1056,602.5832)	
(-68.7236,48.1915,591.5226)	(-129.4331,37.5729,605.8125)	(-99.6818,31.1110,600.6254)	(-67.7071,20.0025,608.3825)	(-42.7669,6.4785,619.2297)	(-59.7586,77.5826,595.5999)	
(-55.9300,64.4712,579.5279)	(-117.4284,47.3293,595.7855)	(-89.6715,43.3561,596.6153)	(-54.8469,31.3979,603.3634)	(-31.9448,18.1918,615.1972)	(-50.2950,91.1773,590.6018)	
(-55.9920,66.7086,582.5370)	(-116.1279,49.8099,601.7882)	(-90.3262,45.8675,602.6264)	(-53.0373,32.7627,608.3804)	(-29.8686,21.7288,621.1953)	(-50.4687,93.8464,594.5982)	
(-50.3733,60.8581,594.4658)	(-112.1919,44.2069,609.7440)	(-83.9677,42.3191,611.5910)	(-47.1216,30.1609,621.3244)	(-26.6684,20.9594,635.1798)	(-43.4613,87.6543,600.5592)	
(-58.8158,55.0061,598.4902)	(-118.2271,43.5386,614.7790)	(-90.8523,38.4122,617.5904)	(-57.0999,27.1488,627.3588)	(-35.5360,14.4244,640.2071)	(-50.8246,83.7330,603.5662)	
(-61.3610,53.6126,606.4988)	(-123.4478,43.2688,627.8014)	(-96.4830,36.9357,629.6277)	(-62.1899,24.3417,640.3802)	(-37.0791,11.4557,660.2273)	(-53.2745,81.6389,611.5598)	
(-66.2709,44.9102,617.4849)	(-125.9414,43.3957,629.8174)	(-98.0331,34.9054,632.6456)	(-67.0125,22.2695,645.4151)	(-44.0874,10.2930,665.2176)	(-55.5623,73.6191,614.5698)	
(-66.0711,44.6988,614.4903)	(-125.3082,45.2979,625.8216)	(-98.3136,36.7598,626.6355)	(-68.6379,23.1055,637.4063)	(-44.8764,9.0335,651.2534)	(-55.3708,73.2675,611.5572)	
(-60.2461,51.2615,602.5034)	(-121.8897,46.9547,617.8074)	(-94.9042,38.2795,615.6241)	(-63.3629,24.8781,623.4092)	(-39.9501,11.0645,635.2397)	(-53.0379,79.9288,606.5572)	
(-54.7737,57.2802,600.4730)	(-115.6182,44.8324,618.7658)	(-86.7792,40.6933,619.5771)	(-51.7176,28.2466,626.3701)	(-32.1699,15.4816,635.2029)	(-46.8184,85.4851,607.5620)	
(-50.7371,55.4756,603.4474)	(-111.5985,40.6791,620.7282)	(-84.8122,35.4419,621.5626)	(-49.7639,27.4596,633.3402)	(-26.6882,15.7871,646.1742)	(-45.8599,84.8389,611.5360)	
(-51.0579,49.8240,610.4434)	(-113.5121,36.7174,626.7256)	(-85.5666,30.3771,628.5578)	(-52.1536,21.0063,639.3216)	(-27.8488,11.3916,655.1712)	(-46.0541,79.2326,617.5232)	
(-57.2454,46.4117,608.4541)	(-115.5380,36.6479,625.7365)	(-89.7125,28.1420,627.5586)	(-57.6850,17.6668,639.3324)	(-35.8030,5.6764,657.1656)	(-48.0278,74.4676,613.5176)	
(-64.6111,43.2274,603.4755)	(-125.5706,39.5645,620.8040)	(-98.8003,32.1606,621.6252)	(-68.2771,16.3552,632.3994)	(-45.8020,1.2996,648.2140)	(-52.0128,71.6312,606.5474)	
(-79.7800,40.4828,596.5611)	(-138.1160,44.7648,618.8903)	(-110.0922,31.9239,617.6868)	(-78.7984,11.8319,626.4370)	(-59.0418,-2.3304,645.2556)	(-63.1234,65.5852,598.5872)	
(-95.5098,41.1320,594.6336)	(-150.1211,51.2441,619.9864)	(-126.1425,34.0170,617.7844)	(-94.8787,11.7663,625.5188)	(-76.4415,-4.5433,636.3584)	(-76.3064,67.1864,596.6355)	
(-100.8984,39.0547,594.6692)	(-154.6281,53.4666,621.0174)	(-132.5601,34.0009,617.8140)	(-102.0760,8.4588,622.5452)	(-82.0552,-6.7730,635.3792)	(-79.3124,63.9721,595.6462)	
(-100.5234,40.9891,592.6601)	(-154.4197,53.3795,620.0218)	(-131.4969,38.2868,617.8212)	(-103.0516,13.8288,621.5756)	(-83.7301,-5.6297,632.3929)	(-81.2873,66.9505,594.6636)	
(-98.6004,42.1567,593.6538)	(-154.6216,51.3116,621.0086)	(-130.0804,33.8488,614.8044)	(-99.6860,10.5726,619.5532)	(-79.9236,-4.4799,629.3567)	(-79.4942,66.2542,597.6424)	
(-87.9092,42.1662,609.6096)	(-144.6597,41.2170,630.9124)	(-118.3172,31.0757,622.7232)	(-85.2173,9.6399,625.4755)	(-64.1388,-4.5126,637.2793)	(-70.9450,67.4756,608.6004)	
(-70.1595,36.0490,612.4878)	(-130.9339,31.6120,634.7965)	(-103.8472,22.9653,636.6085)	(-70.4081,9.9727,647.3812)	(-49.7165,-4.7188,665.1991)	(-59.9140,64.2047,617.5418)	
(-79.1485,28.8973,619.5049)	(-140.7953,31.8270,639.8528)	(-113.2094,20.8502,640.6535)	(-80.7338,4.3436,650.4203)	(-58.1630,-8.2789,669.2450)	(-66.4458,56.8665,619.5540)	
(-86.6286,24.5439,617.5318)	(-145.7591,29.4605,636.8706)	(-120.8220,18.5218,637.6983)	(-88.4116,0.9310,648.4334)	(-67.0433,-12.8644,666.2556)	(-71.7101,50.3233,617.5645)	
(-90.2891,26.4303,612.5559)	(-146.6217,31.3311,629.8828)	(-121.5116,20.4890,629.7070)	(-91.7624,2.0359,637.4806)	(-69.5532,-11.4660,651.2797)	(-74.3735,50.8237,611.5699)	
(-85.1760,35.4957,603.5685)	(-142.0544,34.2359,621.8724)	(-115.8494,24.5317,620.6962)	(-84.2165,8.5717,627.4483)	(-61.0964,-6.7634,639.2708)	(-70.8414,60.9488,606.5786)	
(-78.7536,43.7485,601.5765)	(-135.7686,36.4237,623.8420)	(-109.6849,27.8670,621.6834)	(-76.7886,11.8720,628.4262)	(-54.4819,-0.0736,643.2349)	(-64.6930,69.4865,607.5950)	
(-73.1095,36.9880,608.5215)	(-133.5443,32.4618,629.8194)	(-107.8722,25.0403,633.6408)	(-72.3575,9.9092,642.4110)	(-51.8666,-2.3961,661.2204)	(-63.9521,66.9734,614.5584)	
(-81.6573,32.0075,615.5358)	(-143.1893,31.5757,634.8650)	(-117.0697,20.6946,635.6826)	(-85.0623,6.5693,648.4471)	(0.0000,0.0000,-1.0000)	(-70.6708,58.9089,619.5600)	
(-90.2767,30.0314,619.5672)	(-146.5026,34.8626,634.9012)	(-122.4355,21.7477,634.7210)	(-90.4761,6.5215,646.4553)	(-70.4552,-5.9058,661.3188)	(-77.0052,58.7934,617.6114)	
(-88.0928,35.9383,611.5868)	(-145.5607,38.9710,629.9126)	(-119.2010,27.0033,628.7176)	(-87.5606,9.8159,639.4570)	(-67.3201,-3.5287,651.2980)	(-73.3459,61.5310,611.6134)	
(-83.2959,41.9050,605.5743)	(-141.5465,40.9175,625.8938)	(-114.5745,31.2797,626.6989)	(-81.6901,14.1596,634.4705)	(-61.5712,-0.1097,650.2880)	(-67.8551,68.5370,607.6124)	
(-81.7501,42.3191,611.5644)	(-141.0209,40.3894,634.8904)	(-114.6096,31.6583,633.7210)	(-82.4082,16.5762,643.4760)	(-59.9557,1.2996,661.2900)	(-69.3470,70.1455,612.6374)	
(-95.6775,31.1917,623.6003)	(-154.5824,33.2968,647.9400)	(-129.8774,23.2680,647.7575)	(-96.2496,5.4814,658.5034)	(-73.8370,-4.9138,678.3238)	(-81.8384,59.3410,625.6275)	
(-104.7953,26.9674,626.6496)	(-161.3110,34.4025,647.9820)	(-137.7207,20.9993,647.7996)	(-105.3663,4.3090,658.5445)	(-86.3367,-10.7765,675.3826)	(-88.2955,54.9114,621.6747)	
(-104.3002,31.1146,622.6531)	(-159.6378,36.2019,639.9752)	(-135.6504,25.0390,635.8026)	(-103.7908,6.4879,645.5443)	(-82.7745,-8.1833,658.3731)	(-88.7739,58.7613,617.6796)	
(-90.5398,40.3665,615.5887)	(-146.6576,43.3400,629.9350)	(-121.0854,32.3990,627.7464)	(-88.1949,14.1398,633.5108)	(-66.9490,1.2996,646.3192)	(-75.4770,67.7883,611.6438)	
(-83.6893,46.4062,609.5906)	(-139.7509,43.2231,627.8932)	(-111.4662,31.2895,626.6914)	(-82.7067,18.5599,634.4780)	(-61.3011,4.3741,645.3046)	(-69.2031,72.0422,611.6290)	
(-77.1897,46.2839,607.5786)	(-135.9298,42.3430,630.8730)	(-111.0643,34.8658,632.7017)	(-77.7860,18.7666,641.4287)	(-55.0500,5.5918,653.2716)	(-66.0266,74.2944,612.6064)	
(-77.2438,35.8538,608.5318)	(-136.4332,35.9478,633.8482)	(-112.5424,27.3087,635.6760)	(-77.0564,12.1607,645.4279)	(-57.6507,1.0214,661.2742)	(-65.9314,64.6329,611.5766)	
(-80.9314,31.7595,611.5240)	(-137.3852,38.8082,625.8624)	(-114.4190,26.8939,625.6936)	(-82.7677,8.6709,635.4258)	(-63.8009,-6.8830,650.2680)	(-65.7124,60.1026,608.5394)	
(-77.0852,39.8970,606.5417)	(-132.1976,42.8394,621.8482)	(-106.3358,31.0159,620.6616)	(-75.6180,14.0580,628.4126)	(-56.5670,-0.0748,640.2539)	(-63.4522,68.2127,605.5860)	
(-70.5748,45.9979,603.5260)	(-129.6289,43.1191,625.8338)	(-101.5690,34.5213,625.6497)	(-70.6180,18.5963,634.3973)	(-47.9880,3.3175,647.2325)	(-57.3273,73.8442,608.5708)	
(-72.8199,46.1425,605.5334)	(-131.0429,37.8029,627.8258)	(-103.9834,32.4943,628.6556)	(-73.0347,16.4607,636.4350)	(-50.3506,3.3200,650.2364)	(-62.7727,71.9522,610.5887)	
(-77.2596,42.1310,608.5360)	(-133.3886,37.8609,628.8406)	(-109.5506,31.4393,629.6837)	(-74.3694,14.3043,639.4398)	(-52.8959,1.2996,656.2536)	(-63.7655,68.7702,610.5874)	
(-83.4878,42.0451,607.5818)	(-141.5659,47.4115,625.9204)	(-115.6759,34.4789,625.7232)	(-84.8980,16.3532,634.4917)	(-63.8738,1.2996,650.3020)	(-67.7818,68.4268,607.5980)	
(-77.8146,51.0431,600.5898)	(-138.1352,51.2024,618.9167)	(-111.4593,40.6191,618.7408)	(-82.0850,22.7218,627.4942)	(-59.9248,5.4838,640.2983)	(-65.5687,77.6587,605.6204)	
(-74.3703,54.9624,598.5821)	(-133.8499,51.2088,618.8914)	(-106.9026,40.5053,617.6836)	(-75.4096,24.8422,625.4553)	(-52.1172,8.8104,634.2972)	(-62.3146,80.5621,603.6054)	
(-65.7995,52.5646,594.5246)	(-126.2597,48.5502,611.8398)	(-97.8722,39.1553,612.6551)	(-66.6092,23.7153,623.4019)	(-44.4040,9.9391,639.2364)	(-54.7492,80.9636,598.5736)	
(-67.7125,52.3864,592.5302)	(-126.1072,52.7042,610.8486)	(-99.7664,44.3855,611.6758)	(-68.7056,26.9076,622.4296)	(-46.7875,12.2176,641.2674)	(-54.5573,80.4356,594.5874)	
(-73.7095,52.2757,591.5692)	(-131.7518,53.8294,611.8966)	(-108.5117,44.5005,613.7218)	(-77.2413,24.6856,621.4914)	(-55.4400,7.7349,636.2906)	(-59.8137,77.7102,596.5963)	
(-76.8627,51.4092,591.5805)	(-135.8022,50.6390,611.9028)	(-110.4852,40.1758,612.7021)	(-77.3186,22.5645,622.4478)	(-57.4518,7.6585,634.3020)	(-64.0120,78.7306,597.6188)	
(-72.6591,44.0104,589.5254)	(-134.3567,44.1434,609.8639)	(-108.3506,35.9342,612.6875)	(-77.3927,20.4364,623.4500)	(-55.5249,5.4972,639.2793)	(-61.6770,72.0449,593.5926)	
(-82.4733,36.5658,586.5362)	(-141.1866,46.0814,607.9062)	(-116.2402,33.5698,608.7274)	(-87.5700,11.6520,617.4850)	(-70.4710,-6.6927,633.3026)	(-65.4197,62.2536,589.5487)	
(-80.4382,34.5409,586.5223)	(-138.5040,39.5243,603.8722)	(-114.7209,28.1616,605.7084)	(-83.9557,6.2792,613.4182)	(-64.5380,-9.8358,625.2683)	(-65.5413,60.4122,590.5368)	
(-78.5938,36.7011,588.5420)	(-139.2479,37.6608,607.8674)	(-112.3284,25.9456,603.6587)	(-79.5336,7.3392,611.4124)	(-60.0327,-7.6077,621.2549)	(-65.6965,62.6668,592.5724)	
(-74.6119,39.9736,589.5200)	(-134.1652,34.5196,607.8339)	(-108.0508,26.2567,609.6544)	(-73.9796,11.7442,620.4098)	(-54.2927,-2.2801,639.2186)	(-60.6964,68.0402,594.5496)	
(-76.8229,38.1630,590.5350)	(-135.0449,38.7331,607.8542)	(-111.8563,28.3102,608.6750)	(-78.1937,9.5796,620.4128)	(0.0000,0.0000,-1.0000)	(-63.7675,64.9414,593.5702)	
(-80.5446,38.6725,587.5566)	(-141.1741,41.8013,606.8949)	(-114.8749,30.3091,606.7036)	(-85.2358,11.6250,615.4632)	(-65.8946,-6.6418,630.2891)	(-67.6713,64.6087,591.5758)	
(-76.0490,42.4079,582.5370)	(-135.6706,37.1987,599.8468)	(-111.7575,27.9085,599.6748)	(-76.1979,8.3743,607.4275)	(-58.7453,-4.3360,619.2497)	(-64.4822,67.4680,589.5640)	
(-65.8178,41.4312,579.4928)	(-128.2230,32.9537,597.7930)	(-101.3726,25.8167,598.6094)	(-68.8139,11.5554,607.3910)	(-48.0614,-1.0884,620.1964)	(-57.2275,69.3061,587.5354)	
(-67.9701,39.4701,581.4860)	(-129.2660,37.2050,598.8169)	(-103.7136,27.9716,600.6371)	(-71.0693,9.4656,610.3694)	(-50.4845,-3.2945,626.2126)	(-56.2006,67.1566,586.5263)	
(-76.6482,38.6786,587.5270)	(-136.0575,43.5667,601.8736)	(-109.0749,31.1261,601.6782)	(-80.6023,9.4502,611.4168)	(-61.4654,-6.6162,629.2588)	(-61.3448,64.3068,588.5337)	
(-76.3954,40.6554,586.5290)	(-136.2416,43.6400,602.8750)	(-111.0196,31.0766,599.7034)	(-81.2983,13.6105,607.4493)	(-59.8775,-4.3366,619.2660)	(-62.3734,67.3622,587.5820)	
(-75.0490,45.4383,581.5512)	(-133.9674,41.4933,601.8565)	(-108.7966,31.0334,599.6762)	(-75.0728,14.7080,608.4118)	(-54.5133,2.1230,620.2438)	(-63.3401,71.3254,587.5832)	
(-71.4091,47.6227,583.5374)	(-130.8265,43.1617,595.8428)	(-103.9808,32.8602,594.6568)	(-72.9710,16.8246,608.4132)	(-50.5849,3.2458,627.2544)	(-61.1996,75.1549,586.5682)	
(-77.7310,51.1492,578.5916)	(-137.0283,47.2735,595.8883)	(-111.2081,37.0187,595.7074)	(-81.2248,19.9001,606.4686)	(-60.9877,6.4037,621.2975)	(-64.1697,76.0366,583.6046)	
(-83.7352,48.8713,574.6170)	(-146.1156,49.2242,594.9452)	(-118.2788,37.9774,594.7562)	(-86.0798,20.8099,602.5063)	(-66.2255,6.3353,617.3404)	(-71.8703,76.3767,579.6413)	
(-89.8591,50.4289,570.6636)	(-147.7498,44.9568,592.9439)	(-121.7387,36.6919,590.7658)	(-87.6446,21.6751,597.5000)	(-67.5232,6.2422,606.3370)	(-76.6312,76.9767,575.7019)	
(-73.0428,49.4879,582.5478)	(-132.0607,41.5599,602.8448)	(-104.2453,32.9069,595.6650)	(-72.1852,17.6047,598.4132)	(-50.7952,3.1779,607.2501)	(-61.1966,77.1794,585.5910)	
(-50.1361,36.9042,590.3752)	(-107.2833,31.6893,612.6701)	(-81.6071,24.2567,611.4820)	(-51.1066,7.4388,612.2808)	(-29.8122,-5.3903,625.0778)	(-37.0007,63.0605,594.4130)	
(-44.3578,30.3860,600.3172)	(-103.4409,28.2912,607.6290)	(-76.9307,17.7760,603.4408)	(-45.8544,2.1461,618.2150)	(-25.4737,-12.1011,635.0476)	(-32.8667,58.9456,595.3609)	
(-66.9640,40.4759,583.4721)	(-125.9529,35.3668,603.7884)	(-100.7037,25.9864,602.6073)	(-69.9240,7.3711,610.3592)	(-48.1193,-5.4176,621.1922)	(-54.2145,67.2778,587.5298)	
(-88.4346,54.8504,575.6508)	(-148.5884,49.3881,596.9696)	(-120.4984,38.0327,595.7688)	(-88.4869,23.0003,603.5445)	(-65.2900,8.5458,615.3614)	(-78.1029,82.6703,581.7250)	
(-86.7868,61.1541,578.6852)	(-143.8333,51.5531,597.9566)	(-119.8017,45.4083,597.8023)	(-84.6127,31.5051,607.5561)	(-62.1509,17.2165,621.3580)	(-75.4331,88.3082,584.7352)	
(-78.5790,62.1135,587.6343)	(-137.9239,51.6897,611.9216)	(-110.1497,43.7184,602.7162)	(-76.0064,29.2390,603.4922)	(-55.3411,14.9228,613.3234)	(-66.6467,87.0230,590.6615)	
(-54.0580,47.8358,585.4492)	(-117.0004,40.2200,613.7545)	(-88.8288,31.5420,608.5612)	(-57.2688,16.9487,609.3421)	(-36.2549,4.3296,620.1572)	(-46.2226,74.0209,592.5008)	
(-43.7363,34.4240,582.3335)	(-101.8962,31.2533,603.6381)	(-76.7722,21.9138,605.4461)	(-43.5437,6.3923,612.2060)	(-25.0414,-6.4858,622.0478)	(-30.7542,62.3578,588.3658)	
(-50.3265,31.0123,595.3510)	(-105.7604,28.6844,593.6432)	(-80.8634,19.4045,591.4616)	(-50.8733,1.2996,608.2462)	(0.0000,0.0000,-1.0000)	(-37.9437,57.6161,590.3996)	
(-81.1936,43.4780,578.5808)	(-140.1998,38.3656,585.8806)	(-112.4814,28.2519,584.6778)	(-80.4670,10.3001,595.4574)	(0.0000,0.0000,-1.0000)	(-69.6961,70.1154,577.6162)	
(-88.2208,54.6708,574.6347)	(-147.5493,46.9377,591.9508)	(-121.2548,38.5501,587.7805)	(-87.4417,23.6723,595.5326)	(-64.5135,9.4445,607.3388)	(-77.8238,82.2486,578.7064)	
(-75.8350,57.2708,579.5990)	(-136.2603,49.9083,602.9006)	(-109.3043,43.2970,596.7240)	(-74.4477,27.0700,599.4780)	(-52.9710,10.5694,609.2724)	(-64.0633,83.8534,582.6382)	
(-59.7361,47.2667,578.4738)	(-121.2192,43.9646,606.7930)	(-93.0864,33.1063,598.6133)	(-61.0756,17.7752,603.3380)	(-39.2936,3.2222,611.1970)	(-46.9186,73.9370,583.5068)	
(-46.4720,37.9464,574.3421)	(-107.0756,34.9721,595.6776)	(-81.4467,24.7628,596.4918)	(-47.4635,6.3051,602.2442)	(-29.7425,-6.3508,615.0864)	(-34.7220,62.6266,581.3846)	
(-50.8441,33.5056,583.3619)	(-107.8649,31.4073,585.6801)	(-83.5563,21.0069,578.4766)	(-52.3552,4.1630,596.2598)	(0.0000,0.0000,-1.0000)	(-37.6976,61.4053,579.4100)	
(-75.7935,34.6959,567.5088)	(-131.7991,31.8697,577.8020)	(-107.0006,22.7822,573.6242)	(-76.3702,3.0337,587.3782)	(-54.0552,-10.5767,608.2089)	(-62.9964,62.0553,567.5362)	
(-90.8966,40.3849,554.6142)	(-150.1962,33.7031,575.9152)	(-124.2410,24.7672,574.7407)	(-91.0832,7.0110,582.4786)	(-69.0037,-7.2819,597.2909)	(-78.2732,66.3464,561.6482)	
(-92.0840,43.0459,564.6227)	(-151.7844,36.3611,586.9312)	(-124.9346,25.9728,578.7536)	(-90.3059,8.0326,582.4925)	(-69.5936,-4.1280,592.3059)	(-79.7371,68.8973,567.6651)	
(-75.2570,37.7961,573.5202)	(-136.7029,33.0312,599.8384)	(-110.7413,25.5438,592.6693)	(-76.0450,6.1521,593.4066)	(-56.7665,-8.3543,602.2118)	(-60.6769,63.2299,577.5429)	
(-60.2536,27.8029,571.3932)	(-121.4776,23.6104,596.7136)	(-95.7880,15.4102,596.5252)	(-64.0263,-1.0656,601.2848)	(-41.3553,-14.8647,611.1262)	(-48.7108,53.3326,579.4243)	
(-60.3674,22.9918,575.3654)	(-117.4387,19.2421,589.6723)	(-91.6487,9.0883,587.4848)	(-60.5251,-6.1927,595.2614)	(-39.1346,-19.0137,608.0782)	(-46.6940,48.3978,579.4036)	
(-56.2467,31.7762,571.3971)	(-115.1087,24.3056,587.6826)	(-88.5088,15.1926,586.4881)	(-56.3709,0.0175,594.2480)	(-33.8996,-12.6269,606.0909)	(-44.7131,58.3723,579.4309)	
(-52.4556,41.9136,574.4026)	(-111.6493,32.6237,590.6980)	(-84.9804,25.5831,591.5166)	(-51.5194,9.3750,599.2591)	(-31.8748,-6.3756,615.1010)	(-41.8205,68.7744,582.4686)	
(-60.4764,38.0256,576.4370)	(-118.5732,30.8014,595.7277)	(-93.6250,21.5885,595.5542)	(-60.1239,7.3107,603.3169)	(-39.4240,-5.3595,618.1442)	(-49.9269,64.8151,583.4780)	
(-66.2017,30.4597,584.4298)	(-125.9404,31.1747,603.7712)	(-101.0607,19.7518,603.5882)	(-68.0028,2.0721,613.3476)	(-47.4093,-10.9619,627.1682)	(-53.1737,57.2856,588.4831)	
(-66.8286,30.8602,590.4448)	(-126.6551,32.1158,600.7821)	(-102.6561,23.8533,601.6136)	(-72.1063,4.1775,611.3379)	(-49.4523,-8.7311,625.1932)	(-55.2608,57.3742,589.4882)	
(-64.9518,42.4382,583.4636)	(-125.1252,38.2017,598.7952)	(-99.3111,31.0120,598.6192)	(-67.6183,13.6517,607.3736)	(-45.9454,-1.0831,620.1978)	(-53.1503,68.3027,587.5046)	
(-61.9906,45.4777,581.4788)	(-122.5677,40.1474,595.7902)	(-97.0001,32.9348,595.6236)	(-65.2541,15.6697,603.3786)	(-43.7386,1.0740,618.1944)	(-51.1240,70.3463,587.5058)	
(-62.8897,49.4357,581.4982)	(-124.4279,43.5981,600.8190)	(-96.5570,35.4015,602.6212)	(-63.7367,18.0139,612.3654)	(-42.9340,4.3489,628.2006)	(-51.1865,74.6697,588.5387)	
(-67.1196,44.6741,585.5014)	(-126.8360,41.5819,602.8159)	(-100.0588,33.4553,605.6370)	(-70.3162,15.9419,615.3819)	(-49.6076,-0.0381,633.2171)	(-55.3516,70.6857,590.5390)	
(-70.3853,43.9444,586.5175)	(-129.1109,43.3112,597.8339)	(-102.3040,31.9923,597.6440)	(-72.8798,12.5856,606.4064)	(-52.4923,-0.0287,623.2252)	(-59.2751,71.3376,587.5761)	
(-67.8561,51.3453,580.5251)	(-128.6020,47.2213,594.8470)	(-102.6944,36.9300,593.6570)	(-70.4184,18.7676,602.4126)	(-50.1119,6.4145,617.2472)	(-57.1971,79.3611,586.5680)	
(-63.5300,60.9105,575.5345)	(-125.3653,52.1278,591.8584)	(-98.3531,41.9541,591.6618)	(-65.0951,25.9700,598.4228)	(-45.6783,11.6960,612.2382)	(-54.0742,86.0520,583.5986)	
(-63.6574,58.3150,576.5452)	(-123.7984,50.4086,595.8366)	(-99.2247,43.3953,597.6620)	(-64.4437,27.2662,605.4255)	(-43.7803,12.9170,618.2514)	(-52.1382,84.3172,585.5836)	
(-67.9357,53.3586,580.5459)	(-129.3032,49.6082,598.8636)	(-103.3532,38.2703,598.6747)	(-70.9569,23.1973,608.4406)	(-49.3623,6.4673,620.2628)	(-59.2443,81.3891,586.6086)	
(-71.8103,55.2730,579.5700)	(-130.8450,49.3635,595.8697)	(-105.2989,41.2346,596.7040)	(-72.7541,23.0835,603.4620)	(-51.3537,7.4987,617.2678)	(-59.2934,81.5253,587.5940)	
(-69.7314,57.1926,578.5608)	(-130.8481,50.3899,595.8724)	(-105.0371,43.2392,595.7000)	(-70.4371,25.0359,602.4340)	(-50.0063,11.7171,614.2666)	(-58.2313,84.2989,585.6074)	
(-67.3590,56.7167,573.5510)	(-127.5875,50.3139,594.8582)	(-102.9739,43.2454,595.6886)	(-68.3498,25.0815,602.4340)	(-48.0194,11.7912,618.2472)	(-55.8904,83.5979,580.5959)	
(-71.3213,52.7265,573.5622)	(-130.6678,49.2768,594.8683)	(-104.8908,39.0423,593.6966)	(-72.5120,21.8923,602.4184)	(-49.0811,7.4852,615.2538)	(-60.7774,78.4137,579.5926)	
(-75.3830,52.8040,574.5741)	(-132.9143,51.3355,595.8866)	(-106.9566,41.1010,594.6977)	(-74.4353,21.8179,600.4472)	(-54.1501,6.3490,612.2662)	(-61.8973,77.5458,579.6188)	
(-71.4883,54.9014,575.5666)	(-130.3134,50.2255,593.8682)	(-104.6290,40.9736,592.6828)	(-72.2824,23.8691,599.4494)	(-51.0190,9.5394,611.2730)	(-58.9013,82.5852,580.6181)	
(-71.3392,58.6938,573.5757)	(-129.4778,52.1950,592.8768)	(-104.7752,45.1570,593.7064)	(-69.3294,27.0367,600.4314)	(-49.9658,11.7002,613.2663)	(-57.9491,83.5919,580.6112)	
(-71.2616,58.5940,572.5802)	(-129.4778,52.1950,592.8768)	(-104.9092,45.1632,593.7219)	(-71.3364,27.0304,599.4664)	(-51.9624,11.6029,611.2687)	(-59.9639,83.5858,580.6210)	
(-73.0744,58.3884,571.5739)	(-131.5341,52.1858,592.8896)	(-104.7752,45.1570,593.7022)	(-71.3364,26.9877,599.4522)	(-52.0032,11.6600,611.2788)	(-59.8471,83.4414,579.6034)	
(-73.0744,56.4127,570.5909)	(-131.5341,52.1950,592.8938)	(-106.6879,43.0223,592.7182)	(-74.3656,25.9419,599.4737)	(-52.1320,8.5143,610.2860)	(-59.7902,81.3027,578.6121)	
(-71.1663,54.5328,571.5727)	(-129.1268,52.1093,591.8740)	(-104.5011,42.9582,591.6901)	(-72.2038,23.8315,598.4488)	(-49.9158,6.3732,607.2646)	(-56.7746,80.3055,578.5873)	
(-64.7289,51.9421,564.5112)	(-124.8534,49.9150,590.8359)	(-97.8525,40.6580,586.6639)	(-67.6266,23.6186,592.3926)	(-46.2352,5.2291,597.2428)	(-52.4341,79.3639,571.5632)	
(-58.7297,47.8757,562.4573)	(-121.1157,46.6171,585.8044)	(-93.5329,36.4753,585.6042)	(-61.5786,16.5216,594.3568)	(-41.3527,2.1479,610.1764)	(-48.4092,73.3033,570.5149)	
(-69.6509,36.3871,564.4930)	(-129.9344,40.6996,589.8281)	(-103.1753,28.5494,589.6378)	(-73.2775,7.2304,599.3813)	(-53.4032,-9.6261,615.2030)	(-55.3952,61.5092,571.5094)	
(-74.4301,25.4770,564.4476)	(-132.2439,33.7601,575.8118)	(-106.6899,19.4767,563.6214)	(-77.5681,0.0105,567.3746)	(-60.4930,-17.0207,578.2136)	(-56.8908,50.3515,547.4546)	
(-52.1249,40.0718,546.4085)	(-114.6748,37.5561,571.7298)	(-86.8260,27.6734,570.5418)	(-55.5102,9.0509,576.3002)	(-35.6055,-4.9864,585.1110)	(-41.1023,66.8557,556.4548)	
(-53.7958,28.3229,562.3450)	(-116.2180,29.1072,581.7040)	(-88.5408,16.9799,577.4969)	(-57.1262,1.0413,589.2536)	(-37.0493,-14.7238,608.0808)	(-44.2420,57.9749,565.4154)	
(-69.3683,17.6338,562.4101)	(-129.1741,23.2129,586.7520)	(-102.8592,11.0786,586.5600)	(-72.8239,-9.3162,594.3126)	(-51.9769,-25.4564,610.1356)	(-54.1487,43.4564,567.4255)	
(-71.3994,20.5538,562.4383)	(-129.8385,24.1068,583.7638)	(-104.3524,11.0060,582.5804)	(-74.6388,-7.2083,590.3420)	(-54.8679,-25.2818,606.1438)	(-56.1245,46.3262,566.4641)	
(-63.2116,30.1501,556.4352)	(-119.6033,28.8953,576.7318)	(-96.5535,18.9588,577.5536)	(-66.9119,0.0077,583.3216)	(-44.0967,-14.5061,596.1363)	(-51.0141,57.7573,563.4722)	
(-56.4559,32.9653,557.3878)	(-118.4472,31.8499,576.7302)	(-92.4470,22.9393,576.5580)	(-60.8590,4.0734,583.3005)	(-40.9394,-10.2449,591.1328)	(-46.1356,59.7236,563.4452)	
(-59.5748,31.1423,575.4159)	(-121.0206,30.6469,591.7516)	(-93.1407,19.1234,583.5222)	(-62.9307,2.0683,599.3182)	(0.0000,0.0000,-1.0000)	(-48.5220,58.8625,574.4470)	
(-77.3840,24.9429,575.4770)	(-135.2166,32.6089,591.8281)	(-110.4344,19.3183,590.6394)	(-82.4940,-2.1473,598.3983)	(-61.6290,-17.1126,613.2164)	(-61.4430,47.9482,574.4888)	
(-75.9598,31.6606,569.5052)	(-132.4501,37.5530,587.8326)	(-109.7193,23.2648,586.6452)	(-75.9442,2.0204,595.3568)	(-54.0930,-10.6124,608.2104)	(-61.2256,60.4088,570.5454)	
(-63.7871,42.0771,562.4831)	(-124.4926,44.2886,583.8102)	(-99.2285,32.2368,582.6186)	(-67.3810,13.2835,589.3632)	(-46.3422,-1.0099,601.1868)	(-51.3106,68.2244,568.5122)	
(-61.9574,42.2273,565.4542)	(-123.3024,42.6221,587.8001)	(-97.8221,32.5608,588.6170)	(-65.7477,13.4114,595.3619)	(-45.5029,-2.0887,608.1808)	(-50.4184,67.4766,571.5090)	
(-73.2580,35.8130,573.4929)	(-130.9976,41.1693,596.8356)	(-107.1914,27.7881,596.6490)	(-74.6377,7.2761,603.3833)	(-55.4610,-7.4949,614.2292)	(-59.5538,62.0316,575.5412)	
(-73.8237,34.6436,567.5048)	(-131.7936,38.6397,589.8310)	(-108.2722,27.4719,589.6422)	(-76.1274,6.1602,596.3869)	(-56.0784,-8.4662,607.2246)	(-59.3685,60.6125,572.5225)	
(-71.4578,39.1306,563.5096)	(-129.5261,39.2755,582.8233)	(-102.8572,26.9969,578.6286)	(-71.1456,8.1136,584.3833)	(-54.2866,-8.2265,594.2112)	(-56.1346,65.0256,567.5210)	
(-63.7187,42.0049,562.4751)	(-125.5021,40.6360,588.7956)	(-96.8104,30.4672,587.6021)	(-66.6395,11.2895,592.3520)	(-46.3713,-3.1066,602.1856)	(-52.2613,69.2091,569.5075)	
(-71.7683,40.1989,580.4964)	(-131.8817,39.7928,607.8324)	(-105.0168,28.1139,603.6384)	(-71.0661,9.4522,609.3834)	(-50.3130,-5.4274,622.2000)	(-56.1507,65.1225,586.5194)	
(-77.4182,38.0275,610.5260)	(-134.2485,37.0395,632.8502)	(-109.5376,27.0736,629.6538)	(-73.9687,9.7925,635.3922)	(-54.5665,-6.8001,645.2324)	(-61.7542,64.7490,612.5466)	
(-70.8437,46.2388,636.5236)	(-131.2341,45.1234,655.8545)	(-103.6005,33.6433,651.6770)	(-71.3305,17.0167,660.3966)	(-50.0669,2.2155,674.2232)	(-54.5244,72.0006,637.5564)	
(-62.6024,50.9820,625.5124)	(-120.8352,49.0334,646.8126)	(-95.1633,40.2075,647.6263)	(-64.1897,23.7368,653.4098)	(-41.8253,9.2086,665.2445)	(-48.6388,77.5866,629.5426)	
(-55.5368,49.5060,592.4480)	(-114.7544,48.6656,612.7765)	(-88.2052,40.2428,612.6022)	(-56.7303,22.5577,619.3686)	(-33.2493,6.6246,632.1845)	(-42.2125,76.4720,595.4900)	
(-47.0134,52.7915,561.4146)	(-104.8745,49.6348,585.7270)	(-78.2428,40.5154,584.5344)	(-47.9248,21.4513,587.3040)	(-25.5062,6.3376,597.1197)	(-34.5395,78.8662,567.4524)	
(-42.9294,52.2553,555.3950)	(-102.1808,49.2291,580.7116)	(-75.7810,40.1869,579.5194)	(-43.7959,23.4257,585.2694)	(-24.4650,6.3249,593.1092)	(-29.5862,76.2541,562.4234)	
(-44.1848,50.0430,564.3896)	(-101.4485,48.0170,590.7058)	(-76.5548,35.6929,588.5166)	(-44.0073,19.5799,592.2592)	(-24.4500,5.3310,602.0985)	(-33.6102,77.4383,571.4442)	
(-47.1693,48.2562,590.4085)	(-108.5180,46.6280,613.7321)	(-81.8268,36.0107,612.5422)	(-48.0079,18.1983,617.2968)	(-26.6141,4.4226,633.1166)	(-37.0284,74.3029,595.4388)	
(-60.8197,49.9599,612.4931)	(-118.1084,47.1932,635.7954)	(-93.7489,37.2280,634.6093)	(-57.7426,19.9133,639.3599)	(-35.7806,6.7846,656.1778)	(-48.2210,77.2072,618.5256)	
(-61.2321,51.7545,620.5162)	(-120.3984,51.0503,643.8182)	(-94.7311,39.9677,643.6229)	(-61.5263,23.5045,648.3778)	(-37.0869,9.1636,662.2090)	(-48.5299,80.3591,626.5432)	
(-58.5239,49.8080,609.4836)	(-117.2318,47.7909,629.7902)	(-90.0569,39.1350,629.6034)	(-57.4945,21.9719,635.3582)	(-34.5998,7.8724,650.1878)	(-47.9720,78.4708,611.5422)	
(-58.9092,49.5243,582.4502)	(-114.7742,46.0195,605.7656)	(-90.6254,36.6428,605.5977)	(-57.2720,19.0693,610.3454)	(-36.3122,6.5063,623.1652)	(-48.0798,75.4463,587.5014)	
(-56.0154,46.0858,563.4526)	(-114.7539,44.9788,591.7610)	(-88.8906,34.6798,589.5725)	(-56.4263,17.5697,594.3412)	(-34.9457,4.2437,603.1622)	(-44.4586,73.3152,570.4888)	
(-59.8740,44.1190,563.4608)	(-115.7786,43.9531,591.7680)	(-90.9269,32.6292,588.5804)	(-57.4469,14.4498,593.3421)	(-37.0146,0.0547,605.1440)	(-46.3862,71.2081,569.4869)	
(-63.4794,43.9442,575.4774)	(-120.7447,43.7509,603.7894)	(-95.2738,31.0740,599.6072)	(-61.0662,13.6237,603.3512)	(-39.3473,-1.0448,615.1468)	(-48.8435,68.6376,581.4958)	
(-67.3654,44.0584,605.4958)	(-123.4478,43.2656,627.8014)	(-97.2220,32.3653,625.6259)	(-63.8885,14.1752,632.3419)	(-43.3467,1.0686,642.1913)	(-49.9081,70.5873,607.5147)	
(-68.4133,44.9037,617.5160)	(-124.6994,43.8026,635.8124)	(-96.0616,33.9212,634.6246)	(-64.4466,16.5552,641.3549)	(-44.7725,4.4665,653.2136)	(-53.6077,72.9016,618.5362)	
(-66.0108,46.7559,613.5102)	(-124.6994,43.7993,635.8124)	(-96.1731,33.9725,635.6224)	(-64.5146,17.7233,642.3722)	(-44.8361,6.7490,655.2140)	(-54.5948,74.9242,617.5500)	
(-69.8266,46.3736,608.5284)	(-126.1013,43.4657,630.8186)	(-97.6817,32.5635,629.6203)	(-68.5499,16.4502,636.3954)	(-45.8338,1.2996,650.2132)	(-54.3498,71.1434,611.5572)	
(-69.8221,45.2652,593.5228)	(-125.4154,41.7098,619.8115)	(-99.5164,30.8918,617.6307)	(-66.7163,15.1110,625.3778)	(-45.4484,2.1781,639.1878)	(-55.7612,70.5825,598.5440)	
(-71.4726,40.8685,590.4938)	(-128.1843,39.9983,610.8199)	(-102.9125,31.5998,610.6432)	(-70.4566,13.8481,617.3785)	(-48.4250,-1.1279,629.2088)	(-58.4646,67.7104,591.5316)	
(-72.4117,41.7564,586.5317)	(-129.9679,44.1465,609.8360)	(-102.6584,31.5008,608.6386)	(-72.4421,13.8011,615.4040)	(-50.6933,-1.1345,630.2166)	(-56.4651,67.7166,591.5344)	
(-71.4726,40.8685,589.5045)	(-129.4550,45.9690,606.8322)	(-104.5153,33.5517,607.6579)	(-75.8045,11.6874,615.4350)	(-55.3089,-3.3808,636.2408)	(-54.4123,64.8593,592.5070)	
(-74.3664,42.6956,586.5274)	(-132.6173,49.1093,605.8816)	(-108.4497,34.4894,605.6834)	(-79.6383,12.6776,612.4464)	(-61.4045,-4.4242,627.2685)	(-54.3659,64.7525,591.5188)	
(-72.3343,41.7564,586.5148)	(-130.8608,46.0394,606.8570)	(-105.0387,32.2422,601.6752)	(-74.9024,12.5639,605.4276)	(-56.2911,-6.4120,614.2190)	(-54.3628,66.7002,590.5237)	
(-68.3680,49.9158,587.5237)	(-127.8536,41.9821,608.8218)	(-99.8116,33.2995,602.6430)	(-67.6246,15.7584,607.3706)	(-45.7600,2.1447,615.2142)	(-57.5738,75.1478,593.5711)	
(-55.1853,50.0351,587.4660)	(-114.9220,46.0931,606.7698)	(-89.5640,35.7059,607.5850)	(-56.4660,20.2524,615.3374)	(-34.2933,5.5078,630.1692)	(-42.2125,76.4720,595.4900)	
(-62.3757,47.8935,587.4816)	(-122.2981,51.3166,606.8275)	(-97.1616,39.8972,607.6372)	(-68.3366,20.2785,617.4136)	(-49.6818,2.1580,634.2157)	(-48.3114,74.1433,593.5086)	
(-68.3589,47.7930,586.5202)	(-126.0029,54.2092,603.8656)	(-103.2242,41.8482,605.6816)	(-76.8933,20.2527,617.4344)	(-55.5083,1.2996,639.2566)	(-52.2920,73.7638,590.5418)	
(-73.6029,45.8192,586.5484)	(-132.6436,58.0642,610.9158)	(-110.0740,42.0996,608.7386)	(-79.9178,16.9835,614.4739)	(-61.5329,-0.0697,630.2740)	(-55.4090,70.9170,591.5470)	
(-75.3915,45.6650,584.5538)	(-135.0978,50.8031,613.8982)	(-110.0614,37.8723,609.7020)	(-77.5228,14.7896,611.4472)	(-56.7201,-0.0384,621.2604)	(-58.4174,69.6464,590.5490)	
(-75.4741,45.7406,585.5546)	(-131.8974,44.0094,607.8510)	(-106.6199,33.4395,605.6734)	(-73.2004,14.7772,611.4033)	(-52.4548,2.1321,622.2384)	(-63.4640,71.5631,589.5709)	
(-73.2863,49.5674,583.5528)	(-130.5196,49.1912,605.8729)	(-105.9564,36.4211,602.6818)	(-73.2130,18.9926,610.4304)	(-52.3862,6.4328,620.2628)	(-61.3198,77.4441,587.5914)	
(-73.9081,57.2799,579.5990)	(-131.5756,56.9561,599.9033)	(-105.5855,46.6419,599.7198)	(-75.1106,27.3692,608.4652)	(-53.5653,11.8225,620.3012)	(-61.2117,83.2744,585.6062)	
(-80.6775,62.1784,576.6596)	(-139.9022,63.1682,599.9764)	(-112.8704,50.6896,598.7759)	(-82.4104,31.4618,606.5363)	(-62.0317,15.0138,618.3566)	(-65.1530,85.0097,583.6572)	
(-79.9571,61.3877,581.6203)	(-139.1262,59.6886,606.9565)	(-112.2558,49.9805,602.7663)	(-80.3965,31.5674,607.5414)	(-57.6342,15.0267,617.3236)	(-66.3717,86.4499,586.6632)	
(-74.3310,59.8855,585.5932)	(-131.5843,55.8576,610.9010)	(-105.3345,45.9004,603.7271)	(-73.0025,27.3755,607.4732)	(-50.1407,13.9092,617.2851)	(-58.3473,84.7230,588.6004)	
(-50.3912,52.6971,595.4356)	(-107.5800,45.0722,622.7254)	(-81.5493,35.8443,609.5442)	(-48.5401,18.9206,603.2931)	(-26.5741,5.3782,612.1268)	(-38.0674,77.5109,594.4721)	
(-28.6391,40.7959,586.2661)	(-88.9125,36.3871,619.5832)	(-63.5098,26.3458,608.4026)	(-26.5818,9.5991,609.1496)	(-7.2963,-4.1602,616.9590)	(-18.4934,64.7628,590.3029)	
(-18.4484,30.6591,586.1640)	(-77.4752,28.4656,610.4884)	(-50.7938,16.8656,606.3030)	(-18.0632,1.2996,612.0522)	(1.4168,-11.7127,619.8904)	(-7.2338,58.5397,590.2255)	
(-20.4744,28.6189,586.1654)	(-78.7803,23.9973,603.4750)	(-52.5720,15.6360,600.2965)	(-21.2693,-2.0096,607.0554)	(2.7194,-16.1310,624.8548)	(-11.4121,55.1871,586.2386)	
(-35.6481,36.4083,581.2855)	(-90.9970,28.9644,598.5706)	(-65.8406,21.7002,595.4014)	(-32.7994,4.2513,602.1548)	(-11.5369,-9.5789,617.9578)	(-25.0414,62.8705,583.3298)	
(-53.9099,47.2848,578.4446)	(-109.2981,41.2284,596.7170)	(-82.1197,30.8107,593.5249)	(-52.5720,15.6360,600.3123)	(-29.7878,2.1944,618.1157)	(-43.7894,74.5772,581.4789)	
(-65.7404,56.5952,593.5294)	(-118.3034,46.1491,593.7959)	(-93.3325,38.9527,592.6161)	(-61.0912,21.9610,603.3739)	(-39.9269,6.6312,632.2148)	(-53.1451,83.4415,585.5823)	
(-78.3396,72.9502,584.6730)	(-134.2260,67.6811,603.9602)	(-107.9654,56.0856,600.7680)	(-75.1515,41.0855,608.5301)	(-54.6886,26.9498,622.3549)	(-65.5949,99.1573,589.7079)	
(-76.4955,75.2349,586.6778)	(-135.3232,72.5482,608.9880)	(-107.7571,64.0931,607.8006)	(-75.5749,45.6666,612.5710)	(-51.7697,32.5486,626.3759)	(-63.6329,103.4249,590.7200)	
(-78.5246,75.2257,586.6778)	(-135.3232,72.4440,608.9880)	(-107.8929,64.0962,607.8078)	(-74.4255,46.8042,614.5359)	(-51.7697,32.4956,625.3830)	(-63.6268,103.4249,590.7129)	
(-76.3145,72.9562,584.6715)	(-133.0315,69.2776,607.9647)	(-107.7508,61.9863,607.7760)	(-73.2858,43.4768,611.5352)	(-51.6329,30.3331,622.3666)	(-63.5525,101.2079,589.6952)	
(-70.1619,70.8316,583.6328)	(-130.3846,68.5667,610.9444)	(-103.4001,57.6928,606.7444)	(-70.0955,40.2336,611.4900)	(-48.1449,26.8870,620.3168)	(-57.4252,97.1374,589.6698)	
(-61.2157,64.0902,586.5336)	(-120.0940,60.3191,612.8522)	(-92.1606,50.5274,608.6698)	(-59.5404,32.9495,612.4074)	(-38.5109,20.5534,622.2418)	(-48.2853,89.2839,591.5730)	
(-50.8985,53.6817,583.4421)	(-109.3280,51.6965,610.7622)	(-83.6798,42.1789,609.5717)	(-52.1293,24.4588,613.3158)	(-28.7806,9.7521,622.1529)	(-40.0350,79.9445,590.4933)	
(-45.8882,44.7412,582.3999)	(-107.8331,44.1493,608.7196)	(-81.3644,35.7312,607.5340)	(-49.9037,18.0281,611.2815)	(-27.6564,1.2996,621.1010)	(-35.8728,73.4516,587.4591)	
(-45.7816,42.5664,583.3629)	(-105.4542,41.9150,606.6972)	(-78.0266,31.3256,603.4964)	(-45.6206,13.7793,610.2346)	(-24.4121,-1.0188,621.0700)	(-33.8279,68.4747,588.3980)	
(-42.7876,45.5354,582.3622)	(-103.2242,41.8482,605.6816)	(-75.6773,31.2791,602.4870)	(-43.4515,15.8550,608.2456)	(-24.4195,1.1349,620.0744)	(-30.7689,71.4202,587.4086)	
(-42.7937,47.6349,582.3872)	(-101.2581,44.0215,606.6752)	(-74.6336,33.3780,602.4928)	(-43.4578,17.9652,608.2616)	(-22.2752,1.2996,620.0846)	(-29.7694,74.5977,587.4154)	
(-41.7602,49.5820,582.3858)	(-101.2644,46.1342,606.6912)	(-74.7220,35.5240,603.4890)	(-41.4032,18.0262,610.2344)	(-20.1175,4.3880,622.0755)	(-29.7683,74.5977,587.4084)	
(-41.7633,49.5820,583.3640)	(-101.2644,46.1279,606.6912)	(-74.7283,37.6169,603.5076)	(-41.3891,20.1433,609.2674)	(-20.1269,4.3830,621.0562)	(-29.7633,74.4857,586.4288)	
(-41.7602,49.5820,582.3802)	(-99.2914,48.3178,607.6892)	(-72.7948,37.7401,605.4932)	(-41.3560,20.0818,608.2570)	(-21.2017,3.2894,620.0711)	(-29.7694,76.5233,586.4358)	
(-38.8176,47.6470,583.3598)	(-99.1632,46.1374,606.6826)	(-72.7948,37.7401,605.4917)	(-39.2480,20.0881,608.2570)	(-17.9692,4.3895,621.0592)	(-28.7484,75.5014,587.4042)	
(-38.7707,47.6440,582.3664)	(-99.1569,44.0341,606.6709)	(-72.6312,35.5302,603.4832)	(-39.2417,17.9811,608.2324)	(-17.9837,4.3846,620.0711)	(-28.7453,75.3816,586.4176)	
(-38.7269,47.5617,581.3588)	(-96.9373,43.9701,605.6584)	(-70.5404,35.5334,602.4840)	(-39.2417,17.9779,608.2308)	(-17.9837,4.3846,620.0592)	(-28.7425,75.3785,586.4134)	
(-38.7412,45.5475,580.3653)	(-96.9373,43.9638,605.6568)	(-70.4590,33.3874,602.4624)	(-39.2121,15.8438,607.2219)	(-17.9773,2.2328,620.0416)	(-26.7041,73.3505,586.3811)	
(-36.7195,45.5536,582.3302)	(-96.7004,43.8295,603.6564)	(-70.3838,33.3374,601.4676)	(-39.2184,17.9506,607.2306)	(-15.7981,2.2423,621.0444)	(-26.7041,73.3444,586.3686)	
