(-15.2502,-37.2698,582.8870)	(-55.8324,-73.8663,607.9495)	(-32.5812,-72.3710,604.8252)	(7.0847,-71.7727,601.6070)	(31.1915,-74.0325,602.4746)	(-13.1527,-8.0522,590.9866)	
(-13.2023,-38.3494,583.8770)	(-55.8828,-73.9895,608.9494)	(-32.5812,-72.3742,604.8310)	(7.0878,-71.8908,601.6084)	(33.5652,-74.3935,605.4440)	(-13.1265,-10.1166,591.9610)	
(-13.1821,-38.4170,584.8570)	(-55.8324,-73.8663,607.9495)	(-32.5812,-72.3742,605.8174)	(7.0847,-71.7727,601.6070)	(33.5652,-74.3935,605.4440)	(-14.1254,-12.2003,592.9524)	
(-13.2023,-38.3494,583.8574)	(-55.8828,-73.9895,608.9494)	(-32.5812,-72.3742,604.8325)	(7.0847,-71.7696,601.6070)	(33.5652,-74.2784,605.4397)	(-14.1254,-12.1807,591.9838)	
(-13.1821,-38.4786,585.8413)	(-55.8828,-73.9895,607.9510)	(-32.5812,-72.3742,604.8325)	(9.1720,-71.7633,601.5938)	(33.4688,-74.2721,604.4510)	(-14.1254,-12.1777,591.9739)	
(-13.1821,-38.4170,584.8514)	(-54.7783,-72.8048,607.9480)	(-32.5812,-72.3742,604.8310)	(9.1720,-71.7633,601.5938)	(33.4688,-74.0325,604.4610)	(-13.1265,-10.1228,591.9766)	
(-13.1821,-38.4170,584.8529)	(-56.9386,-72.9327,609.9594)	(-32.6123,-70.3891,605.8392)	(10.2095,-69.7951,601.5996)	(33.5621,-72.2933,605.4643)	(-13.1265,-10.1197,591.9610)	
(-13.1821,-38.4170,584.8473)	(-56.9386,-72.9327,609.9594)	(-32.5812,-72.3742,604.8310)	(9.1720,-71.7633,601.5938)	(33.5621,-72.1786,605.4643)	(-14.1437,-12.1777,591.9598)	
(-13.1821,-38.4170,584.8416)	(-56.9908,-73.0542,609.9594)	(-32.5812,-72.3710,604.8310)	(9.1720,-71.7633,601.5938)	(33.5621,-72.2933,605.4744)	(-14.1437,-12.1777,591.9696)	
(-13.1821,-38.4170,584.8473)	(-55.8828,-73.9895,608.9494)	(-32.5812,-72.3710,604.8252)	(9.1720,-71.7633,601.5896)	(33.4719,-74.2753,604.4610)	(-14.1254,-12.1777,591.9696)	
(-13.2023,-38.4109,584.8458)	(-55.8324,-73.8663,607.9495)	(-32.6061,-72.3742,604.8310)	(9.1752,-71.8845,601.5968)	(33.4688,-74.2753,605.4296)	(-14.1254,-12.1807,591.9838)	
(-13.2023,-38.3494,583.8630)	(-55.8828,-73.9895,608.9494)	(-32.5812,-72.3742,604.8325)	(7.1348,-71.8845,601.6070)	(33.4688,-74.0325,604.4408)	(-14.1254,-12.2003,592.9652)	
(-13.2023,-38.4109,584.8458)	(-55.8828,-73.9895,608.9494)	(-32.5812,-72.3742,605.8233)	(7.0847,-71.7696,601.6070)	(33.4688,-74.0325,604.4452)	(-13.1466,-10.1067,590.9923)	
(-13.1821,-38.4170,584.8473)	(-55.8828,-73.9895,608.9494)	(-32.5812,-72.1377,604.8194)	(7.0847,-71.7696,601.6070)	(33.4688,-74.2721,604.4510)	(-13.1265,-10.1228,591.9668)	
(-13.2023,-38.3524,583.8728)	(-55.8828,-73.9895,607.9510)	(-32.5812,-72.3710,604.8238)	(7.0847,-71.7696,601.6070)	(33.5652,-74.3966,605.4456)	(-14.1254,-12.2003,592.9638)	
(-13.2023,-38.4109,584.8458)	(-55.8324,-73.8663,607.9495)	(-32.5812,-72.3710,604.8282)	(7.0847,-71.7727,601.6070)	(33.4751,-74.2784,605.4339)	(-14.1254,-12.1972,592.9538)	
(-13.2023,-38.3494,583.8728)	(-55.8828,-73.9895,608.9494)	(-32.5812,-72.1314,602.8318)	(9.1720,-71.7633,601.5896)	(33.5652,-74.3935,605.4440)	(-13.1265,-10.1228,591.9781)	
(-13.2023,-38.3494,583.8630)	(-55.8828,-73.9895,608.9494)	(-32.5812,-72.3742,604.8354)	(7.0878,-71.8908,601.6084)	(33.4751,-74.2784,605.4354)	(-14.1254,-12.1777,591.9796)	
(-13.2023,-38.4109,584.8431)	(-55.8324,-73.8663,607.9495)	(-32.5812,-72.3742,604.8310)	(7.0847,-71.7696,601.6070)	(33.4719,-74.2753,605.4296)	(-14.1070,-12.2003,592.9538)	
(-13.2023,-38.3524,583.8728)	(-55.8828,-73.9895,608.9494)	(-32.5812,-72.3742,604.8310)	(7.0847,-71.7696,601.6070)	(33.4688,-74.2753,605.4296)	(-13.1466,-10.1036,590.9866)	
(-13.2023,-38.4140,584.8473)	(-55.8828,-73.9895,608.9494)	(-32.5812,-72.3710,604.8252)	(7.0847,-71.7727,601.6070)	(33.4688,-74.2721,604.4466)	(-14.1254,-12.1777,591.9781)	
(-13.1821,-38.4170,584.8570)	(-55.8324,-73.8663,607.9495)	(-32.5812,-72.1346,604.8238)	(7.0878,-71.7696,601.6084)	(33.5652,-74.3966,605.4456)	(-14.1254,-12.1942,592.9482)	
(-13.2023,-38.4109,584.8458)	(-55.8828,-73.9895,608.9494)	(-32.6061,-72.3742,604.8325)	(7.0847,-71.7696,601.6070)	(33.4719,-74.2753,605.4296)	(-14.1437,-12.1777,591.9654)	
(-13.2023,-38.4109,584.8458)	(-55.8828,-73.9895,608.9494)	(-32.5812,-72.3742,604.8282)	(7.0816,-72.6834,601.5996)	(33.2854,-74.2721,604.4466)	(-14.1254,-12.1777,591.9838)	
(-13.2023,-38.3494,583.8476)	(-55.8828,-73.9895,608.9494)	(-32.5812,-72.3742,604.8310)	(9.1720,-71.8782,601.5912)	(33.4688,-74.2721,604.4668)	(-14.1254,-12.2003,592.9580)	
(-13.2023,-38.3494,583.8728)	(-55.8828,-73.9895,608.9494)	(-32.5812,-72.3742,604.8325)	(7.0847,-71.7696,601.6070)	(33.4751,-74.2784,605.4339)	(-14.1254,-12.1777,591.9796)	
(-13.1821,-38.4170,584.8766)	(-55.8828,-73.9895,608.9494)	(-32.5812,-72.3742,604.8310)	(7.0847,-71.7696,601.6070)	(33.4751,-74.2753,604.4610)	(-14.1254,-12.2003,592.9680)	
(-13.1821,-38.4170,584.8473)	(-55.8324,-73.8663,607.9495)	(-32.5812,-72.3710,604.8310)	(7.0847,-71.7727,601.6070)	(33.4751,-74.2753,604.4610)	(-14.1254,-12.2003,592.9538)	
(-13.1821,-38.4170,584.8458)	(-55.8324,-73.8663,607.9495)	(-32.5812,-72.3710,604.8310)	(7.0878,-71.8908,601.6084)	(33.5652,-74.2784,605.4397)	(-14.1437,-12.1777,591.9598)	
(-13.2023,-38.3494,583.8630)	(-55.8828,-73.9895,607.9510)	(-32.5812,-72.3742,604.8325)	(9.1752,-71.8845,601.5968)	(33.4688,-74.0325,604.4408)	(-14.1254,-12.1972,592.9538)	
(-13.2023,-38.3494,583.8728)	(-55.8828,-73.9895,607.9526)	(-32.5812,-72.3742,604.8325)	(7.0847,-71.8845,601.6070)	(33.4688,-74.2721,604.4610)	(-14.1254,-12.1972,592.9566)	
(-13.2023,-38.3494,583.8672)	(-55.8828,-73.9895,607.9510)	(-32.5812,-72.3742,604.8325)	(9.1216,-73.7247,600.5861)	(33.4688,-74.2721,604.4510)	(-13.1265,-10.1228,591.9838)	
(-13.2023,-38.3494,583.8728)	(-55.8828,-73.9895,608.9494)	(-32.6061,-72.3742,604.8325)	(7.0847,-71.7696,601.6070)	(33.5652,-74.2784,605.4397)	(-13.1265,-10.1259,592.9524)	
(-13.2023,-38.3494,583.8728)	(-55.8828,-73.9895,608.9494)	(-32.5812,-72.3742,604.8325)	(9.1720,-71.8814,601.5938)	(33.4688,-74.2721,604.4466)	(-14.1254,-12.2003,592.9580)	
(-13.2023,-38.3494,583.8574)	(-55.8828,-73.9895,608.9494)	(-32.5812,-72.3742,604.8325)	(7.0847,-71.8845,601.6070)	(33.5652,-74.2784,605.4397)	(-14.1070,-12.2003,592.9695)	
(-13.1821,-38.4170,584.8570)	(-55.8828,-73.9895,608.9494)	(-32.5812,-72.3742,604.8368)	(9.1752,-71.8845,601.5954)	(33.4688,-74.2721,604.4466)	(-14.1254,-12.1777,591.9696)	
(-13.2225,-38.3433,583.8462)	(-55.8324,-73.8663,607.9495)	(-32.5812,-72.3742,604.8325)	(7.0878,-71.8908,601.6084)	(33.4719,-74.2753,605.4296)	(-14.1254,-12.1777,591.9739)	
(-13.2023,-38.3494,583.8728)	(-56.9386,-72.9327,608.9594)	(-32.6123,-70.3923,605.8392)	(10.2095,-69.7951,601.5996)	(35.7631,-72.5259,607.4347)	(-14.1254,-12.1807,591.9838)	
(-13.1821,-38.4170,584.8570)	(-56.9386,-72.9327,609.9594)	(-30.4904,-72.3678,604.8194)	(9.1720,-71.7633,601.5938)	(33.5621,-72.2933,605.4643)	(-14.1254,-12.2003,592.9608)	
(-13.2023,-38.3494,583.8770)	(-56.9386,-73.0542,609.9594)	(-32.5812,-72.3710,604.8310)	(9.1720,-71.7665,601.5938)	(33.4751,-74.2753,604.4668)	(-14.1254,-12.2003,592.9652)	
(-13.2023,-38.3494,583.8770)	(-55.8828,-73.9895,608.9494)	(-32.5812,-72.3710,604.8310)	(9.1752,-71.8845,601.5968)	(33.4688,-74.2721,604.4510)	(-14.1254,-12.2003,592.9680)	
(-13.2023,-38.3494,583.8770)	(-55.8324,-73.8663,607.9495)	(-32.5812,-72.3710,604.8310)	(7.0847,-71.7696,601.6070)	(33.4719,-74.2753,605.4296)	(-13.1265,-10.1228,591.9724)	
(-13.2023,-38.3494,583.8770)	(-55.8828,-73.9895,607.9510)	(-32.5812,-72.3710,604.8252)	(9.1720,-71.7665,601.5938)	(33.4751,-74.2784,605.4339)	(-13.1466,-10.1036,590.9866)	
(-13.1821,-38.4170,584.8416)	(-55.8828,-73.9895,607.9510)	(-32.5812,-72.3742,604.8325)	(9.1752,-71.8845,601.5954)	(33.5652,-74.2784,605.4339)	(-13.1265,-10.1228,591.9781)	
(-13.2023,-38.3494,583.8574)	(-55.8828,-73.9895,608.9478)	(-32.5812,-72.3742,604.8325)	(7.0847,-71.7696,601.6070)	(33.4688,-74.2721,604.4510)	(-13.1265,-10.1228,591.9724)	
(-13.2023,-38.3494,583.8672)	(-55.8324,-73.8663,607.9495)	(-32.5812,-72.3710,604.8310)	(9.1720,-71.7633,601.5896)	(33.2854,-74.2690,604.4408)	(-14.1254,-12.1942,592.9524)	
(-11.1772,-38.4048,584.8346)	(-55.8828,-73.9895,608.9494)	(-30.4904,-72.3678,604.8194)	(9.1752,-71.8845,601.5968)	(33.4719,-74.2753,605.4296)	(-14.1254,-12.2003,592.9580)	
(-11.1535,-38.4140,584.8514)	(-55.8828,-73.9895,608.9494)	(-30.5084,-72.3678,604.8166)	(9.1720,-71.7665,601.5938)	(33.5652,-74.2784,605.4382)	(-11.0737,-10.1228,591.9766)	
(-11.1535,-38.4079,584.8402)	(-53.7243,-73.8600,607.9378)	(-30.4904,-72.3678,604.8151)	(9.1752,-71.8845,601.5954)	(35.6664,-74.3871,605.4382)	(-12.0692,-12.1942,592.9467)	
(-11.1535,-38.4079,584.8402)	(-53.7243,-73.8600,607.9378)	(-30.4904,-72.3678,604.8209)	(9.1752,-71.8845,601.5954)	(35.6664,-74.2690,605.4180)	(-12.0474,-12.1942,592.9580)	
(-11.1772,-38.3433,583.8518)	(-53.7243,-73.8600,607.9378)	(-30.4904,-72.3647,604.8151)	(11.2594,-71.7571,600.5876)	(35.6664,-74.2721,605.4223)	(-12.0474,-12.1942,592.9665)	
(-9.1249,-38.4079,584.8402)	(-53.7243,-73.8600,607.9378)	(-28.3996,-72.1188,604.8005)	(11.2563,-71.7571,600.5904)	(36.7170,-75.0664,606.4198)	(-11.0502,-10.1358,592.9510)	
(-9.1520,-38.3372,583.8350)	(-51.5726,-73.7304,606.9264)	(-28.3996,-72.1188,604.7947)	(11.2563,-71.7571,600.5888)	(36.8154,-73.2159,607.4332)	(-11.0737,-10.1197,591.9766)	
(-9.1249,-38.4048,584.8346)	(-51.5726,-73.7304,606.9264)	(-26.3087,-72.1126,604.7831)	(13.3436,-71.7508,600.5746)	(39.0219,-73.3355,608.4102)	(-8.9940,-10.1297,592.9296)	
(-7.0963,-38.4018,584.8290)	(-49.4279,-73.6009,605.9178)	(-26.3066,-72.1094,602.7928)	(13.3467,-71.7508,601.5664)	(38.9200,-73.3323,607.4113)	(-8.9940,-10.1297,592.9380)	
(-5.1418,-36.2337,582.8310)	(-49.4279,-73.6009,605.9178)	(-24.2193,-71.9849,602.7782)	(16.4715,-69.7762,601.5635)	(41.1300,-73.3292,607.4200)	(-5.9096,-11.1434,592.9282)	
(-3.0766,-38.3804,584.7896)	(-47.2901,-73.4714,604.9065)	(-22.1319,-71.9787,602.7624)	(18.5651,-69.7700,601.5550)	(43.2444,-72.5132,608.3825)	(-5.9387,-10.1173,591.9426)	
(-1.1015,-36.2826,583.7929)	(-47.3267,-73.5946,605.9034)	(-22.1319,-71.9787,601.7744)	(20.6524,-69.7637,601.5418)	(43.2381,-72.5069,607.3996)	(-3.8534,-11.1403,592.9168)	
(0.8728,-36.2154,582.7934)	(-45.1924,-73.4651,604.8921)	(-20.0457,-71.9724,601.7629)	(20.6556,-69.7637,601.5434)	(44.2890,-70.3935,607.3924)	(-1.7971,-11.1341,592.9067)	
(0.0465,-36.2826,583.7929)	(-45.1924,-73.4651,604.8921)	(-20.0457,-71.9724,601.7644)	(20.6493,-69.7637,601.5404)	(44.1848,-70.2855,606.4195)	(-1.7971,-11.1310,592.9024)	
(0.0434,-36.4139,585.7765)	(-43.0352,-73.2124,602.8810)	(-20.0508,-71.8511,601.7498)	(21.7672,-70.7990,602.5236)	(46.2894,-70.2823,606.4122)	(-1.7581,-10.1334,593.8994)	
(2.0263,-37.4157,585.7652)	(-43.0352,-73.2124,602.8810)	(-17.9752,-71.7266,600.7461)	(23.7866,-70.7927,602.5178)	(48.5114,-70.3904,607.3893)	(0.3016,-10.1210,593.8908)	
(4.0549,-36.4017,585.7540)	(-40.9181,-73.0830,601.8698)	(-15.9186,-71.5991,598.7514)	(23.8549,-68.8192,602.5466)	(50.7404,-70.4984,608.3620)	(0.3016,-10.1210,593.8838)	
(6.1365,-36.3925,585.7526)	(-38.8307,-73.0767,601.8583)	(-14.8725,-70.5533,600.7258)	(26.1112,-68.0010,604.5232)	(53.0942,-68.6001,610.3464)	(2.3613,-10.1148,593.8766)	
(6.1365,-36.3925,585.7736)	(-36.7434,-73.0705,600.8486)	(-14.8831,-70.5470,598.7484)	(28.2089,-67.9916,604.5014)	(52.9699,-68.4924,609.3680)	(4.3655,-8.0312,592.8797)	
(7.2073,-35.3070,585.7357)	(-36.7434,-73.0705,601.8468)	(-12.8093,-70.4306,598.7370)	(30.3097,-67.9884,604.4956)	(54.1566,-69.5478,610.3448)	(6.4217,-8.0250,592.8866)	
(9.1846,-35.2386,584.7250)	(-35.6997,-71.8981,601.8453)	(-10.7292,-70.5346,599.7076)	(30.3915,-65.9962,605.4990)	(54.1472,-67.3215,610.3433)	(6.4217,-8.0281,592.8839)	
(13.2487,-35.2887,584.7180)	(-32.5313,-72.5561,599.8288)	(-8.6343,-69.4950,598.7154)	(34.6033,-65.9867,605.4815)	(56.2783,-67.5366,611.3466)	(10.5940,-8.0283,593.8467)	
(16.2968,-36.3559,585.6976)	(-29.4085,-72.6823,598.8046)	(-3.4598,-69.4857,599.6646)	(36.6981,-65.9804,605.4684)	(60.9275,-66.7952,613.3104)	(11.6269,-8.0346,593.8464)	
(17.1597,-35.3388,585.6934)	(-27.3419,-72.6761,597.7980)	(-3.4660,-69.4794,598.6767)	(38.7962,-65.9740,605.4568)	(61.0607,-64.7713,614.3487)	(13.7485,-9.0641,594.8304)	
(17.2317,-35.3981,585.7102)	(-27.3419,-72.6761,597.7980)	(-1.3859,-69.4732,598.6652)	(38.8056,-65.9740,605.4626)	(60.9180,-64.6642,613.3396)	(12.6414,-5.9603,593.8464)	
(18.4026,-36.4138,586.6844)	(-26.2920,-73.4504,597.7866)	(-1.3890,-69.4701,598.6552)	(39.8530,-67.0162,606.4426)	(63.1962,-64.7649,614.3222)	(15.8055,-6.9896,594.8248)	
(20.3548,-34.3126,585.6878)	(-26.2900,-73.4504,597.7866)	(0.6545,-69.3585,597.6659)	(39.9472,-64.9129,606.4601)	(65.3252,-65.1803,614.3310)	(15.7371,-6.9850,594.8190)	
(22.4675,-33.3422,586.6632)	(-24.2199,-73.4504,596.7771)	(2.7650,-67.3847,598.6508)	(42.0550,-65.0155,606.4512)	(65.3284,-64.7617,614.3250)	(17.8686,-5.9570,594.8176)	
(22.4675,-33.2925,585.6849)	(-22.1529,-73.3194,596.7642)	(2.7280,-69.3492,597.6487)	(42.0613,-65.0155,606.4571)	(64.2495,-64.0041,616.3211)	(17.8686,-5.9539,594.8134)	
(22.3869,-33.2925,585.6792)	(-22.1512,-73.4442,596.7642)	(2.7280,-69.3523,597.6586)	(44.2701,-64.0693,607.4342)	(66.6877,-64.4157,619.3116)	(20.0071,-5.9598,595.8014)	
(24.5031,-33.3422,586.6659)	(-22.1512,-73.4442,596.7642)	(4.8419,-69.4513,598.6208)	(44.2701,-64.0661,607.4284)	(0.0000,0.0000,-1.0000)	(20.0071,-5.9598,595.7984)	
(24.5031,-33.2833,585.6751)	(-22.1498,-73.4442,596.7642)	(4.8388,-67.4896,598.6508)	(44.1659,-63.9653,606.4426)	(68.0572,-63.3363,619.3056)	(20.0071,-5.9629,595.8029)	
(24.5031,-33.3422,586.6632)	(-20.0808,-73.3132,596.7498)	(3.8901,-68.3083,599.6286)	(44.2669,-64.0629,607.4182)	(68.1975,-63.1324,619.2849)	(20.0071,-5.9629,595.8029)	
(26.6261,-33.3391,586.6576)	(-18.0190,-73.1822,595.7418)	(5.8773,-68.3020,598.6435)	(46.3782,-64.0566,607.4110)	(69.2723,-64.0008,620.2820)	(22.1525,-5.9719,596.7968)	
(28.6651,-33.3360,587.6328)	(-18.0190,-73.1822,595.7418)	(8.0061,-68.4024,599.6213)	(46.3845,-64.0693,607.4386)	(69.1174,-63.8955,619.2834)	(24.2226,-5.9685,596.7881)	
(28.6651,-33.3330,586.6463)	(-18.0073,-73.1822,595.7418)	(7.9574,-68.2958,599.6156)	(46.3845,-64.0661,607.4386)	(69.1238,-63.8955,618.3156)	(24.2226,-5.9685,596.7866)	
(30.7986,-33.4414,588.6208)	(-15.9489,-73.1760,594.7310)	(7.9512,-68.1798,598.6263)	(48.7242,-64.2645,609.3927)	(71.2731,-63.9944,619.2862)	(24.2226,-5.9657,596.7796)	
(30.7041,-33.3269,586.6350)	(-13.8975,-73.1698,594.7196)	(10.0865,-67.4771,599.6140)	(48.6131,-64.1637,608.4098)	(71.4250,-64.0997,620.2702)	(26.2008,-3.8780,596.7679)	
(32.8379,-33.4322,588.6109)	(-13.9069,-73.1698,594.7196)	(12.1114,-67.3629,598.6090)	(50.8455,-64.2677,609.4029)	(71.4250,-64.0997,619.3026)	(28.4519,-5.9654,597.7618)	
(32.7369,-33.4940,589.6059)	(-13.8975,-73.1698,594.7196)	(10.0896,-67.4771,599.6198)	(50.9631,-64.3653,610.3842)	(71.4186,-64.0965,619.2922)	(26.2865,-3.8818,596.7808)	
(32.8379,-33.4414,588.6208)	(-13.8975,-73.1698,594.7196)	(10.0896,-67.4740,599.6256)	(50.9631,-64.3653,610.3842)	(71.5737,-64.2018,620.2953)	(26.2865,-3.8842,596.7836)	
(30.7041,-33.3826,587.6286)	(-13.9069,-73.0451,594.7196)	(10.0896,-67.4771,599.6256)	(48.7305,-64.2709,609.4088)	(71.4314,-64.1986,620.2805)	(26.3722,-3.8898,597.7646)	
(30.7986,-33.4352,587.6357)	(-15.9610,-73.1760,594.7310)	(10.0865,-67.4771,599.6098)	(48.7273,-64.2645,609.3970)	(71.4314,-64.2018,620.2909)	(26.3784,-5.9685,597.7688)	
(30.7986,-33.3856,588.6208)	(-15.9641,-73.1760,594.7310)	(8.0061,-68.2958,599.6256)	(48.7273,-64.2645,609.3970)	(69.2690,-63.8955,619.3041)	(26.3784,-5.9685,597.7661)	
(30.7986,-33.4383,588.6222)	(-15.9641,-73.1760,594.7310)	(7.9118,-70.3620,598.6062)	(48.7273,-64.2677,609.4029)	(69.1270,-63.8955,619.2937)	(26.3784,-5.9716,597.7746)	
(28.6651,-33.3330,586.6463)	(-15.9489,-71.2321,596.7383)	(8.0061,-68.4024,599.6156)	(46.6155,-64.2709,609.4044)	(69.2755,-64.0008,620.2820)	(24.3048,-5.9688,596.7938)	
(28.6651,-33.3360,586.6519)	(-18.0104,-71.3596,596.7512)	(8.0061,-68.4024,599.6198)	(46.6155,-64.2804,609.4264)	(69.4207,-64.1062,620.2924)	(24.2226,-5.9657,596.7866)	
(28.7561,-33.3856,587.6342)	(-18.0073,-71.3596,597.7477)	(8.0123,-68.4118,599.6313)	(46.6155,-64.2804,609.4264)	(69.2787,-64.1062,620.2924)	(24.3048,-5.9688,597.7676)	
(28.6651,-33.3330,586.6463)	(-18.0104,-71.3596,596.7512)	(5.8804,-68.3020,599.6213)	(44.3900,-64.1796,608.4492)	(69.4207,-64.1062,620.2984)	(24.2226,-5.9685,596.7881)	
(28.6651,-33.3360,586.6519)	(-20.0777,-71.4871,597.7606)	(5.9256,-68.4118,599.6328)	(44.6015,-62.2638,609.4568)	(68.2007,-63.2360,619.3160)	(24.2226,-5.9685,596.7866)	
(26.5386,-33.3330,586.6490)	(-22.1512,-71.4934,597.7721)	(3.8421,-68.3083,598.6550)	(44.4942,-64.2804,609.4248)	(67.1227,-63.6913,619.3204)	(22.1525,-5.9657,596.7881)	
(26.5386,-33.3330,586.6478)	(-20.0808,-71.4871,597.7606)	(3.8483,-68.4149,599.6386)	(44.4973,-64.2804,609.4248)	(67.2676,-63.9020,620.2896)	(22.1525,-5.9688,596.7896)	
(24.4190,-33.2833,585.6736)	(-22.1557,-69.5356,598.7802)	(3.8483,-68.4180,599.6328)	(42.3792,-64.2868,609.4380)	(67.1227,-63.9020,621.2884)	(20.0071,-5.9660,595.8114)	
(24.7615,-35.4981,588.6421)	(-24.2296,-69.5419,599.7912)	(2.7650,-67.3910,598.6608)	(40.1606,-65.1371,608.4609)	(66.0479,-63.1421,619.3072)	(20.0071,-5.9598,595.8042)	
(22.6350,-35.3920,586.6732)	(-24.2296,-69.5419,598.7917)	(2.8050,-67.4928,599.6386)	(40.1638,-65.1402,608.4566)	(64.9699,-63.9084,619.3175)	(17.8686,-5.9632,594.8275)	
(20.3548,-34.3065,585.6792)	(-26.3065,-69.5481,599.8028)	(0.6880,-67.3972,598.6737)	(40.1606,-65.1307,608.4566)	(63.4726,-63.0385,617.3112)	(17.8686,-5.9632,594.8290)	
(20.4381,-35.3981,586.6830)	(-26.3065,-69.5481,598.8046)	(-1.3558,-67.5053,598.6895)	(37.9553,-65.1371,608.4652)	(61.0543,-62.9413,614.3678)	(15.8055,-6.9958,594.8432)	
(20.4381,-35.4512,586.6886)	(-26.3065,-69.5481,598.8032)	(-1.3527,-67.5147,599.6788)	(37.9521,-65.1371,607.4692)	(61.3398,-62.8442,616.3654)	(15.8055,-6.9896,594.8290)	
(16.2968,-36.3589,586.6886)	(-32.5438,-72.6792,599.8288)	(-5.5692,-69.4888,598.6910)	(36.8949,-66.2017,606.4704)	(61.0639,-66.9025,614.3092)	(13.7485,-9.0672,594.8362)	
(16.2968,-36.3589,586.6844)	(-32.5438,-72.6792,599.8316)	(-6.5752,-69.4888,598.6982)	(34.7900,-66.2080,607.4766)	(58.9252,-64.9855,614.3546)	(11.6884,-8.0408,594.8376)	
(13.3138,-35.3510,585.7328)	(-34.6401,-72.6855,600.8398)	(-8.6522,-69.4919,598.7054)	(32.6788,-66.2112,606.5066)	(56.4109,-67.6489,612.3498)	(10.5940,-8.0345,593.8551)	
(13.3138,-35.3510,585.7174)	(-35.6820,-71.8981,600.8456)	(-10.7147,-69.5044,599.7134)	(32.5936,-68.2104,606.4806)	(54.1598,-67.5429,611.3670)	(8.5343,-8.0345,593.8536)	
(9.1846,-35.3040,584.7516)	(-37.7659,-71.9043,601.8568)	(-12.7920,-70.5408,599.7322)	(30.4858,-68.2136,606.4864)	(53.2217,-68.7141,611.3510)	(6.4746,-8.0407,593.8623)	
(7.1525,-35.3070,584.7614)	(-37.7659,-71.9043,600.8571)	(-14.8587,-70.5502,600.7300)	(28.3029,-68.1089,605.5063)	(50.9853,-68.6160,610.3786)	(6.4746,-8.0407,593.8680)	
(5.1205,-35.3192,584.7782)	(-39.8498,-71.9106,601.8684)	(-15.8944,-69.7557,600.7488)	(26.1986,-68.1152,605.5149)	(50.9853,-68.6128,610.3888)	(2.3552,-8.0469,593.8752)	
(3.0884,-35.3253,584.7854)	(-41.9618,-72.0383,601.8799)	(-17.9728,-69.7588,600.7619)	(24.0942,-68.1247,605.5280)	(48.7431,-68.5051,609.3914)	(2.3092,-8.0404,592.9109)	
(3.0406,-36.3376,584.7755)	(-41.9618,-72.0383,601.8799)	(-17.9666,-69.8767,601.7542)	(24.0197,-68.0105,604.5362)	(48.8637,-68.6192,610.3800)	(2.3552,-8.0435,592.9151)	
(1.0120,-36.3376,584.7755)	(-41.9618,-72.0383,601.8799)	(-17.9635,-69.8767,601.7556)	(23.8580,-68.8192,602.5322)	(48.9811,-68.7332,611.3687)	(0.2955,-8.0592,593.9007)	
(2.0724,-37.4157,585.7765)	(-44.0806,-72.0446,602.8911)	(-20.0508,-69.8829,601.7687)	(21.9126,-68.7064,602.5408)	(46.5236,-70.5111,609.3799)	(0.2530,-8.0497,592.9151)	
(-1.0166,-36.3467,584.7980)	(-46.1714,-72.1723,602.9027)	(-22.1382,-69.8892,602.7710)	(20.6493,-69.7637,601.5418)	(44.5100,-68.5147,609.3944)	(-1.7581,-11.1519,593.9052)	
(-1.9856,-36.3498,584.7980)	(-48.3773,-72.4215,605.9092)	(-24.2242,-70.0134,602.7898)	(18.4960,-69.7668,601.5520)	(44.5258,-70.6350,609.4163)	(-3.8503,-11.1434,593.9066)	
(-5.1418,-36.2398,583.8180)	(-50.4816,-72.5492,606.9206)	(-26.3150,-70.0197,602.8072)	(16.4684,-69.7762,601.5635)	(40.0760,-71.3484,608.4248)	(-6.9377,-10.1173,591.9582)	
(-9.1852,-36.2398,582.8340)	(-54.7783,-72.8048,607.9480)	(-30.4813,-72.1251,602.8159)	(12.2412,-69.6711,601.5808)	(36.8123,-73.2191,606.4502)	(-9.0210,-10.1105,591.9539)	
(-11.1772,-38.3402,583.8406)	(-56.9386,-72.9327,608.9594)	(-30.4813,-72.1251,602.8144)	(11.2024,-71.6359,600.5861)	(35.6601,-72.2902,606.4298)	(-11.0737,-10.1135,591.9512)	
(-11.1772,-38.3433,583.8462)	(-56.8864,-72.8112,608.9594)	(-32.5812,-72.1314,602.8290)	(9.1154,-71.6422,600.5946)	(33.2823,-74.0262,602.4688)	(-14.1437,-12.1777,591.9583)	
(-13.2225,-38.3463,583.8518)	(-56.8864,-72.8112,607.9597)	(-32.5812,-72.1314,602.8275)	(7.0847,-71.6484,601.6070)	(33.4688,-74.0294,604.4452)	(-13.1466,-10.1067,590.9923)	
(-17.2526,-39.3690,583.8758)	(-61.1617,-73.8726,609.9828)	(-36.7628,-73.1842,602.8549)	(4.9507,-72.6897,600.6208)	(31.1884,-74.0294,602.4703)	(-16.1965,-12.1838,591.9796)	
(-19.2520,-38.3676,583.8813)	(-61.1617,-73.8726,609.9828)	(-37.7870,-72.1471,602.8564)	(4.9445,-72.5668,599.6214)	(29.0944,-73.9174,602.4602)	(-18.2379,-12.1900,592.0064)	
(-19.2649,-38.4353,584.8795)	(-62.2783,-72.9454,609.9886)	(-37.8081,-72.1471,602.8564)	(3.9025,-71.6578,599.6287)	(26.9207,-74.7159,602.4760)	(-19.2849,-10.1444,592.0008)	
(-20.2903,-38.3707,583.8966)	(-64.4639,-71.0774,611.0088)	(-39.9052,-70.2964,604.8802)	(1.8187,-71.5429,599.6388)	(26.9238,-73.9237,602.4718)	(-19.2849,-10.1475,591.9867)	
(-22.3261,-36.2854,583.9008)	(-64.3996,-70.9593,610.0090)	(-42.0521,-70.4207,605.8858)	(-0.3063,-71.5491,598.6510)	(24.7477,-74.5959,601.5044)	(-21.3377,-11.1687,592.0136)	
(-24.3382,-38.5183,585.9032)	(-68.7720,-71.2082,613.0322)	(-42.0521,-70.4207,605.8858)	(-2.4151,-71.5554,598.6610)	(22.5847,-74.4758,600.5169)	(-23.3905,-11.1749,592.0320)	
(-26.3680,-38.4567,584.9356)	(-68.7720,-71.2082,612.0322)	(-44.1498,-70.4270,605.9046)	(-2.4213,-71.4372,598.6595)	(22.6638,-74.5959,601.5044)	(-24.4199,-10.1568,592.0391)	
(-26.3695,-36.3006,582.9583)	(-68.7720,-71.2082,612.0322)	(-44.1498,-70.4270,605.9004)	(-4.4983,-71.4404,597.6761)	(21.5476,-73.5657,599.5352)	(-26.4697,-10.1629,592.0604)	
(-28.3942,-36.3036,583.9344)	(-70.9686,-71.3327,614.0439)	(-46.2824,-70.5513,606.9088)	(-4.5014,-71.4404,597.6746)	(21.5445,-73.5657,599.5294)	(-26.4758,-8.1081,592.0434)	
(-30.4251,-36.3740,583.9806)	(-73.2566,-69.4409,617.0644)	(-48.3836,-70.5577,606.9204)	(-6.5783,-71.4466,597.6860)	(19.3932,-73.5657,598.5432)	(-28.5283,-10.1884,593.0618)	
(-32.4629,-36.4444,584.9818)	(-73.1003,-69.2116,614.0644)	(-50.5329,-68.5718,607.9405)	(-8.6764,-71.3316,597.6975)	(17.3162,-73.4567,598.5432)	(-28.5283,-8.1143,592.0547)	
(-36.5336,-37.5318,585.9944)	(-77.6913,-69.6831,617.0880)	(-52.6828,-68.5781,607.9536)	(-12.7951,-70.4213,598.7284)	(10.9651,-73.4630,597.5670)	(-34.7133,-8.1645,594.0918)	
(-38.5747,-36.5944,586.9999)	(-76.4646,-67.3193,615.0952)	(-54.7909,-68.5845,607.9668)	(-13.8478,-71.4684,597.7262)	(8.8919,-74.2605,596.6008)	(-34.7032,-8.1487,593.0944)	
(-39.6528,-36.5300,587.0014)	(-76.4646,-67.3193,615.0909)	(-54.7909,-68.5845,607.9654)	(-13.8633,-71.3471,596.7268)	(8.8919,-74.2605,597.5785)	(-36.7791,-8.1707,594.1074)	
(-41.6701,-36.6648,588.0125)	(-78.7705,-67.5482,617.1027)	(-56.8990,-68.7054,608.9768)	(-17.9986,-71.4809,597.7506)	(6.7717,-74.1404,596.6008)	(-38.8388,-8.1769,594.1230)	
(-43.7121,-36.6710,588.0238)	(-81.0934,-67.6659,619.1176)	(-59.1184,-68.8295,609.9884)	(-17.9986,-71.4809,597.7492)	(5.6900,-73.2324,595.5988)	(-40.9190,-8.1990,595.1288)	
(-45.7220,-36.6127,587.0604)	(-83.3364,-65.9651,620.1384)	(-60.2428,-67.7677,611.0028)	(-20.0767,-69.4115,598.7672)	(5.7384,-74.1497,596.6080)	(-42.9852,-9.2140,595.1417)	
(-47.7575,-36.6189,588.0464)	(-83.4301,-65.8509,621.1356)	(-62.4222,-67.8870,612.0144)	(-24.2247,-71.4996,597.7836)	(0.4955,-74.0388,593.6432)	(-45.0484,-9.2378,595.1516)	
(-49.8710,-36.7538,589.0774)	(-85.7775,-66.2950,623.1478)	(-64.5378,-67.0650,613.0230)	(-26.3065,-69.5481,598.8032)	(-1.5673,-74.0450,593.6532)	(-46.0800,-8.2145,595.1616)	
(-52.0043,-36.8887,591.0590)	(-85.6803,-67.1572,622.1476)	(-63.5521,-67.0618,613.0218)	(-26.2982,-71.5058,597.7950)	(-1.5611,-74.0481,593.6588)	(-48.1524,-8.2208,595.1886)	
(-54.0047,-36.8305,590.0999)	(-88.1387,-66.2950,625.1600)	(-65.7372,-67.1761,613.0335)	(-28.3780,-69.4365,597.8166)	(-3.6301,-74.0481,593.6588)	(-50.2515,-8.2429,596.1861)	
(-56.1030,-36.8428,590.1211)	(-87.9374,-66.0794,625.1571)	(-65.6711,-67.0650,613.0320)	(-30.4605,-70.3546,598.8262)	(-5.6929,-74.9570,593.6673)	(-50.2155,-8.2270,596.1762)	
(-56.0537,-36.8397,590.1112)	(-87.9374,-66.0794,623.1626)	(-65.6711,-67.0650,613.0320)	(-30.4515,-70.3546,598.8289)	(-5.6929,-74.9539,593.6673)	(-50.2155,-8.2270,596.1719)	
(-56.1030,-36.8428,590.1211)	(-87.9374,-66.0794,623.1626)	(-65.6711,-67.0650,613.0320)	(-30.4515,-70.3546,598.8262)	(-5.6929,-74.9570,593.6703)	(-50.2155,-8.2270,596.1662)	
(-56.0506,-36.8366,590.1169)	(-87.9374,-66.0794,623.1626)	(-67.8660,-67.1825,614.0437)	(-30.4425,-70.1154,597.8266)	(-7.7754,-74.8381,592.6964)	(-52.3212,-8.2491,597.1836)	
(-58.0995,-37.9267,591.0973)	(-87.9374,-66.0794,623.1626)	(-67.8660,-67.1825,614.0393)	(-30.4363,-72.1806,596.8185)	(-5.6867,-74.9601,593.6844)	(-52.3212,-8.2491,596.2017)	
(-60.1485,-37.9990,592.1087)	(-90.3055,-66.5237,625.1750)	(-67.9355,-67.2937,614.0465)	(-31.4852,-71.5245,597.8252)	(-7.7526,-74.9632,593.6817)	(-54.4798,-8.2873,598.2052)	
(-60.2610,-37.9990,592.1242)	(-90.3055,-67.3893,625.1736)	(-67.8660,-67.1825,614.0393)	(-33.5760,-69.4521,598.8434)	(-9.8123,-74.8443,593.6817)	(-54.4798,-8.2873,598.2052)	
(-60.2017,-37.9329,591.1242)	(-90.3055,-67.3893,625.1720)	(-67.8660,-67.1825,614.0408)	(-33.5618,-69.4521,598.8404)	(-9.8061,-74.8443,593.6817)	(-54.4767,-8.2873,597.2234)	
(-62.1944,-38.0714,593.1201)	(-90.3055,-66.3016,625.1750)	(-70.2137,-67.5225,615.0583)	(-33.5760,-69.4521,598.8434)	(-10.8452,-73.9371,593.7016)	(-54.4400,-8.2713,597.2177)	
(0.0000,0.0000,-1.0000)	(-90.4096,-66.5237,626.1693)	(-70.2137,-67.5225,617.0554)	(-33.5618,-69.4521,598.8419)	(-9.8092,-74.9632,593.6874)	(-54.4798,-8.2873,598.2052)	
(-60.1485,-37.9990,592.1087)	(-90.3055,-67.4989,625.1750)	(-67.9355,-67.2937,614.0465)	(-33.5618,-69.4521,598.8434)	(-9.8123,-74.9632,593.6901)	(-54.4767,-8.2873,598.2008)	
(-60.1424,-37.9329,591.1086)	(-90.4096,-66.6316,626.1738)	(-67.9355,-67.2937,615.0436)	(-31.4883,-71.6490,597.8266)	(-9.8092,-74.8443,592.6936)	(-54.4400,-8.2713,597.2177)	
(-60.1485,-38.0021,592.1144)	(-90.4096,-66.6316,626.1722)	(-67.9355,-67.2937,615.0436)	(-32.5313,-72.4330,598.8291)	(-7.7526,-74.9601,593.6760)	(-55.5196,-10.3629,598.2152)	
(-58.0995,-37.9267,591.0973)	(-88.1387,-66.2950,626.1573)	(-67.9355,-67.2937,615.0436)	(-32.5500,-70.4805,599.8373)	(-7.7526,-74.9632,593.6817)	(-53.3956,-10.3372,597.2035)	
(-58.1523,-37.9267,591.1184)	(-88.2393,-66.4028,626.1602)	(-65.8032,-67.2873,614.0348)	(-30.4453,-72.4268,598.8176)	(-5.6867,-74.9601,593.6844)	(-53.3956,-10.3567,598.1852)	
(-56.0506,-36.8366,590.1154)	(-88.2393,-66.7328,626.1631)	(-65.8032,-67.2873,615.0318)	(-30.4543,-72.4268,598.8176)	(-5.6837,-75.0790,594.6624)	(-51.2817,-10.3116,596.1876)	
(-56.0537,-36.8366,590.1128)	(-89.3147,-68.5753,626.1602)	(-66.7920,-69.3070,615.0290)	(-30.4543,-71.6428,598.8176)	(-5.6867,-75.0790,593.6802)	(-53.4368,-10.3567,598.1909)	
(-56.0506,-36.8366,590.1154)	(-85.9718,-66.2885,625.1480)	(-65.8032,-67.2873,615.0318)	(-28.3718,-71.5121,597.8080)	(-5.6837,-75.0790,593.6844)	(-51.2848,-10.3310,597.1778)	
(-56.1492,-39.0234,592.0988)	(-85.9718,-66.4028,625.1480)	(-65.8032,-67.2873,615.0318)	(-28.3718,-71.5121,597.8066)	(-4.6288,-73.0234,594.6667)	(-51.2848,-10.3310,597.1778)	
(-56.1492,-39.0851,593.0775)	(-85.9718,-66.5107,625.1480)	(-64.7371,-68.2320,615.0260)	(-28.3836,-69.5544,598.8146)	(-4.5977,-73.1450,594.6823)	(-51.3256,-10.3310,597.1920)	
(-56.0506,-39.1529,594.0874)	(-86.0690,-66.6185,626.1452)	(-64.8658,-68.3448,617.0258)	(-28.3891,-69.6723,600.8123)	(-2.5311,-73.2573,595.6502)	(-51.3256,-10.3504,598.1737)	
(0.0000,0.0000,-1.0000)	(-86.0690,-66.7263,626.1510)	(-62.6048,-67.2777,615.0142)	(-26.3086,-69.6660,600.8022)	(-0.4583,-73.2573,596.6267)	(-49.1778,-10.3248,596.1861)	
(0.0000,0.0000,-1.0000)	(-83.8050,-66.2820,625.1360)	(-61.4700,-69.2910,613.9996)	(-24.2282,-69.6598,600.7892)	(1.6498,-73.3695,596.6410)	(-47.1084,-10.2798,595.1604)	
(0.0000,0.0000,-1.0000)	(-85.0761,-68.1108,628.1408)	(-61.4700,-69.4056,614.9980)	(-24.2269,-69.7776,600.7907)	(1.6083,-73.2510,596.6152)	(-47.1115,-10.2798,595.1745)	
(-49.8679,-39.8143,589.0633)	(-81.6382,-68.2220,625.1196)	(-61.4700,-69.2910,614.0040)	(-22.1430,-71.7360,599.7712)	(1.6021,-73.2448,595.6274)	(-46.0478,-11.2820,595.1490)	
(-47.7454,-38.6595,587.0493)	(0.0000,0.0000,-1.0000)	(-59.2855,-69.1701,612.9880)	(-22.1430,-71.7360,599.7726)	(3.7167,-73.2480,596.6080)	(-44.0076,-13.3621,595.1348)	
(-41.6861,-40.8212,588.0252)	(-78.0315,-70.1418,621.0910)	(-54.9796,-71.1668,611.9560)	(-15.9003,-73.6750,598.7286)	(9.9393,-75.2980,597.5700)	(-41.9222,-12.3295,595.1176)	
(0.0000,0.0000,-1.0000)	(-75.7905,-72.0542,620.0674)	(-52.8124,-71.0424,611.9411)	(-13.8354,-73.6750,598.7214)	(12.0620,-74.5008,597.5600)	(-39.8533,-12.3005,594.1076)	
(-40.6414,-40.7438,587.9845)	(-75.7905,-72.1724,621.0674)	(-52.7608,-73.1629,610.9372)	(-12.7827,-74.5725,598.7114)	(14.1417,-74.5008,597.5586)	(-35.6893,-12.2425,592.0932)	
(0.0000,0.0000,-1.0000)	(-72.4133,-73.0020,618.0453)	(-50.6458,-73.0351,609.9242)	(-12.7796,-74.6989,598.7114)	(16.2183,-74.5008,597.5628)	(-35.6893,-12.2425,592.0833)	
(0.0000,0.0000,-1.0000)	(-70.1977,-72.8758,617.0334)	(-48.4925,-72.9073,609.9052)	(-10.7023,-73.6594,598.6999)	(16.2183,-74.4945,597.5470)	(-33.6452,-14.2911,592.0734)	
(0.0000,0.0000,-1.0000)	(-70.1977,-72.8758,617.0334)	(-46.3809,-72.9009,608.9026)	(-8.6218,-73.6532,598.6884)	(18.3547,-74.6084,598.5147)	(-31.5845,-14.2587,592.0479)	
(-28.3902,-42.5987,585.9146)	(-65.7149,-74.6344,613.0044)	(-41.0758,-73.7019,606.8697)	(-1.3766,-74.6740,598.6382)	(22.5149,-76.5483,599.5094)	(-27.4766,-14.2464,591.0295)	
(-26.3559,-42.5179,584.9288)	(-63.4609,-74.3815,611.9898)	(-39.9909,-74.6146,606.8596)	(0.7035,-74.6677,598.6309)	(24.6713,-76.6718,600.4968)	(-25.4273,-14.2402,591.0139)	
(-22.3033,-42.4311,584.8756)	(-62.3391,-75.0590,610.9840)	(-37.8925,-74.6115,606.8507)	(1.7451,-73.6219,598.6309)	(26.9238,-76.6687,601.4901)	(-23.3810,-14.2341,591.0110)	
(-20.3005,-40.2586,581.9043)	(-62.3391,-75.1840,610.9840)	(-35.7703,-74.4803,605.8394)	(3.8221,-73.6157,598.6194)	(29.0944,-73.9206,602.4645)	(-20.3040,-15.2444,590.9856)	
(-18.2999,-40.2525,581.8973)	(-60.1633,-75.0527,609.9726)	(-35.7734,-74.4803,605.8379)	(3.8221,-73.6157,598.6194)	(31.1915,-74.0357,602.4804)	(-20.3040,-15.2444,590.9912)	
(-18.2883,-40.3206,582.8886)	(-59.1058,-73.0605,609.9710)	(-34.7038,-72.5018,605.8364)	(4.8948,-72.5668,598.6250)	(31.0985,-73.9143,602.4444)	(-18.2608,-12.1477,590.0024)	
(-17.2732,-41.3233,582.8662)	(-57.9944,-73.9959,608.9610)	(-34.6720,-72.3836,605.8291)	(6.9344,-74.5132,598.6022)	(33.4688,-74.0262,602.4587)	(-16.2053,-14.2125,590.9686)	
(-15.2381,-41.3901,583.8450)	(-55.8324,-73.8663,607.9495)	(-32.5812,-72.1346,604.8209)	(9.0588,-71.5210,599.5954)	(35.5665,-74.0200,604.4494)	(-16.2114,-12.1611,590.9698)	
(-13.2427,-38.2878,581.8720)	(-55.8324,-73.8663,607.9495)	(-30.4813,-72.1220,602.8188)	(11.1392,-71.5179,599.5840)	(37.4608,-72.9672,605.4453)	(-14.1621,-12.1323,589.9840)	
(-11.1711,-40.3704,583.8435)	(-51.5726,-73.7304,606.9264)	(-28.3996,-72.1157,602.8028)	(11.1423,-71.6359,599.5854)	(37.4576,-72.8508,605.4150)	(-12.1128,-12.1457,590.9414)	
(-9.2062,-38.2019,581.8456)	(-49.4279,-73.6009,605.9150)	(-26.3066,-71.9975,602.7854)	(13.2832,-71.6297,599.5754)	(38.7068,-72.9641,606.4124)	(-10.0634,-12.1200,589.9516)	
(-7.1880,-38.1958,581.8302)	(-49.4279,-73.6009,605.9178)	(-24.2193,-71.9849,602.7682)	(15.3032,-71.6234,599.5624)	(40.8077,-72.9609,606.4051)	(-8.0141,-12.1365,590.9259)	
(-5.1698,-38.1898,581.8288)	(-47.2901,-73.4714,604.9037)	(-22.1350,-71.9755,601.7672)	(17.4478,-71.6171,599.5524)	(43.0173,-73.1970,606.3934)	(-5.9648,-12.1242,590.9074)	
(-5.1358,-38.2574,582.8172)	(-47.3267,-73.5946,605.9034)	(-22.1350,-71.9755,601.7702)	(17.4478,-71.6171,599.5566)	(42.9054,-72.9515,605.3988)	(-5.9648,-12.1303,590.9146)	
(-3.1141,-38.2513,582.7962)	(-45.1924,-73.4651,604.8921)	(-22.1399,-71.8542,600.7792)	(19.5317,-71.6109,599.5509)	(43.9449,-70.8586,604.4116)	(-4.9832,-10.0597,589.9316)	
(1.9401,-36.1483,581.7868)	(-40.9181,-73.0830,601.8698)	(-17.9900,-71.6053,599.7409)	(23.6995,-70.6733,600.5269)	(48.3814,-70.2665,606.3716)	(0.1741,-11.0830,590.8875)	
(3.9062,-37.2121,582.7514)	(-38.8307,-73.0767,601.8583)	(-15.9154,-71.5991,598.7514)	(23.7057,-70.6765,601.5172)	(50.6132,-70.3777,607.3573)	(2.2234,-10.0573,590.8720)	
(5.9244,-36.2063,582.7403)	(-38.8307,-73.0767,601.8583)	(-14.8800,-72.5062,598.7356)	(27.9519,-69.7417,601.5030)	(52.7307,-70.3808,607.3820)	(2.2234,-10.0413,589.9018)	
(16.0859,-36.1668,582.7010)	(-31.4821,-73.5939,597.8195)	(-6.5690,-71.5679,598.6840)	(36.3998,-67.7413,602.4628)	(60.7943,-68.8121,612.3438)	(12.4701,-10.0327,590.8406)	
(18.0338,-36.1028,581.6989)	(-29.4158,-72.6792,598.8076)	(-4.4983,-71.5554,598.6682)	(38.6943,-67.9632,604.4434)	(60.5152,-68.6949,610.3418)	(12.4007,-7.9657,589.8509)	
(19.2000,-36.0967,581.6892)	(-26.2920,-73.4504,597.7866)	(-2.4213,-71.4404,598.6510)	(39.7494,-69.0037,604.4477)	(63.1993,-66.8993,614.3178)	(15.6125,-11.0576,591.8062)	
(21.0612,-37.1665,582.6773)	(-26.2900,-73.3256,597.7866)	(-2.4527,-71.4372,597.6688)	(41.8534,-68.9973,605.4234)	(65.3348,-67.1140,614.3222)	(15.5441,-11.0461,590.8236)	
(21.0612,-37.1665,582.6773)	(-26.2920,-73.4504,597.7866)	(-2.4558,-71.4310,597.6574)	(41.9542,-69.0068,605.4306)	(65.3316,-66.8929,614.3061)	(15.6125,-11.0461,591.7992)	
(23.0734,-37.2292,583.6654)	(-25.2553,-74.6193,597.7766)	(-0.3885,-71.4217,597.6444)	(39.8499,-69.0068,605.4408)	(65.3284,-66.8897,614.3002)	(17.6653,-11.0545,591.7990)	
(24.4311,-37.2231,583.6640)	(-22.1529,-73.3194,596.7642)	(3.8127,-71.5335,598.6280)	(44.1659,-66.0689,606.4282)	(66.6877,-66.4655,620.2792)	(21.7647,-7.9692,591.7976)	
(26.4631,-37.2827,584.6464)	(-19.0578,-74.3476,595.7433)	(4.7984,-72.3303,598.6092)	(46.2768,-66.0689,607.3936)	(69.1270,-66.0369,619.2746)	(21.7647,-7.9661,591.7934)	
(28.5862,-37.3424,585.6303)	(-16.9955,-74.2148,594.7324)	(4.7953,-72.2074,597.6314)	(46.2768,-66.0689,607.4023)	(68.9786,-65.8193,618.2965)	(23.8998,-7.9724,592.7758)	
(30.4267,-35.2338,584.6196)	(-16.9943,-74.3413,595.7304)	(7.9636,-70.3714,598.6234)	(46.3845,-66.1668,607.4038)	(68.9786,-66.0337,618.2965)	(26.0417,-7.9787,593.7582)	
(30.7163,-37.3989,586.6126)	(-14.9415,-74.2086,594.7210)	(6.8688,-72.2012,597.6084)	(48.6131,-66.2711,608.3808)	(71.4250,-66.2447,619.2893)	(26.0417,-7.9787,593.7582)	
(32.5532,-35.2869,585.5993)	(-14.9323,-74.2086,594.7210)	(9.9853,-70.3620,598.6005)	(50.8486,-66.3753,609.3782)	(73.7428,-65.4788,621.2525)	(28.1014,-7.9787,593.7555)	
(34.5822,-35.2930,585.6064)	(-12.8814,-74.2024,594.7096)	(11.0221,-71.3967,598.5748)	(50.9695,-66.4859,609.4044)	(73.7396,-66.3503,620.2805)	(28.1014,-7.9756,593.7496)	
(35.7044,-36.3648,586.5929)	(-10.8329,-74.0698,593.6988)	(11.0159,-71.3905,597.5855)	(53.1006,-66.4859,610.3770)	(73.8917,-63.6308,622.2557)	(30.1611,-7.9756,594.7207)	
(42.4981,-37.6278,590.5472)	(-7.7526,-74.9570,593.6817)	(16.3372,-69.5378,599.5509)	(54.2827,-67.6489,611.3744)	(75.1301,-64.4059,624.2366)	(33.3485,-8.9941,594.7192)	
(42.1515,-35.4582,588.5686)	(-5.6929,-74.9508,593.6688)	(18.4867,-69.6460,600.5384)	(56.5372,-67.7548,612.3615)	(78.8697,-63.7311,626.2368)	(35.5129,-9.0193,595.7114)	
(42.2711,-37.5622,589.5537)	(-5.6929,-74.0574,593.6703)	(17.3774,-71.5023,599.5409)	(56.5341,-67.6489,612.3542)	(77.7780,-64.7120,625.2546)	(35.4116,-9.0052,595.7084)	
(42.3846,-37.6278,590.5415)	(-5.6898,-74.0574,593.6703)	(18.4176,-69.5378,599.5710)	(56.6667,-65.7361,614.3546)	(76.5374,-63.6341,624.2619)	(35.4116,-9.0021,594.7178)	
(44.1974,-37.5591,589.5564)	(-5.6929,-74.0574,593.6688)	(17.3774,-71.4991,599.5409)	(56.6635,-67.7548,613.3514)	(76.6929,-63.7311,624.2784)	(35.4116,-9.0052,595.7084)	
(42.2711,-37.5622,589.5636)	(-5.6929,-74.9508,593.6703)	(17.3774,-71.5023,599.5509)	(56.5436,-67.7548,613.3485)	(78.8697,-63.7311,625.2652)	(37.5795,-7.9788,595.6985)	
(42.3846,-37.5622,589.5594)	(-3.6332,-74.0481,592.6625)	(18.4176,-69.5378,600.5384)	(56.7898,-65.7361,614.3590)	(76.5406,-63.6341,624.2635)	(37.5795,-7.9819,596.6922)	
(44.5544,-37.6216,589.5522)	(-5.6867,-74.0543,593.6703)	(20.6431,-69.7605,601.5346)	(56.6667,-67.7644,613.3603)	(78.7139,-65.7998,625.2204)	(37.5795,-7.9819,595.7015)	
(44.4374,-37.6216,589.5564)	(-3.6301,-74.0481,593.6560)	(20.6431,-69.7574,601.5304)	(58.7955,-66.9057,613.3632)	(78.8697,-63.7213,625.2398)	(37.5795,-7.9788,595.7027)	
(44.3143,-35.5081,589.5394)	(-3.6270,-74.0481,593.6588)	(20.6431,-69.7574,601.5260)	(58.7955,-66.8048,613.3485)	(77.7780,-64.7153,625.2652)	(37.5795,-7.9819,596.6908)	
(44.3204,-37.5560,589.5409)	(-3.6270,-74.0481,593.6574)	(19.6056,-71.7289,601.5218)	(56.6699,-67.7644,613.3603)	(77.7813,-64.7153,626.2638)	(37.5795,-7.9850,596.6936)	
(44.5544,-37.6216,589.5564)	(-3.6301,-74.0481,593.6588)	(20.6493,-69.7574,601.5346)	(56.7898,-65.7425,614.3664)	(77.7780,-64.7153,625.2652)	(37.5795,-7.9819,596.6880)	
(44.5544,-37.5560,589.5466)	(-3.6301,-74.0481,593.6588)	(20.6493,-69.7605,601.5404)	(56.7898,-65.7393,614.3620)	(79.0319,-63.8314,626.2428)	(37.6842,-7.9943,596.6966)	
(43.2957,-38.5769,590.5415)	(-5.6867,-74.0543,593.6703)	(19.5348,-71.7257,600.5384)	(56.6731,-67.8671,614.3474)	(78.8697,-65.9003,625.2398)	(37.5795,-7.9788,595.6985)	
(42.2711,-37.5622,589.5620)	(-6.6889,-73.1481,594.6796)	(18.4176,-69.5346,599.5552)	(54.6575,-65.7489,614.3738)	(75.4475,-64.5080,624.2635)	(35.4116,-9.0052,595.7057)	
(42.3846,-37.6278,590.5415)	(-6.6889,-73.0234,594.6796)	(16.3372,-69.5409,599.5566)	(56.8025,-66.9218,614.3576)	(74.3641,-65.4852,625.2562)	(35.4116,-9.0052,595.7057)	
(40.2218,-37.6278,590.5472)	(-8.7309,-74.0543,594.6910)	(16.3372,-69.5440,599.5667)	(54.6639,-67.8799,614.3592)	(76.6994,-63.7376,625.2622)	(35.4116,-9.0052,595.7084)	
(40.1117,-37.6278,589.5664)	(-7.7403,-75.0852,594.6781)	(15.2969,-71.5085,599.5524)	(54.6671,-67.9858,614.3651)	(74.3705,-65.7998,625.2622)	(33.3546,-11.0735,594.7292)	
(40.0017,-37.5683,589.5578)	(-9.7867,-75.0913,594.6910)	(13.1592,-71.5054,598.5762)	(52.5348,-67.8863,614.3694)	(74.3705,-65.7998,624.2458)	(33.3485,-9.0083,594.7320)	
(38.0658,-37.5149,588.5772)	(-9.7836,-75.0913,594.6924)	(13.2165,-71.5148,599.5624)	(52.5411,-67.9922,614.3754)	(74.3738,-65.8031,624.2501)	(33.3546,-11.0735,595.7087)	
(37.9592,-38.3901,587.5724)	(-10.8183,-74.1962,594.6982)	(11.0791,-71.5085,598.5820)	(51.2333,-68.8441,612.3822)	(74.3770,-67.9688,624.2368)	(31.2915,-11.0766,594.7279)	
(36.0199,-38.5984,589.5722)	(-12.8691,-74.2024,594.7125)	(11.1361,-71.5179,599.5797)	(51.2333,-68.8409,612.3778)	(72.2102,-68.0858,624.2786)	(31.2915,-11.0797,595.7102)	
(34.6897,-37.3866,586.5846)	(-12.8691,-74.2024,594.7096)	(9.0083,-72.5574,599.6012)	(48.9842,-68.7396,611.3979)	(69.5884,-68.5149,622.2618)	(30.2599,-10.0502,594.7348)	
(34.6928,-38.4085,586.5916)	(-14.9323,-74.2086,594.7210)	(6.9752,-72.4470,600.5962)	(46.8623,-68.7396,611.4009)	(69.7433,-68.5149,624.2802)	(28.1076,-10.0436,593.7639)	
(0.0000,0.0000,-1.0000)	(-16.9809,-74.4678,595.7333)	(7.0315,-72.5699,600.6076)	(46.7516,-68.6287,610.4122)	(66.9969,-70.4417,619.2940)	(28.2921,-12.1410,595.7315)	
(29.6040,-38.4177,586.6126)	(-19.0478,-74.4740,596.7428)	(3.8608,-73.6188,598.6338)	(44.6331,-68.6383,610.4239)	(66.0640,-71.5141,618.2967)	(26.1336,-10.0564,594.7492)	
(29.5112,-38.3502,585.6092)	(-21.1117,-74.4803,596.7542)	(3.8639,-73.7403,599.6187)	(42.4044,-70.6381,609.4120)	(65.9239,-69.5940,618.2923)	(23.9943,-12.1177,593.7668)	
(26.6475,-40.3935,585.6347)	(-21.1121,-76.4224,595.7477)	(1.8249,-73.7466,599.6446)	(40.2832,-71.5869,609.4296)	(65.9303,-69.6005,619.2866)	(21.8558,-12.0983,592.7732)	
(24.6085,-40.4057,585.6460)	(-25.2488,-76.5648,597.7651)	(-0.2939,-73.7497,599.6402)	(40.1827,-71.4645,608.4364)	(63.9208,-69.6005,619.2866)	(21.9346,-12.1115,593.7614)	
(18.0398,-40.2142,582.6872)	(-31.4804,-77.7451,598.8020)	(-8.6491,-73.5347,598.6770)	(33.8481,-72.5354,607.4580)	(56.5594,-74.0242,613.3180)	(13.5039,-14.1522,591.8022)	
(16.1713,-42.3837,584.6664)	(-32.5438,-74.9005,598.8191)	(-10.7023,-73.7810,599.7078)	(31.6499,-72.5449,607.4696)	(54.4341,-74.0306,613.3444)	(11.5223,-14.1293,590.8196)	
(12.0606,-42.2531,582.7208)	(-34.6021,-74.7739,598.8278)	(-12.7827,-74.6989,599.7194)	(29.5387,-72.4302,607.4682)	(52.1798,-73.9142,612.3515)	(10.3670,-12.0646,589.8341)	
(10.0989,-42.3337,583.7119)	(-36.6984,-74.9067,599.8390)	(-14.8631,-74.7052,599.7251)	(27.3446,-72.3186,606.4866)	(49.9355,-72.8571,611.3542)	(7.3620,-14.1386,590.8296)	
(8.1868,-42.4856,584.7296)	(-40.8856,-75.0458,600.8616)	(-15.9034,-73.7966,599.7266)	(23.0562,-73.2506,605.5166)	(47.8171,-72.8635,611.3556)	(5.3127,-14.1509,590.8495)	
(4.0235,-43.4387,584.7352)	(-40.9181,-73.0830,601.8698)	(-17.9690,-73.8092,600.7360)	(22.9771,-73.0050,604.5176)	(47.9296,-72.9781,611.3804)	(1.1698,-14.1371,589.8781)	
(1.9000,-41.2717,582.7614)	(-43.0054,-73.0893,601.8814)	(-20.0477,-73.9339,600.7548)	(20.8825,-73.0112,604.5307)	(45.5832,-72.8635,610.3889)	(-0.8822,-13.1101,589.8794)	
(0.7961,-40.1979,581.7788)	(-45.1197,-75.3116,602.8840)	(-22.1305,-73.9433,601.7486)	(19.6889,-71.9742,602.5382)	(43.4651,-72.7520,610.3802)	(-2.9220,-15.1642,589.8951)	
(0.0189,-42.5070,583.7694)	(-47.2105,-75.3179,602.8956)	(-22.1305,-73.9433,601.7544)	(19.6212,-73.9426,601.5306)	(43.5739,-72.8699,610.3963)	(-2.9220,-15.1642,589.8978)	
(-1.1683,-40.1268,580.7848)	(-49.4279,-73.6009,605.9178)	(-24.2158,-73.8311,600.7779)	(17.5339,-73.9488,601.5421)	(41.1363,-75.5587,609.3888)	(-3.9897,-14.1556,589.9008)	
(-3.1020,-42.3018,582.7964)	(-49.3878,-73.4777,604.9181)	(-25.2661,-73.0359,601.7760)	(15.5011,-71.8657,601.5637)	(41.1394,-75.5587,610.3876)	(-5.9908,-14.1556,589.9106)	
(-5.1638,-40.2100,581.7956)	(-49.3878,-73.4777,604.9153)	(-25.2661,-73.0328,601.7716)	(13.4103,-71.8719,601.5796)	(39.0219,-73.3355,610.4080)	(-5.9908,-14.1556,589.9121)	
(-5.1638,-40.2070,581.7982)	(-51.5290,-73.6072,605.9266)	(-28.3940,-71.9975,601.8034)	(13.3498,-71.8719,601.5722)	(36.8186,-75.4419,606.4356)	(-8.0367,-14.1617,589.9262)	
(-7.1514,-40.2841,582.8103)	(-54.7296,-72.6834,606.9482)	(-28.3940,-71.9975,601.8106)	(11.2625,-71.8782,601.5838)	(36.8186,-75.3189,607.4187)	(-8.0367,-14.1617,589.9276)	
(-9.2002,-40.2222,581.8332)	(-53.6302,-73.6135,605.9383)	(-30.4813,-72.0100,602.8072)	(11.2625,-71.7571,601.5854)	(35.6695,-74.3935,606.4170)	(-10.0887,-12.1200,589.9444)	
(-9.1731,-40.2963,582.8368)	(-53.6302,-73.6135,605.9383)	(-30.4813,-72.0038,601.8164)	(11.2055,-71.7571,600.5861)	(35.6695,-74.3935,606.4270)	(-10.0887,-12.1200,589.9444)	
(-9.1731,-40.2993,583.8196)	(-56.8342,-72.6897,606.9626)	(-30.4723,-72.0038,601.8207)	(9.1720,-71.7633,600.5991)	(35.6726,-74.5148,606.4372)	(-10.0634,-12.1200,589.9516)	
(-11.2245,-38.2110,581.8484)	(-56.8342,-72.6897,606.9598)	(-32.5687,-72.0132,601.8280)	(9.1154,-71.6422,599.6000)	(33.6616,-74.3966,605.4658)	(-12.1128,-12.1261,589.9685)	
(-13.2427,-39.2875,582.8438)	(-58.9388,-73.6198,607.9714)	(-34.6560,-72.9317,601.8438)	(7.0315,-72.5605,600.6076)	(31.3774,-74.2847,605.4412)	(-12.1346,-12.1292,589.9670)	
(-20.2903,-38.3707,583.8772)	(-64.4059,-68.8422,611.0175)	(-39.9052,-70.0605,602.8766)	(-0.2590,-71.7915,600.6480)	(24.7539,-76.6749,601.4843)	(-19.3043,-11.1206,590.0207)	
(-22.3247,-38.2413,582.8928)	(-66.5209,-68.8486,610.0322)	(-41.9960,-70.0668,602.8896)	(-2.4182,-71.5554,598.6610)	(22.5909,-76.5514,600.4926)	(-21.3502,-11.1268,590.0194)	
(-24.3490,-36.2272,581.9293)	(-70.9003,-69.0906,613.0526)	(-44.0868,-70.0731,604.8962)	(-2.4527,-71.4341,597.6631)	(22.5909,-76.6781,600.4926)	(-22.3762,-10.1120,590.0293)	
(-26.3635,-38.3212,582.9208)	(-68.7072,-68.9696,611.0410)	(-46.1776,-70.3154,604.9123)	(-4.5294,-71.3191,597.6659)	(21.5507,-73.9331,601.5016)	(-24.4179,-10.1375,591.0194)	
(-28.3855,-38.3273,582.9472)	(-73.1785,-69.2116,614.0644)	(-48.3452,-70.4397,605.9206)	(-6.5783,-71.4466,597.6860)	(19.4640,-73.5720,599.5309)	(-26.4648,-10.1243,590.0562)	
(-30.4069,-38.3334,582.9626)	(-73.1785,-69.3263,615.0644)	(-48.3452,-70.4397,605.9221)	(-6.5998,-71.4466,597.6860)	(19.4640,-73.5657,599.5108)	(-26.4648,-10.1243,590.0520)	
(-30.4038,-38.3334,582.9488)	(-73.1785,-69.2116,614.0644)	(-48.3836,-70.4397,606.9204)	(-8.6733,-71.4528,597.6975)	(18.3609,-74.6115,598.5290)	(-28.5108,-10.1305,590.0660)	
(-32.4412,-38.4072,583.9486)	(-73.1003,-69.2116,614.0644)	(-50.5266,-70.5640,606.9350)	(-8.6733,-71.3316,597.6975)	(18.3547,-74.6084,598.5147)	(-28.5136,-10.1305,590.0674)	
(-34.4663,-39.4903,584.9596)	(-75.3889,-69.3327,615.0762)	(-50.5329,-68.5718,607.9405)	(-10.7530,-72.1217,596.7096)	(16.2214,-74.5008,598.5262)	(-30.5627,-10.1560,591.0548)	
(-36.5110,-39.5659,585.9762)	(-75.3073,-69.2180,614.0762)	(-52.6828,-68.5781,607.9536)	(-11.8057,-71.3440,596.7168)	(14.1448,-74.5070,597.5700)	(-32.6214,-10.1621,591.0860)	
(-41.6388,-38.6380,587.0337)	(-78.7705,-67.5482,617.1043)	(-56.8990,-68.7054,608.9768)	(-15.9248,-71.4747,597.7376)	(6.7717,-74.1435,596.6023)	(-39.8158,-10.2000,593.1046)	
(-41.6358,-38.6380,587.0099)	(-78.7705,-67.5482,617.1027)	(-56.9512,-68.8200,609.9767)	(-17.9986,-71.4809,597.7492)	(7.8081,-75.1730,595.6046)	(-39.8158,-10.2000,592.1300)	
(-43.6774,-38.6442,587.0296)	(-81.0934,-67.7771,619.1176)	(-59.1184,-68.8263,610.9882)	(-18.0017,-71.4809,597.7492)	(6.7247,-74.1497,594.6110)	(-41.8970,-11.2485,593.1400)	
(-45.7068,-38.6503,587.0254)	(-81.0934,-67.7771,619.1162)	(-61.2926,-69.8849,611.0000)	(-20.0777,-71.4871,597.7606)	(6.7278,-74.3931,595.6003)	(-41.8939,-11.2485,593.1316)	
(-47.7190,-36.5545,587.0408)	(-83.3364,-65.7431,620.1384)	(-63.4736,-70.0076,612.0116)	(-22.1543,-71.3720,597.7721)	(2.5953,-74.1559,594.6254)	(-43.9532,-11.2547,593.1514)	
(-49.7900,-36.6280,587.0731)	(-85.5831,-66.2950,621.1504)	(-62.4222,-67.8870,612.0160)	(-24.2261,-71.3783,597.7836)	(0.5291,-74.1559,594.6155)	(-47.0746,-10.2604,594.1686)	
(-51.8679,-36.6955,588.0844)	(-87.9374,-66.0794,623.1626)	(-63.4831,-66.9474,612.0202)	(-26.2961,-71.2632,596.7913)	(0.5352,-74.1652,594.6410)	(-47.0407,-10.2604,594.1545)	
(-53.9069,-36.7047,588.0956)	(-87.8368,-65.9716,622.1625)	(-65.6711,-67.0650,612.0348)	(-28.3780,-69.4365,597.8166)	(-4.6569,-73.0203,593.6787)	(-49.1342,-10.2860,595.1562)	
(-55.9459,-37.8544,590.0859)	(-87.8368,-65.9716,622.1625)	(-65.6711,-67.0650,613.0320)	(-30.4515,-70.4743,598.8262)	(-4.6569,-73.0203,593.6745)	(-50.1733,-8.2110,594.1998)	
(-56.0506,-36.7783,589.1169)	(-87.9374,-66.0794,623.1598)	(-65.6711,-67.0650,613.0320)	(-30.4515,-70.3546,598.8262)	(-6.6951,-74.0481,594.6709)	(-50.2032,-8.2270,595.1774)	
(-55.9982,-36.7722,589.1014)	(-90.4096,-66.4094,626.1693)	(-65.6711,-67.0650,613.0320)	(-30.4363,-72.3037,597.8180)	(-3.6301,-74.0512,593.6631)	(-50.1703,-8.2110,594.1900)	
(-55.9982,-36.7722,589.1112)	(-87.9374,-66.0794,623.1626)	(-65.6711,-67.0650,613.0320)	(-30.4453,-72.3037,597.8180)	(-5.6929,-74.9570,593.6673)	(-50.1733,-8.2110,595.1718)	
(-56.0506,-36.7753,589.1126)	(-87.9374,-66.0794,623.1626)	(-65.6711,-67.0650,613.0276)	(-30.4515,-70.3546,598.8262)	(-5.6929,-74.9570,593.6688)	(-50.1733,-8.2110,595.1760)	
(-55.9982,-36.7722,589.1014)	(-88.1451,-64.2369,625.1689)	(-65.6711,-67.0650,612.0348)	(-30.4515,-70.3546,598.8232)	(-8.8066,-73.8107,593.6844)	(-51.2409,-10.3116,596.1776)	
(-56.0506,-36.7783,589.1169)	(-87.9374,-66.0794,623.1626)	(-65.6711,-67.0650,613.0320)	(-30.4453,-72.3037,597.8180)	(-5.6929,-74.9570,593.6673)	(-51.2409,-10.3116,596.1776)	
(-55.9982,-36.7722,589.1014)	(-88.1387,-66.2950,625.1600)	(-65.7372,-67.1761,613.0348)	(-30.4453,-72.4268,597.8180)	(-5.6929,-74.9570,593.6703)	(-49.1342,-10.2860,595.1562)	
(-53.9558,-36.7660,589.1056)	(-88.1387,-66.2950,625.1629)	(-65.6711,-67.0650,613.0320)	(-28.3718,-71.5121,597.8066)	(-3.6301,-74.0543,593.6673)	(-49.1373,-10.2860,595.1618)	
(-54.0047,-36.8305,590.0745)	(-85.6803,-66.2950,623.1449)	(-64.6021,-67.0618,613.0232)	(-28.3718,-71.5121,597.8066)	(-3.6270,-74.0512,593.6631)	(-48.1136,-8.2048,594.1885)	
(-53.9558,-36.7691,589.0999)	(-85.7775,-66.2950,623.1478)	(-64.6052,-68.0062,614.0245)	(-28.3718,-71.5121,597.8066)	(-3.6270,-74.0543,593.6673)	(-48.1136,-8.2048,594.1828)	
(-54.0047,-36.8305,590.1056)	(-85.9718,-66.2885,625.1480)	(-63.5521,-67.0618,613.0230)	(-28.3718,-71.5121,597.8080)	(-3.6301,-74.0512,593.6604)	(-49.1373,-10.2860,595.1718)	
(-53.9558,-36.7691,589.0957)	(-85.7775,-66.4028,623.1478)	(-64.6148,-68.1191,613.0290)	(-28.3718,-71.5121,598.8032)	(-3.6270,-74.0512,593.6661)	(-49.1373,-10.2860,595.1660)	
(-51.9982,-38.9432,591.0506)	(-85.7775,-66.4028,623.1507)	(-64.6728,-68.1191,614.0260)	(-26.2982,-71.5058,597.7950)	(-1.5310,-74.1621,594.6368)	(-49.1373,-10.2860,595.1660)	
(-53.9558,-40.9884,591.0562)	(-85.9718,-66.4028,625.1452)	(-64.6728,-68.1191,614.0260)	(-26.3003,-71.5058,598.7946)	(-1.5310,-74.1652,594.6368)	(-47.0746,-10.2604,594.1644)	
(0.0000,0.0000,-1.0000)	(-85.9718,-66.4028,625.1480)	(-63.5362,-70.1239,614.0098)	(-26.3003,-71.6272,598.7946)	(0.5414,-74.1683,594.6468)	(-47.0746,-10.2604,594.1686)	
(0.0000,0.0000,-1.0000)	(-83.5238,-65.9587,622.1328)	(-62.5439,-68.1127,615.0111)	(-24.2296,-69.5419,598.7917)	(-0.4645,-73.2480,595.6374)	(-47.0715,-10.2604,594.1629)	
(0.0000,0.0000,-1.0000)	(-83.8050,-66.2820,625.1360)	(-61.4108,-69.1764,612.9998)	(-24.2234,-71.6209,598.7832)	(2.6447,-74.2854,595.6274)	(-45.0149,-10.2573,594.1530)	
(-47.7393,-38.6564,587.0381)	(-81.2771,-67.9996,621.1192)	(-61.4108,-69.1796,613.9980)	(-22.1464,-71.6147,598.7716)	(2.6416,-74.2823,595.6174)	(-45.0179,-10.2573,594.1572)	
(-47.7454,-38.6595,587.0422)	(-79.0309,-67.8819,620.1044)	(-59.2855,-69.1701,612.9895)	(-22.1464,-71.6147,598.7716)	(4.7580,-74.3962,595.6274)	(-43.9563,-11.2547,594.1374)	
(-45.7038,-38.6503,587.0268)	(-81.4576,-68.1108,622.1194)	(-59.2298,-69.1701,613.9848)	(-20.0694,-73.5627,597.7536)	(4.6739,-76.2149,594.6098)	(-43.9789,-11.2547,594.1388)	
(-43.6774,-38.6442,587.0254)	(-80.0960,-70.0336,620.1029)	(-57.1079,-69.0491,611.9764)	(-20.0611,-73.6875,598.7574)	(5.7930,-75.3042,596.5938)	(-41.9192,-12.3326,594.1316)	
(-41.6137,-38.5702,586.0282)	(-80.1845,-70.1482,621.1029)	(-57.0493,-71.0551,610.9722)	(-17.9838,-73.6813,598.7416)	(7.8630,-75.3011,596.5980)	(-39.8376,-12.3005,594.1018)	
(-40.6679,-42.8534,588.9998)	(-77.9465,-70.0271,621.0882)	(-54.9309,-71.0487,610.9604)	(-13.8323,-73.6719,598.7186)	(9.8902,-77.3604,596.5780)	(-39.8533,-12.3005,594.1104)	
(0.0000,0.0000,-1.0000)	(-75.7969,-70.0206,620.0791)	(-52.7671,-71.0424,610.9444)	(-13.8354,-73.7998,599.7136)	(12.0156,-76.4559,596.5738)	(-37.7814,-12.2715,594.0905)	
(-32.4543,-42.6109,585.9664)	(-71.1180,-71.5689,615.0439)	(-46.3460,-72.7795,607.9014)	(-6.5721,-73.5222,597.6776)	(18.2980,-76.5608,597.5256)	(-29.5260,-14.2526,591.0464)	
(-30.4131,-42.5301,584.9512)	(-67.8501,-72.5099,614.0190)	(-44.2064,-72.6517,607.8897)	(-6.5721,-73.5222,597.6818)	(20.4441,-76.6905,598.5204)	(-29.5215,-14.2263,590.0507)	
(-30.4222,-43.6188,585.9356)	(-67.8501,-72.5099,614.0218)	(-44.2064,-72.6517,607.8897)	(-3.4864,-74.5538,597.6560)	(20.4379,-76.6812,598.4990)	(-27.4766,-14.2202,590.0450)	
(-28.3788,-42.4494,583.9402)	(-65.5892,-72.2638,613.0074)	(-43.1541,-73.7051,606.8798)	(-3.4771,-74.5538,597.6576)	(22.5273,-76.6843,598.5104)	(-27.4766,-14.2202,590.0492)	
(-26.3536,-42.4433,583.9137)	(-65.6489,-74.5112,613.0014)	(-41.0495,-73.6988,606.8682)	(-1.3766,-74.6740,598.6382)	(23.5658,-77.7145,599.5008)	(-25.4266,-14.1878,590.0083)	
(-24.3297,-42.3626,582.9084)	(-63.4609,-74.3815,610.9928)	(-38.9512,-73.6988,606.8594)	(0.7066,-74.6677,598.6339)	(23.6373,-77.7176,599.5066)	(-23.3808,-14.2079,590.0012)	
(-22.3080,-42.3565,582.8860)	(-62.4000,-75.1840,611.9840)	(-38.9512,-73.6988,606.8594)	(2.8268,-74.7879,599.6144)	(25.7240,-77.7145,600.4724)	(-22.3578,-15.2226,589.9914)	
(-20.2975,-42.3504,582.8860)	(-62.3360,-75.1840,610.9826)	(-37.8714,-74.6115,606.8434)	(2.8237,-74.7879,599.6187)	(27.8860,-77.8366,600.4768)	(-22.3533,-15.2226,590.0096)	
(-18.2823,-42.4189,583.8688)	(-60.1633,-74.9277,609.9726)	(-35.7734,-74.4803,605.8364)	(4.8668,-74.6552,598.6124)	(29.0143,-75.9975,601.4685)	(-20.3119,-15.2165,589.9914)	
(-16.3001,-40.1753,580.8864)	(-59.0501,-73.0605,609.9710)	(-34.6720,-73.1810,604.8354)	(4.9072,-74.6458,599.6130)	(31.1884,-74.0294,602.4688)	(-18.2546,-14.1925,589.9926)	
(-15.2549,-41.2444,581.8611)	(-56.9386,-72.9327,608.9594)	(-34.6720,-73.1779,604.8252)	(7.0816,-71.7727,600.6092)	(31.1016,-73.9112,602.4444)	(-16.2053,-14.1863,589.9812)	
(-13.2367,-40.3085,582.8551)	(-56.9386,-72.8112,609.9594)	(-30.4904,-72.1283,604.8020)	(9.1154,-71.6453,600.5946)	(35.3762,-74.0262,604.4392)	(-14.1743,-14.1802,589.9601)	
(-11.1948,-40.2993,582.8438)	(-53.6772,-73.7367,606.9380)	(-30.4813,-72.0100,602.8028)	(11.1993,-71.6359,600.5788)	(36.7107,-72.9704,606.4284)	(-12.1346,-12.1261,589.9530)	
(-9.1731,-40.2933,582.8327)	(-51.5726,-73.7304,606.9264)	(-28.3940,-71.9943,601.8192)	(13.2832,-71.6297,600.5673)	(38.8119,-72.9672,607.4113)	(-10.0634,-12.1200,589.9516)	
(-5.1297,-40.2811,582.7950)	(-47.2901,-73.4714,604.9065)	(-24.2193,-71.9818,601.7860)	(15.3702,-71.7445,600.5615)	(38.5030,-72.8445,605.4091)	(-8.0428,-12.1138,589.9360)	
(-3.1891,-38.1776,581.7884)	(-47.3267,-73.5946,605.9034)	(-22.1367,-71.9724,601.7629)	(17.4541,-71.7351,600.5515)	(44.0711,-71.2133,606.3977)	(-8.0141,-12.1138,589.9402)	
(-1.0924,-38.2452,582.7754)	(-45.1924,-73.4651,605.8890)	(-20.0539,-71.8448,600.7692)	(20.5799,-69.6460,600.5442)	(46.2862,-70.2792,606.4079)	(-3.9541,-12.1015,589.9190)	
(0.8849,-38.1716,582.7600)	(-43.0289,-75.3054,602.8697)	(-17.9752,-71.7266,600.7461)	(23.7741,-70.6733,601.5216)	(48.3846,-70.2665,606.3802)	(-2.8908,-13.1406,590.8862)	
(1.9893,-38.2391,582.7738)	(-40.9118,-75.1725,601.8612)	(-17.9900,-71.6022,598.7544)	(23.7772,-70.6827,601.5230)	(50.6164,-70.3808,607.3733)	(0.1315,-11.0622,589.9033)	
(3.9618,-39.3051,583.7524)	(-38.8245,-75.1662,601.8498)	(-14.8662,-72.5093,600.7215)	(25.8677,-70.7864,601.5172)	(52.8519,-68.3815,608.3894)	(1.2079,-12.1087,590.8692)	
(13.9973,-36.1149,581.7212)	(-31.4759,-75.6695,597.8110)	(-6.5414,-71.6891,599.6834)	(36.4060,-67.7413,602.4643)	(61.0671,-66.9057,614.3296)	(10.4207,-10.0265,590.8322)	
(17.2499,-38.3900,585.6740)	(-29.4023,-74.6348,597.7995)	(-4.4952,-71.5616,598.6724)	(36.5997,-67.9695,604.4550)	(60.9275,-66.7952,613.3206)	(12.4701,-10.0296,590.8338)	
(19.2785,-38.2489,583.6725)	(-27.3288,-74.6255,597.7880)	(-2.4182,-71.5491,598.6552)	(39.7557,-69.0037,605.4394)	(63.1930,-66.8929,613.3294)	(14.5194,-10.0173,590.8152)	
(21.0612,-37.1665,582.6717)	(-25.2549,-74.4927,596.7771)	(-0.3443,-71.4310,598.6380)	(39.8499,-69.0068,605.4408)	(65.6182,-67.1108,614.3222)	(15.5441,-11.0368,590.8164)	
(23.0734,-37.2919,584.6591)	(-23.1849,-74.4865,596.7656)	(1.7327,-71.5366,598.6322)	(41.9636,-69.1131,606.4238)	(65.1883,-66.7824,613.3176)	(17.5934,-11.0368,590.8164)	
(24.4311,-37.2231,583.6542)	(-21.1214,-74.3538,595.7547)	(3.8127,-71.5335,598.6250)	(44.1690,-68.1756,606.4150)	(67.4671,-67.2148,616.2814)	(19.7181,-11.0337,591.7876)	
(26.3756,-37.2170,583.6430)	(-19.0586,-74.3476,595.7376)	(3.8545,-71.5335,598.6380)	(44.1690,-66.0752,606.4368)	(68.0604,-65.2873,618.3084)	(21.7709,-10.0240,591.7822)	
(26.4631,-37.2201,583.6486)	(-19.0509,-74.4740,595.7448)	(4.8513,-72.4470,599.6084)	(46.3876,-68.2770,607.3893)	(69.2819,-66.2512,620.2776)	(21.6859,-7.9505,590.7953)	
(28.4952,-37.3332,584.6325)	(-16.9955,-74.2148,594.7324)	(4.8482,-72.4470,598.6250)	(46.3908,-66.1763,607.4198)	(69.2755,-66.1456,619.2997)	(23.9059,-10.0338,592.7730)	
(28.4952,-37.2736,584.6254)	(-16.9851,-74.3413,595.7318)	(6.9251,-72.4376,598.6192)	(48.6162,-66.2742,608.3968)	(71.5865,-66.3535,621.2704)	(23.8236,-10.0179,592.7574)	
(30.6218,-37.3332,585.6134)	(-14.9323,-74.2086,594.7224)	(6.9220,-72.3241,598.6192)	(48.6226,-66.2806,608.4085)	(71.5865,-66.3535,621.2704)	(25.9622,-10.0276,592.7644)	
(30.6218,-37.3362,585.6191)	(-14.9277,-74.3351,594.7282)	(9.0556,-71.5210,599.5897)	(48.7336,-66.3816,609.3884)	(71.4346,-66.3535,620.2672)	(25.9622,-10.0276,592.7616)	
(32.6573,-37.3332,585.6134)	(-12.8814,-74.2024,594.7082)	(9.0556,-72.4345,599.5897)	(50.9726,-66.4859,610.3755)	(71.5833,-66.3503,620.2880)	(25.9622,-10.0214,592.7588)	
(32.6573,-37.3866,586.5902)	(-12.8753,-74.2024,594.7096)	(8.9990,-72.3179,598.6020)	(50.9758,-66.4890,610.3828)	(71.5833,-66.3503,620.2880)	(25.9560,-7.9632,592.7616)	
(32.6573,-37.3301,585.6078)	(-12.8814,-74.2024,594.7096)	(9.0021,-72.4314,598.6020)	(50.9726,-66.4922,610.3872)	(71.5833,-66.3535,621.2704)	(28.0122,-7.9601,592.7545)	
(34.4839,-37.3866,586.5902)	(-12.8753,-74.2024,594.7096)	(11.0791,-71.5148,599.5697)	(50.9790,-66.4954,610.3916)	(73.8981,-65.4852,622.2424)	(28.0184,-10.0153,592.7461)	
(34.5853,-37.3866,586.5902)	(-10.8475,-76.0016,593.6888)	(11.0760,-71.3967,598.5748)	(51.0935,-66.5964,610.4032)	(71.4379,-66.3535,620.2880)	(30.1611,-7.9694,593.7439)	
(37.9592,-38.3932,587.5724)	(-7.7632,-77.0153,592.6754)	(15.3000,-71.6171,599.5682)	(54.2890,-67.6521,612.3615)	(75.1398,-66.6636,624.2277)	(31.1971,-7.9632,593.7270)	
(37.9592,-38.4606,588.5602)	(-7.7464,-75.0852,593.6817)	(15.4310,-71.6234,600.5558)	(54.2890,-67.6489,612.3658)	(76.5471,-65.7998,624.2546)	(33.3546,-11.0559,594.7093)	
(42.1515,-37.6278,590.5415)	(-7.7434,-74.9570,593.6817)	(15.3639,-71.6171,599.5782)	(54.4119,-67.7612,612.3718)	(75.4507,-66.6701,624.2442)	(33.2507,-8.9910,593.7382)	
(42.2711,-37.5622,589.5480)	(-5.6867,-74.0543,593.6703)	(17.4478,-71.6140,599.5667)	(56.6699,-67.8671,613.3647)	(75.6110,-64.7218,625.2726)	(35.4178,-11.0673,595.6958)	
(44.1974,-37.5591,589.5466)	(-3.6270,-74.0481,593.6588)	(17.5183,-71.6140,600.5442)	(56.7962,-67.8703,614.3474)	(76.5471,-65.7998,624.2546)	(35.4055,-8.9879,594.7048)	
(44.3204,-37.4904,588.5475)	(-5.6837,-74.0543,593.6703)	(17.3774,-71.5023,599.5509)	(56.7993,-67.8767,614.3532)	(76.6994,-65.9036,625.2308)	(35.4116,-9.0021,594.7178)	
(42.2711,-37.5622,589.5382)	(-3.6270,-74.0481,593.6588)	(17.4478,-71.6171,600.5500)	(56.7993,-67.9793,614.3548)	(76.7026,-65.9068,625.2428)	(35.4178,-11.0497,594.7064)	
(43.2957,-38.5769,589.5424)	(-5.7069,-77.0091,593.6588)	(17.5183,-71.7351,600.5658)	(56.8025,-67.9793,614.3592)	(75.6142,-66.8908,625.2412)	(35.4178,-11.0673,595.6930)	
(41.5879,-38.6566,590.5486)	(-5.7069,-77.0091,593.6604)	(17.4478,-71.6171,600.5400)	(54.5474,-67.8767,614.3576)	(75.6207,-66.9898,625.2533)	(35.5191,-11.0704,595.7030)	
(0.0000,0.0000,-1.0000)	(-7.7403,-77.0153,593.6732)	(15.4310,-71.6265,600.5515)	(54.6671,-67.8831,614.3636)	(74.3770,-65.8096,624.2666)	(35.4178,-11.0704,595.7000)	
(43.1744,-38.6535,590.5388)	(-7.7403,-77.1469,593.6732)	(15.4310,-71.7383,601.5492)	(54.5474,-67.8767,614.3592)	(75.6207,-66.9898,625.2594)	(33.3546,-11.0735,595.6986)	
(42.1545,-38.5923,589.5594)	(-7.7403,-77.0153,593.6732)	(15.4310,-71.6265,600.5558)	(54.6639,-67.8799,614.3636)	(75.6110,-66.8908,625.2428)	(33.2568,-11.0528,594.6994)	
(38.6494,-39.4811,587.5738)	(-10.8267,-76.1315,593.6903)	(13.2196,-71.6265,599.5840)	(51.3478,-66.8240,613.3795)	(74.3738,-65.8031,624.2546)	(31.1971,-11.0590,593.7298)	
(36.9380,-39.6224,589.5581)	(-10.8183,-74.1962,594.6982)	(11.0822,-71.5179,599.5754)	(51.3510,-66.8240,613.3795)	(71.9000,-66.5743,624.2830)	(30.1673,-10.0312,593.7326)	
(35.0031,-38.4024,586.5803)	(-12.8691,-74.2024,594.7125)	(9.0052,-72.4408,599.5912)	(49.2158,-66.8240,613.3838)	(69.5852,-66.3632,622.2812)	(30.1673,-10.0312,593.7356)	
(33.5723,-38.4116,586.5916)	(-12.8691,-74.2024,595.7074)	(9.1123,-71.7571,600.5904)	(46.8623,-66.6188,611.4300)	(70.0401,-66.4720,624.2994)	(28.0184,-10.0245,593.7299)	
(31.5433,-38.3533,585.6148)	(-16.9778,-74.4678,596.7312)	(6.9783,-72.5668,600.6020)	(46.8687,-68.7428,611.4084)	(69.7433,-67.5496,626.2805)	(26.0540,-12.0992,593.7398)	
(31.6395,-38.3563,585.6206)	(-16.9809,-74.4678,596.7312)	(4.8544,-72.5699,599.6242)	(44.7404,-68.7460,611.4112)	(67.1387,-68.4091,621.2854)	(26.0540,-12.0992,593.7371)	
(29.6101,-40.4644,586.6114)	(-19.0386,-74.6006,596.7442)	(4.8544,-74.5257,598.6222)	(44.7373,-68.7460,611.4068)	(67.1387,-68.4091,621.3002)	(23.8298,-12.0727,591.7708)	
(29.6101,-40.4614,586.6114)	(-21.1086,-74.6068,597.7536)	(3.8190,-73.6188,598.6280)	(44.7373,-68.7396,611.4009)	(67.1419,-68.5149,622.2694)	(23.8298,-12.0727,592.7505)	
(27.5746,-40.4644,586.6072)	(-23.1756,-76.6886,597.7566)	(1.7389,-73.6157,598.6237)	(42.5115,-70.7557,610.4124)	(65.9303,-69.4833,618.2982)	(21.7770,-12.0789,591.7738)	
(25.5390,-40.4675,586.6227)	(-23.1787,-76.5586,596.7586)	(-0.3319,-73.6251,598.6410)	(40.2863,-71.5901,609.4339)	(65.9271,-69.6005,619.2851)	(19.7242,-12.0789,590.7926)	
(0.0000,0.0000,-1.0000)	(-25.2488,-76.5648,597.7653)	(-3.4474,-74.6864,598.6626)	(39.0314,-73.5715,607.4332)	(61.3654,-71.4095,616.3303)	(16.5840,-15.1396,591.7752)	
(0.0000,0.0000,-1.0000)	(-29.3962,-77.7389,597.7910)	(-5.5182,-74.6896,598.6742)	(35.8598,-72.4112,606.4516)	(59.2134,-71.4095,614.3402)	(14.5347,-15.1458,590.8012)	
(0.0000,0.0000,-1.0000)	(-31.4804,-77.7451,598.8020)	(-7.5982,-74.6989,598.6899)	(31.5570,-72.4239,606.4722)	(57.2133,-71.5398,617.3322)	(11.4607,-14.1262,590.8041)	
(0.0000,0.0000,-1.0000)	(-34.5959,-76.8529,598.8194)	(-11.7522,-75.6103,599.6978)	(29.2734,-74.0388,602.4834)	(51.8567,-74.1596,619.3329)	(7.3620,-14.1386,590.8310)	
(0.0000,0.0000,-1.0000)	(-38.7726,-76.9955,599.8420)	(-12.7969,-74.8379,598.7086)	(24.9128,-74.9653,602.4919)	(49.1207,-74.1660,620.3480)	(3.2695,-16.2053,590.8510)	
(-5.1918,-42.1557,580.8072)	(-51.5228,-75.7105,606.9162)	(-25.2564,-74.9989,600.7751)	(15.4465,-73.9551,601.5552)	(38.9263,-75.4388,608.4016)	(-8.0941,-14.1095,587.9126)	
(-7.2066,-42.1618,580.8142)	(-53.7243,-73.8600,607.9378)	(-27.3503,-73.0391,601.7904)	(13.3592,-73.9614,601.5652)	(36.7201,-75.3189,606.4256)	(-10.1078,-14.1156,587.9394)	
(-9.2213,-42.1678,580.8350)	(-53.6772,-73.7367,606.9380)	(-29.4304,-73.0422,601.7962)	(11.2656,-73.8431,601.5738)	(36.8186,-75.4419,606.4416)	(-12.1503,-14.1218,587.9646)	
(-9.1942,-42.2424,581.8234)	(-55.8324,-73.8663,607.9495)	(-29.4304,-73.0422,601.7962)	(11.2625,-73.8431,600.5776)	(36.7264,-77.1593,606.4228)	(-12.1503,-14.1479,588.9448)	
(-11.2124,-42.2485,581.8249)	(-55.7819,-73.7431,606.9497)	(-31.5250,-73.9684,601.8178)	(9.1752,-73.8493,600.5891)	(35.6695,-74.3935,606.4270)	(-12.1503,-14.1479,588.9434)	
(-11.2124,-42.2515,581.8304)	(-57.9405,-74.7964,607.9612)	(-31.5250,-74.0932,601.8178)	(9.1752,-73.8493,600.5891)	(35.5759,-76.3688,605.4136)	(-12.1503,-14.1479,588.9448)	
(-13.2306,-43.3349,582.8258)	(-57.9405,-74.7964,607.9597)	(-33.6123,-73.9841,601.8280)	(7.0408,-73.8587,600.6006)	(33.4782,-76.3719,604.4481)	(-14.1927,-14.1540,588.9520)	
(-13.2569,-41.2383,581.8346)	(-61.1617,-73.7494,609.9828)	(-34.6560,-73.0548,602.8360)	(6.9876,-74.6396,599.6014)	(33.5715,-76.3688,604.4481)	(-14.1743,-14.1740,589.9404)	
(-15.2717,-41.2444,581.8458)	(-61.1026,-73.7494,608.9828)	(-36.7434,-73.0610,602.8491)	(4.9507,-74.6458,599.6130)	(31.3774,-76.1286,604.4380)	(-16.2263,-12.1157,588.9758)	
(-17.2538,-40.1753,580.8726)	(-62.1566,-72.7024,607.9889)	(-37.7870,-72.0257,601.8568)	(4.9010,-74.6458,598.6137)	(29.1007,-76.1286,602.4632)	(-18.2661,-14.1956,589.9800)	
(-18.3084,-40.2434,581.8666)	(-62.1566,-72.7024,607.9889)	(-37.7870,-72.0257,602.8549)	(3.8221,-73.6157,598.6194)	(26.9270,-76.1317,602.4674)	(-20.3119,-15.2165,589.9856)	
(-20.3005,-40.2525,581.8820)	(-64.2647,-72.7055,608.0006)	(-39.8744,-72.0320,602.8680)	(1.7358,-73.4973,597.6331)	(24.7539,-76.6749,601.4959)	(-22.3578,-15.2226,590.0027)	
(-22.3187,-40.2616,581.8904)	(-65.4603,-72.0274,610.0077)	(-41.9898,-72.1597,602.8796)	(-0.3381,-73.5035,598.6338)	(22.5909,-76.6749,600.5084)	(-22.3578,-15.2226,589.9914)	
(-24.3369,-40.2677,581.9072)	(-65.3942,-72.0274,609.0149)	(-44.0806,-72.1660,604.8876)	(-2.4182,-73.5097,597.6588)	(22.5909,-76.6781,601.4873)	(-23.3897,-12.1372,588.9999)	
(-24.3357,-40.3328,582.8998)	(-68.7008,-70.9721,611.0323)	(-44.0806,-72.1660,602.8926)	(-2.4465,-73.3851,597.6546)	(21.5538,-75.6479,599.5266)	(-23.3897,-12.1145,588.0351)	
(-26.3574,-40.3389,582.9110)	(-68.7008,-71.0901,611.0323)	(-46.1714,-72.4152,604.9080)	(-4.5232,-73.3913,597.6661)	(20.5105,-74.7316,599.5166)	(-25.4321,-12.1434,588.0464)	
(-28.3818,-40.3571,582.9404)	(-70.8939,-71.0965,612.0440)	(-48.3773,-72.5429,605.9150)	(-6.6029,-73.2728,595.6831)	(20.5893,-74.9841,601.5004)	(-27.4776,-12.1557,589.0534)	
(-38.4936,-40.5239,584.9834)	(-77.6913,-69.6831,618.0882)	(-52.6312,-70.5703,607.9420)	(-12.8000,-74.4460,598.7084)	(11.9537,-77.2289,596.5566)	(-35.6713,-12.2197,591.0790)	
(-38.4936,-40.5239,584.9834)	(-77.6913,-69.6831,617.0909)	(-54.7846,-70.6947,607.9566)	(-13.8416,-73.5440,597.7177)	(12.0620,-74.5039,597.5600)	(-37.7325,-12.2258,591.1003)	
(-39.5478,-40.5270,585.9750)	(-79.9190,-69.8042,619.1000)	(-54.7846,-70.6947,607.9566)	(-15.9186,-73.5503,597.7306)	(9.8902,-77.2351,596.5666)	(-37.7172,-12.2258,591.0904)	
(-39.5695,-40.5270,585.0044)	(-79.9190,-69.6895,618.1000)	(-56.8927,-70.8190,608.9682)	(-15.9186,-73.5503,597.7292)	(9.8809,-77.2320,595.5846)	(-39.7848,-12.2610,591.1158)	
(-41.6046,-40.6043,586.0114)	(-80.0075,-69.8042,619.1000)	(-56.9449,-70.8190,608.9682)	(-15.9275,-73.5503,597.7292)	(9.9362,-75.2949,597.5743)	(-39.7848,-12.2610,591.1158)	
(-41.5764,-40.5331,585.0157)	(-79.9190,-69.8042,619.1000)	(-56.9449,-70.8190,608.9682)	(-15.9306,-73.4255,596.7312)	(7.7655,-77.1098,594.5912)	(-39.7848,-12.2579,591.1200)	
(-41.5543,-38.4346,584.9988)	(-79.9190,-69.8042,618.1000)	(-56.8927,-70.8190,608.9682)	(-17.9955,-73.5565,597.7406)	(7.8143,-77.2382,595.5861)	(-39.7879,-12.2610,592.1060)	
(-41.5795,-40.5331,585.0254)	(-79.9190,-69.6895,618.1000)	(-56.9449,-70.8190,608.9682)	(-17.9955,-73.5565,597.7406)	(7.8143,-75.1761,596.5824)	(-39.7879,-11.2001,591.1200)	
(-43.6397,-40.6135,586.0268)	(-82.2456,-69.9253,620.1120)	(-59.0564,-70.9434,609.9798)	(-17.9955,-73.5565,597.7406)	(7.8630,-75.1761,596.5980)	(-39.7848,-12.2610,591.1200)	
(-43.6336,-40.6104,586.0072)	(-82.1536,-69.9253,620.1120)	(-59.0564,-70.9466,609.9798)	(-17.9955,-73.4317,597.7406)	(7.8661,-75.3011,597.5858)	(-41.8342,-13.2822,592.1117)	
(-43.6081,-38.5085,585.0157)	(-82.1600,-68.8544,619.1176)	(-59.0564,-70.9466,609.9798)	(-20.0715,-73.5627,597.7522)	(6.7309,-76.3323,595.5719)	(-41.8342,-13.2822,592.1132)	
(-45.6397,-38.5146,585.0520)	(-82.1536,-69.8106,619.1074)	(-59.0564,-70.8254,609.9798)	(-20.0777,-73.4380,596.7542)	(6.7339,-76.3323,595.5719)	(-41.8373,-11.2063,591.1314)	
(-45.6427,-38.5177,585.0520)	(-84.4970,-67.8948,622.1328)	(-61.2926,-69.8849,611.9998)	(-22.1481,-73.4442,597.7636)	(4.7144,-74.2699,595.6018)	(-43.8927,-11.2125,592.1330)	
(-47.7099,-38.5916,586.0536)	(-84.4970,-67.8948,621.1327)	(-61.2926,-69.8849,611.9983)	(-22.1481,-73.4442,597.7636)	(2.6046,-74.1621,594.6354)	(-42.8889,-10.2154,591.1510)	
(-49.7809,-38.6656,587.0437)	(-84.4015,-67.8948,620.1326)	(-63.4110,-70.0076,612.0116)	(-22.1498,-73.3194,596.7642)	(2.6015,-76.2149,594.6040)	(-44.9448,-10.2154,592.1527)	
(-49.7419,-38.6656,586.0731)	(-86.7489,-68.0125,623.1449)	(-63.4736,-69.8912,612.0116)	(-24.2247,-71.4996,598.7802)	(0.5322,-74.1621,594.6354)	(-47.0037,-10.2410,593.1543)	
(-53.8090,-40.9884,591.0562)	(-86.8478,-68.1238,623.1449)	(-62.4222,-69.7717,612.0100)	(-26.2982,-71.5058,598.7932)	(0.5047,-76.1036,594.6070)	(-46.9667,-10.2216,592.1640)	
(0.0000,0.0000,-1.0000)	(-86.8478,-68.1238,623.1449)	(-64.5378,-69.0746,612.0190)	(-26.2982,-71.5058,598.7946)	(0.5352,-74.1652,594.6396)	(-47.0037,-10.2410,593.1543)	
(0.0000,0.0000,-1.0000)	(-86.8478,-68.1238,625.1452)	(-64.6084,-70.0107,612.0233)	(-26.3003,-71.5058,598.7946)	(-1.5611,-74.0481,593.6588)	(-47.0037,-10.2410,593.1543)	
(0.0000,0.0000,-1.0000)	(-86.8478,-68.2350,625.1452)	(-65.5955,-70.1303,613.0232)	(-26.3003,-71.6272,598.7946)	(0.5291,-74.1621,594.6339)	(-47.0037,-10.2410,593.1543)	
(0.0000,0.0000,-1.0000)	(-84.4015,-67.8948,621.1327)	(-61.3517,-70.0012,611.9998)	(-22.1512,-71.4934,597.7721)	(4.7580,-74.3993,596.6010)	(-44.9448,-10.2154,592.1527)	
(-47.7423,-41.7796,588.0296)	(-81.1836,-67.8883,620.1164)	(-61.3517,-70.0012,612.9998)	(-22.1495,-71.4934,598.7716)	(2.6385,-74.2792,595.6032)	(-45.0025,-12.3190,594.1304)	
(-47.7099,-38.5916,586.0536)	(-84.5924,-68.0060,622.1358)	(-61.3517,-70.0012,612.9998)	(-22.1495,-71.6147,598.7716)	(2.6046,-74.1621,594.6381)	(-44.9478,-10.2154,592.1569)	
(0.0000,0.0000,-1.0000)	(-84.4970,-68.0060,622.1328)	(-61.3517,-70.1175,612.9998)	(-22.1495,-71.4934,598.7716)	(2.6385,-74.2792,594.6438)	(-45.0025,-12.3190,593.1501)	
(-47.6713,-38.5916,586.0340)	(-84.5924,-68.0060,623.1330)	(-61.4108,-70.1175,612.9998)	(-22.1495,-71.4934,598.7716)	(4.7580,-74.3962,596.5996)	(-45.0025,-12.3190,593.1543)	
(-47.7068,-38.5916,586.0479)	(-81.1836,-67.8883,620.1177)	(-61.3517,-70.1175,612.9998)	(-22.1450,-73.5690,597.7636)	(4.7549,-74.3962,595.6316)	(-43.9215,-11.2125,592.1512)	
(-47.7068,-38.5916,586.0479)	(-82.2456,-70.0400,620.1148)	(-61.2862,-72.1217,611.9912)	(-20.0746,-73.5627,597.7522)	(4.7144,-76.3385,595.5918)	(-43.9471,-13.3130,594.1190)	
(-45.7038,-40.6909,587.0282)	(-82.2456,-70.0400,621.1120)	(-59.1678,-71.0615,611.9794)	(-20.0694,-73.5627,597.7536)	(4.7175,-76.3385,595.5932)	(-43.9471,-13.3130,594.1190)	
(-45.7038,-40.6909,587.0282)	(-82.3375,-70.1547,621.1120)	(-59.1678,-71.0615,611.9794)	(-20.0694,-73.5627,597.7578)	(4.7144,-76.3385,594.6197)	(-43.9471,-13.3130,594.1247)	
(-45.7068,-40.6909,587.0478)	(-82.3375,-70.1547,621.1120)	(-59.1678,-71.1795,611.9794)	(-20.0663,-73.5627,598.7501)	(6.7339,-76.4621,595.5976)	(-43.9471,-13.3130,594.1190)	
(-45.6748,-40.6848,587.0128)	(-80.0960,-70.0336,620.1000)	(-59.1678,-71.0615,611.9794)	(-20.0694,-73.5627,598.7429)	(6.7370,-76.3447,595.5976)	(-41.8656,-13.3068,593.1174)	
(-43.6427,-40.6104,586.0324)	(-80.0960,-70.0336,620.1029)	(-57.0493,-71.0551,610.9678)	(-17.9924,-73.5565,597.7406)	(6.7339,-76.4652,595.6032)	(-41.8656,-11.2274,592.1314)	
(-43.6427,-40.6104,586.0324)	(-80.1845,-70.0336,621.1000)	(-57.0493,-71.0551,610.9678)	(-17.9893,-73.5565,598.7401)	(6.7370,-76.3447,595.5976)	(-41.8909,-13.3068,593.1316)	
(-43.6713,-40.6848,587.0268)	(-80.1845,-70.2694,621.1000)	(-57.0493,-71.0551,610.9693)	(-17.9838,-73.6813,598.7401)	(7.8723,-77.2413,596.5953)	(-41.8909,-13.3068,594.1076)	
(-38.5136,-40.5982,585.9694)	(-75.5457,-71.8180,617.0703)	(-52.7671,-70.9244,609.9461)	(-13.8385,-73.6719,598.7172)	(12.0156,-76.4590,597.5458)	(-35.6862,-12.2197,591.0932)	
(-38.5565,-41.6061,585.9987)	(-75.5457,-71.8180,618.0674)	(-52.7608,-72.9200,609.9359)	(-12.8031,-74.4460,597.7120)	(14.1541,-76.5795,597.5600)	(-35.6862,-12.2197,591.0973)	
(-36.5379,-42.8534,587.9494)	(-73.4065,-71.8116,617.0584)	(-50.6040,-72.9136,609.9226)	(-10.7230,-74.5662,598.6984)	(14.1448,-76.5701,597.5386)	(-33.6277,-14.2649,591.0692)	
(-36.5379,-44.8074,587.9648)	(-73.4065,-71.8116,618.0556)	(-50.6040,-72.9136,608.9244)	(-9.7008,-75.4759,597.6905)	(16.2871,-76.6937,598.5277)	(-33.6277,-14.2649,591.0692)	
(-34.4863,-42.6201,585.9483)	(-72.3369,-72.8822,617.0453)	(-48.4925,-72.7858,608.9127)	(-7.6335,-74.5662,597.6790)	(16.2276,-76.5764,598.5177)	(-31.5704,-14.2325,590.0662)	
(-32.4417,-42.5362,585.9314)	(-70.0518,-72.6361,615.0336)	(-48.4925,-72.7858,608.9127)	(-7.6075,-74.6927,598.6712)	(18.3609,-76.6874,598.5147)	(-31.5704,-14.2325,590.0662)	
(-30.4039,-42.4555,583.9515)	(-67.7806,-72.3901,613.0248)	(-46.3460,-72.7795,607.9029)	(-5.5568,-74.5600,597.6676)	(18.3609,-76.6874,598.5147)	(-29.5215,-14.2263,590.0548)	
(-30.4039,-42.4555,584.9204)	(-67.8501,-72.5099,614.0190)	(-43.1541,-73.7051,606.8798)	(-3.4771,-74.5538,597.6590)	(20.4441,-76.6843,598.5104)	(-27.4725,-14.2202,590.0310)	
(-28.3788,-42.4494,583.9096)	(-67.8501,-72.5099,614.0246)	(-44.2064,-72.7732,607.8897)	(-3.4536,-74.6802,598.6540)	(21.5538,-75.7697,599.5266)	(-27.4725,-14.2202,590.0254)	
(-26.3520,-42.3686,582.9140)	(-65.5892,-72.2638,612.0131)	(-42.1018,-72.7668,607.8780)	(-2.3805,-73.6344,598.6554)	(21.5476,-73.8086,600.5184)	(-25.4260,-14.1878,589.0198)	
(-24.3309,-42.2879,581.9225)	(-63.4736,-72.3837,612.0000)	(-41.0495,-73.6988,606.8682)	(-0.2939,-73.6282,599.6402)	(22.5909,-76.6781,600.4883)	(-23.3836,-14.1817,588.9972)	
(-22.2973,-44.4583,583.8983)	(-63.5330,-72.6233,612.0014)	(-38.9512,-73.6988,606.8566)	(0.7861,-74.8004,599.6390)	(24.7539,-76.8015,601.4858)	(-23.3808,-14.1817,589.0112)	
(-22.3080,-42.3565,582.9013)	(-62.3391,-75.0590,610.9869)	(-37.8714,-74.4929,606.8434)	(2.8299,-74.7879,599.6217)	(26.9238,-76.1317,602.4674)	(-21.3566,-14.1817,588.9972)	
(-18.2908,-42.2697,581.8792)	(-60.1633,-74.2519,610.9708)	(-35.7703,-74.4803,605.8394)	(4.9072,-74.7879,599.6087)	(26.9238,-76.0069,601.4843)	(-19.2987,-16.2108,588.9817)	
(-17.2345,-42.2667,581.8542)	(-57.9881,-76.1127,608.9524)	(-35.7734,-74.2337,605.8364)	(5.9536,-75.6885,600.5948)	(29.0174,-76.0037,601.4743)	(-17.2594,-15.2226,589.9546)	
(-15.2489,-43.2647,581.8528)	(-57.9881,-76.1095,608.9566)	(-33.6265,-74.2243,604.8267)	(8.0828,-75.8072,600.5891)	(31.1915,-76.0006,602.4400)	(-16.2141,-16.1985,588.9746)	
(-13.2306,-42.3352,581.8514)	(-55.8261,-75.9765,607.9409)	(-31.5357,-73.1779,602.8159)	(9.1752,-73.8493,600.5906)	(33.1952,-75.9975,602.4242)	(-14.1743,-14.1540,588.9618)	
(-11.2124,-42.2485,582.8202)	(-53.7243,-73.8600,607.9378)	(-29.4449,-73.1653,601.8264)	(9.1752,-73.8493,600.5934)	(35.3668,-74.0168,602.4456)	(-12.1503,-14.1479,588.9350)	
(-9.1671,-42.3170,582.8286)	(-51.6162,-73.8536,607.9262)	(-27.3503,-73.0391,601.7890)	(11.2656,-71.8782,601.5838)	(37.4608,-72.9704,605.4251)	(-12.1284,-14.1479,588.9604)	
(-7.2126,-40.1450,581.8011)	(-51.6597,-73.9768,607.9278)	(-25.2630,-73.0359,601.7875)	(13.3530,-71.8719,601.5738)	(38.7131,-72.9672,606.4167)	(-10.0826,-14.1679,589.9291)	
(-5.0896,-42.3793,583.7862)	(-49.4617,-75.8308,606.9062)	(-23.1788,-73.0359,601.7774)	(15.4403,-71.8657,601.5622)	(38.7100,-72.9641,606.4167)	(-8.0367,-14.1617,589.9121)	
(0.7517,-40.1948,581.7732)	(-42.9992,-75.1787,601.8728)	(-20.0394,-74.0618,601.7500)	(21.7704,-71.8500,602.5252)	(43.1356,-72.3954,607.3880)	(-2.9655,-13.1011,588.9080)	
(0.8435,-40.1979,581.7788)	(-43.0352,-73.2124,602.8783)	(-20.0446,-71.9724,601.7629)	(21.7704,-71.8468,601.5276)	(46.4034,-70.3935,607.4068)	(-2.9655,-13.1011,588.9080)	
(0.7961,-40.1979,581.7788)	(-40.9181,-73.0830,601.8698)	(-17.9549,-71.9661,601.7514)	(22.7429,-69.8813,602.5322)	(46.4065,-70.3967,607.4126)	(-2.9281,-13.1162,589.8978)	
(0.7961,-40.2568,582.7600)	(-43.0054,-73.0893,601.8814)	(-20.0446,-71.9724,601.7644)	(19.6827,-71.8563,602.5324)	(44.2858,-70.3967,607.3938)	(-2.9655,-13.0950,588.8982)	
(-1.1273,-40.1948,581.7773)	(-45.1260,-73.2187,602.8926)	(-20.0415,-74.0618,601.7486)	(19.6150,-71.8531,601.5391)	(44.2984,-70.4030,607.4286)	(-3.9897,-12.0789,588.9122)	
(-3.1020,-42.2987,582.7853)	(-46.1714,-72.1723,602.9027)	(-22.1302,-71.9787,602.7696)	(15.4403,-71.8657,601.5622)	(42.5083,-70.7589,610.4066)	(-6.0230,-14.1325,588.9124)	
(-5.1638,-40.2070,581.8023)	(-50.4785,-72.4278,605.9251)	(-24.2179,-72.1063,602.7812)	(13.3498,-71.8719,601.5722)	(39.0282,-73.4582,610.4124)	(-8.0654,-14.1356,588.9264)	
(-11.2124,-42.2515,581.8249)	(-52.6249,-72.5556,606.9366)	(-29.4449,-73.1716,602.8116)	(7.0940,-73.9802,601.5998)	(33.5621,-72.2933,605.4643)	(-14.1927,-14.1279,587.9676)	
(-11.2124,-42.2515,581.8263)	(-54.7783,-72.6834,607.9480)	(-29.4449,-73.1747,602.8131)	(9.1783,-73.8493,601.5854)	(33.4688,-74.0325,604.4610)	(-12.1442,-16.1924,588.9308)	
(-11.2124,-42.2515,581.8208)	(-54.7783,-72.6834,607.9480)	(-29.4449,-73.1716,602.8116)	(9.1814,-73.9739,601.5883)	(33.4688,-74.2721,604.4552)	(-12.1442,-16.1924,588.9266)	
(-11.2361,-42.1769,580.8267)	(-53.6772,-73.7367,606.9408)	(-29.4449,-73.4115,604.7934)	(9.1752,-73.8493,600.5891)	(35.7662,-74.3966,606.4270)	(-12.1442,-16.1924,588.9364)	
(-13.2044,-44.3589,582.8385)	(-55.8828,-73.9895,608.9464)	(-31.5357,-73.1779,602.8232)	(10.1667,-74.8923,600.5776)	(35.6726,-76.3719,605.4195)	(-14.1866,-16.1985,588.9322)	
(-13.2246,-44.3589,582.8232)	(-55.8261,-75.9765,607.9438)	(-31.5295,-75.2708,602.8104)	(8.1346,-75.0249,601.5883)	(33.4751,-76.1192,604.4264)	(-14.1866,-16.1689,587.9634)	
(-13.2246,-44.3589,582.8232)	(-55.8765,-76.1032,608.9406)	(-31.5509,-75.5239,604.8138)	(8.1346,-75.0249,601.5883)	(34.5334,-77.4218,604.4279)	(-14.1866,-16.1985,588.9364)	
(-13.2246,-44.3589,582.8232)	(-55.9270,-76.2299,609.9405)	(-31.5509,-75.5239,604.8095)	(8.1346,-75.0249,601.5883)	(32.2494,-77.1750,602.4516)	(-14.2049,-16.1689,587.9381)	
(-13.2246,-45.3586,582.8176)	(-55.9270,-76.2299,609.9405)	(-31.5509,-75.5239,604.8110)	(8.1377,-75.0249,601.5883)	(34.5302,-77.4187,604.4178)	(-14.1682,-16.1985,588.9322)	
(-13.2246,-44.3589,582.8176)	(-55.8702,-78.2168,608.9320)	(-31.5509,-75.5239,604.8080)	(8.1346,-75.0249,601.5883)	(34.5334,-77.4218,604.4294)	(-14.1866,-16.1689,587.9536)	
(-15.2261,-45.4445,583.8340)	(-55.8765,-76.1032,608.9435)	(-31.5509,-75.5239,604.8110)	(8.1377,-75.0249,601.5883)	(34.3433,-77.1687,602.4458)	(-16.2290,-16.1689,587.9831)	
(-13.2246,-44.3589,582.8176)	(-55.8261,-75.9765,607.9438)	(-31.5509,-75.5239,604.8138)	(8.1346,-74.9017,600.5964)	(34.5334,-77.4187,604.4221)	(-14.1866,-16.1689,587.9676)	
(-13.2044,-44.3589,582.8329)	(-55.8261,-75.9765,607.9409)	(-31.5295,-75.2708,602.8146)	(8.0828,-74.8986,600.5891)	(31.1915,-76.0037,602.4458)	(-16.2141,-16.1985,588.9731)	
(-15.2261,-45.3647,582.8400)	(-55.8828,-73.9895,608.9464)	(-31.5679,-73.5472,605.8132)	(7.0940,-73.8556,601.5998)	(33.5715,-74.3998,605.4600)	(-16.2290,-16.1689,587.9774)	
(-15.2261,-45.3647,582.8400)	(-55.8828,-73.9895,608.9494)	(-31.5679,-73.5472,605.8132)	(7.0909,-73.8556,601.5984)	(33.5715,-74.4029,606.4328)	(-16.2290,-16.1720,587.9748)	
(-15.2428,-45.3647,582.8344)	(-55.8765,-76.1032,608.9406)	(-31.5509,-75.5239,604.8080)	(8.1346,-75.0249,601.5883)	(31.1977,-76.1286,604.4337)	(-16.2290,-16.1689,587.9831)	
(-15.2428,-45.3677,582.8400)	(-58.0420,-76.2362,609.9522)	(-31.5509,-75.5239,604.8080)	(8.0890,-74.8986,600.6006)	(33.5715,-76.3719,605.4253)	(-16.2141,-16.1985,588.9632)	
(-15.2261,-45.3708,582.8441)	(-55.9270,-76.2299,609.9376)	(-31.5617,-75.6505,604.8110)	(8.0890,-74.8986,600.5921)	(32.2400,-77.1656,602.4372)	(-16.2290,-16.1689,587.9732)	
(-15.2428,-45.3647,582.8344)	(-55.8765,-76.1032,608.9406)	(-31.5509,-75.5239,604.8080)	(8.0921,-74.9017,601.5782)	(31.3774,-76.1317,604.4438)	(-16.2500,-14.1079,586.9776)	
(-15.2428,-45.3647,582.8344)	(-55.9270,-76.2299,609.9405)	(-31.5617,-75.6505,604.8095)	(8.1346,-75.0249,601.5883)	(32.2431,-77.1750,602.4516)	(-16.2290,-16.1689,587.9831)	
(-15.2261,-45.3647,582.8400)	(-55.9270,-76.2299,609.9405)	(-31.5509,-75.5239,604.8080)	(8.0890,-74.8986,601.5825)	(32.2431,-77.1687,602.4430)	(-16.2290,-16.1689,587.9748)	
(-15.2428,-45.3647,582.8344)	(-55.8702,-78.2168,608.9320)	(-31.5617,-75.6505,604.8095)	(8.1346,-74.9017,601.5868)	(32.2494,-77.1719,602.4474)	(-16.2290,-16.1720,587.9480)	
(-15.2428,-45.3647,582.8344)	(-55.8765,-76.1032,608.9406)	(-31.5509,-75.5239,604.8138)	(8.0890,-74.8986,600.5921)	(31.1946,-76.1223,602.4660)	(-16.2290,-16.1720,587.9789)	
(-15.2261,-45.4445,583.8284)	(-55.8765,-76.1032,608.9406)	(-31.5509,-75.5239,604.8138)	(8.0890,-74.8986,600.5891)	(33.5715,-76.3751,605.4253)	(-16.2141,-16.1720,588.9492)	
(-15.2261,-45.3677,582.8441)	(-55.8765,-76.1032,608.9406)	(-31.5617,-75.5271,604.8138)	(8.0921,-74.8986,600.5921)	(33.5715,-76.3782,605.4311)	(-16.2290,-16.1720,587.9690)	
(-15.2261,-45.4445,583.8493)	(-55.8765,-76.1032,608.9406)	(-31.5617,-75.6505,605.8046)	(8.0921,-74.8986,601.5825)	(34.5334,-77.4218,604.4279)	(-16.2290,-16.1720,587.9748)	
(-15.2261,-45.4445,583.8340)	(-55.8765,-76.1032,608.9406)	(-31.5509,-75.5239,604.8095)	(8.0890,-74.9017,600.5964)	(34.3433,-77.1719,604.4178)	(-16.2290,-16.1720,587.9748)	
(-15.2261,-45.3647,582.8400)	(-55.8702,-78.2168,608.9320)	(-31.5617,-75.6505,604.8110)	(8.0890,-75.0187,601.5840)	(32.2463,-77.1687,602.4474)	(-16.2290,-16.1689,587.9789)	
(-15.2261,-45.3677,582.8441)	(-55.9270,-76.2299,609.9376)	(-31.5617,-75.6505,605.8046)	(6.0051,-75.8135,600.6036)	(32.2525,-77.1782,604.4251)	(-16.2500,-14.1079,586.9776)	
(-15.2261,-45.4445,583.8396)	(-55.9270,-76.2299,609.9405)	(-31.5509,-75.5239,604.8080)	(8.0859,-75.0187,600.5964)	(34.5365,-77.4218,604.4279)	(-16.2290,-16.1689,588.9436)	
(-15.2261,-45.4445,583.8284)	(-55.9270,-76.2299,609.9376)	(-31.5509,-75.5239,604.8095)	(8.0859,-74.9017,600.5921)	(34.3433,-77.1719,604.4135)	(-16.2290,-16.2016,588.9478)	
(-15.2261,-44.5211,583.8340)	(-55.9270,-76.2299,608.9435)	(-31.5617,-75.6505,605.8046)	(8.0859,-74.8986,600.5921)	(32.2431,-77.1687,602.4430)	(-16.2290,-16.1985,588.9492)	
(-15.2093,-44.5211,584.8280)	(-55.9270,-76.2299,609.9376)	(-31.5509,-75.5239,604.8050)	(8.0859,-74.9017,600.5906)	(32.2400,-77.1656,602.4372)	(-16.2141,-16.2016,588.9534)	
(-15.2093,-45.4445,583.8493)	(-55.9270,-76.2299,609.9405)	(-31.5787,-73.5503,605.8177)	(8.0890,-74.8986,600.5964)	(32.2431,-77.1687,602.4430)	(-16.2290,-16.1985,588.9492)	
(-15.2489,-43.2647,581.8486)	(-58.0420,-76.2362,609.9522)	(-31.5509,-75.5239,604.8065)	(8.1346,-75.0218,601.5868)	(32.2463,-77.1719,602.4474)	(-16.2290,-16.1689,587.9789)	
(-15.2093,-44.5211,584.8336)	(-55.8261,-75.9765,607.9409)	(-31.5679,-73.5472,604.8239)	(8.0890,-74.8986,600.5906)	(32.2400,-77.1656,602.4358)	(-16.2290,-16.1985,588.9549)	
(-15.2489,-43.2677,581.8528)	(-55.8261,-75.9765,607.9409)	(-31.5572,-73.4241,604.8181)	(8.0341,-74.7753,599.5929)	(31.1977,-76.1254,602.4660)	(-16.2351,-14.1340,587.9831)	
(-15.2489,-43.3410,582.8370)	(-56.9386,-72.8112,608.9623)	(-31.5572,-73.4241,604.8224)	(7.0878,-73.8556,600.6006)	(33.5652,-74.2784,605.4397)	(-16.2351,-14.1602,588.9576)	
(-15.2489,-43.3410,582.8370)	(-58.0483,-74.1191,609.9608)	(-31.5679,-73.5472,605.8088)	(7.0878,-73.8556,600.6006)	(33.5683,-74.2784,605.4498)	(-16.2202,-14.1602,588.9674)	
(-15.2489,-43.3410,582.8426)	(-58.0483,-74.1191,609.9608)	(-31.5679,-73.5472,605.8132)	(7.0878,-73.8556,600.6006)	(31.1915,-74.0357,604.4524)	(-16.2351,-14.1602,588.9576)	
(-15.2321,-43.3410,582.8524)	(-55.8324,-73.8663,607.9495)	(-31.5679,-73.5472,605.8088)	(7.0408,-73.8587,600.6006)	(31.1946,-76.1192,602.4516)	(-16.2351,-14.1602,588.9576)	
(-15.2321,-43.4173,583.8366)	(-55.8828,-73.9895,608.9494)	(-31.5572,-73.4241,604.8151)	(7.0878,-73.8556,600.5991)	(31.1915,-76.0037,602.4502)	(-16.2202,-14.1602,588.9829)	
(-15.2549,-41.2474,581.8611)	(-58.0483,-74.1191,609.9608)	(-31.5679,-73.5472,605.8132)	(5.0036,-74.7722,601.6099)	(31.1915,-76.0037,602.4458)	(-16.2202,-14.1863,589.9672)	
(-15.1986,-42.4905,584.8628)	(-58.0483,-74.1191,609.9608)	(-31.5572,-73.4241,604.8136)	(5.0005,-74.7722,601.6084)	(31.1946,-76.1192,602.4558)	(-16.2263,-12.1157,588.9856)	
(-15.2549,-41.3233,582.8565)	(-58.1022,-74.2423,609.9624)	(-32.6061,-72.4955,605.8248)	(5.0005,-74.7722,601.6084)	(31.3711,-74.0388,604.4568)	(-16.2053,-14.1863,589.9812)	
(-15.2549,-41.3901,583.8450)	(-58.0483,-74.1191,609.9608)	(-32.5812,-72.3742,604.8325)	(7.0377,-74.7660,600.5991)	(31.3711,-74.0388,604.4524)	(-16.2263,-12.1384,589.9714)	
(-15.2549,-41.3901,583.8450)	(-57.9944,-73.9959,608.9610)	(-32.5812,-72.3742,604.8267)	(4.9942,-72.6897,601.6170)	(31.1884,-74.0262,602.4645)	(-16.2263,-12.1384,589.9643)	
