(-13.2215,-25.2600,585.9052)	(-56.1957,-54.3616,614.0312)	(-29.5559,-53.9206,609.8822)	(9.3484,-54.4913,605.6670)	(33.8908,-54.6967,609.5282)	(-14.2445,3.2237,589.0175)	
(-13.2014,-25.2631,585.9109)	(-56.1451,-54.2712,613.0342)	(-31.6709,-53.9270,609.8954)	(7.2940,-54.4976,605.6786)	(33.8008,-56.8041,608.5247)	(-14.2445,3.2207,588.0372)	
(-13.2014,-25.2631,585.9165)	(-57.3124,-53.3847,615.0415)	(-30.6134,-52.8621,609.8954)	(9.3955,-52.3880,606.6676)	(33.8939,-54.6967,609.5340)	(-14.2445,3.2207,588.0387)	
(-13.2678,-24.1561,583.9100)	(-56.2462,-54.4519,615.0268)	(-31.6709,-53.9270,609.8984)	(7.2972,-54.4976,606.6706)	(33.8039,-56.8041,608.5364)	(-14.2445,3.2207,588.0274)	
(-13.2678,-23.1517,583.9100)	(-56.2462,-54.4519,615.0312)	(-31.6709,-53.9270,609.8954)	(9.4018,-54.4913,605.6684)	(33.8939,-54.7789,609.5340)	(-14.2445,3.2239,589.0216)	
(-13.2014,-25.2631,585.9109)	(-56.2462,-54.4519,615.0312)	(-30.6229,-51.8099,609.8998)	(7.2972,-53.4523,605.6728)	(33.8939,-53.7298,608.5451)	(-16.2722,3.2178,588.0485)	
(-13.2678,-23.1517,583.9100)	(-56.1957,-54.3616,614.0312)	(-31.6709,-53.9270,609.8969)	(7.2472,-54.4976,605.6770)	(33.7976,-54.6936,609.5122)	(-14.2263,3.2239,589.0330)	
(-13.2678,-23.1517,583.9044)	(-56.2462,-54.4519,615.0312)	(-31.6601,-53.8368,608.9046)	(7.2472,-54.4976,605.6770)	(33.8008,-56.7185,608.5146)	(-14.2445,3.2239,589.0175)	
(-13.2014,-25.2631,585.9165)	(-56.1451,-54.2712,613.0314)	(-31.6709,-53.9270,609.8910)	(7.2940,-54.4976,605.6786)	(33.7976,-54.6936,609.5180)	(-14.2445,3.2207,588.0372)	
(-13.2678,-24.1622,583.9212)	(-57.3187,-51.1652,615.0502)	(-30.6134,-52.8621,609.8954)	(7.2909,-52.3943,606.6778)	(33.8876,-52.6681,610.5156)	(-14.2263,3.2239,589.0274)	
(-13.2477,-23.1517,583.9310)	(-57.2600,-53.2961,614.0415)	(-32.7159,-52.8684,609.9056)	(7.2441,-54.4090,605.6756)	(33.7976,-54.6936,609.5122)	(-16.2722,3.2178,589.0386)	
(-13.2215,-25.2210,584.9168)	(-57.3124,-53.3847,615.0415)	(-32.7284,-52.8684,609.9071)	(7.2972,-54.4976,606.6706)	(33.8939,-54.7820,609.5340)	(-16.3079,4.2412,588.0316)	
(-13.2618,-25.1245,582.9060)	(-56.3474,-54.6327,615.0340)	(-31.6817,-54.0172,609.9000)	(9.4081,-53.5297,606.6574)	(33.9934,-55.9340,610.4982)	(-14.2811,3.2174,586.0415)	
(-13.3162,-28.0564,580.8886)	(-54.0541,-58.6171,613.9992)	(-29.5570,-56.1315,610.8747)	(10.4021,-55.5430,605.6670)	(34.9672,-57.9672,609.5269)	(-13.3433,1.1868,583.0236)	
(-13.3676,-30.9210,577.8828)	(-54.0006,-60.6473,612.9934)	(-29.5370,-60.2720,608.8610)	(10.4667,-57.7432,606.6447)	(36.1150,-59.0163,610.5099)	(-13.3452,-4.8844,582.9792)	
(-12.3961,-35.7384,574.8785)	(-54.0821,-65.1176,614.9728)	(-29.5233,-64.5062,609.8375)	(10.4856,-64.0634,606.6186)	(34.9893,-64.3186,609.4965)	(-12.4329,-7.8314,576.9928)	
(-11.3722,-41.7205,574.8182)	(-52.9579,-69.2654,613.9553)	(-27.3967,-68.7341,609.8128)	(12.5965,-66.1638,606.5998)	(36.1403,-67.4784,610.4678)	(-13.4125,-13.7850,574.9630)	
(-11.2892,-49.4060,582.8010)	(-52.9873,-73.6488,614.9348)	(-28.4503,-70.9691,609.8245)	(12.6646,-68.3816,607.5833)	(36.0531,-69.5987,610.4402)	(-12.4497,-16.7790,574.9466)	
(-11.3426,-46.9632,577.8019)	(-50.8227,-72.5816,613.9292)	(-26.3329,-72.0294,609.7940)	(12.6091,-70.3773,606.5871)	(36.1466,-67.6003,610.4402)	(-12.4279,-18.8386,576.9365)	
(-11.2892,-49.3224,581.8070)	(-52.9873,-73.6488,614.9348)	(-28.4440,-73.0897,610.8008)	(12.6122,-70.3836,606.5927)	(36.0594,-69.5987,610.4488)	(-14.4194,-18.8159,575.9588)	
(-11.2892,-46.9692,577.8074)	(-50.8227,-72.5816,613.9320)	(-26.3329,-71.9098,609.7940)	(12.6122,-70.3804,606.5914)	(36.0594,-67.5971,609.4674)	(-12.4467,-18.8068,575.9271)	
(-11.2892,-49.2327,580.8020)	(-52.9873,-73.6488,614.9348)	(-28.4384,-72.9683,609.8028)	(12.6646,-70.4886,606.5958)	(36.0594,-69.6018,610.4547)	(-12.4249,-18.8159,575.9438)	
(0.0000,0.0000,-1.0000)	(-52.9420,-73.5273,613.9350)	(-28.4384,-72.9683,609.8014)	(12.6154,-70.3773,606.5899)	(36.0594,-69.4892,610.4488)	(-13.3744,-18.8507,576.9436)	
(-12.0875,-48.6429,585.7926)	(-50.7358,-70.0984,610.9472)	(-26.3371,-69.6733,607.8210)	(12.5410,-68.1563,605.5950)	(35.9407,-65.3612,608.4611)	(-13.3744,-17.8823,577.9184)	
(-11.3011,-47.3823,582.8092)	(-52.8641,-69.0363,611.9529)	(-27.3928,-68.6165,608.8088)	(12.5347,-66.1606,606.5955)	(35.9438,-65.1529,609.4630)	(-12.4556,-16.8730,577.9308)	
(-13.1174,-46.6119,585.8275)	(-51.8126,-66.9123,611.9529)	(-27.3991,-66.5060,608.8190)	(12.5284,-63.9497,605.6138)	(36.9933,-64.2995,608.4886)	(-13.3723,-15.9024,578.9498)	
(-11.1590,-44.5747,585.8092)	(-51.7690,-66.8012,610.9587)	(-27.3991,-66.5060,608.8190)	(12.4666,-63.9466,605.6006)	(36.0279,-63.0395,609.4658)	(-14.3335,-16.9640,580.9453)	
(-11.1177,-42.5467,585.8386)	(-51.7754,-64.6806,610.9674)	(-27.4055,-64.3923,608.8275)	(10.4209,-61.8528,605.6310)	(36.9902,-62.1824,608.4784)	(-14.3212,-14.9751,581.9590)	
(-13.1074,-36.6432,588.8794)	(-53.9001,-62.5664,610.9878)	(-29.5086,-62.0769,606.8574)	(10.2428,-59.4483,602.6417)	(34.6825,-59.7835,607.4838)	(-15.2850,-8.9904,585.9930)	
(-15.2046,-29.3895,586.9052)	(-56.0313,-58.3317,611.0169)	(-29.5349,-55.8504,607.8756)	(9.2918,-54.3996,604.6676)	(33.7013,-54.5988,607.5358)	(-15.2927,0.1469,588.0107)	
(-15.2334,-25.2723,585.9221)	(-56.0945,-54.1809,612.0314)	(-32.7033,-52.6914,608.8942)	(7.2378,-52.3060,604.6894)	(34.7459,-52.4886,607.5445)	(-16.3018,3.2082,588.0232)	
(-13.2135,-21.1949,585.9332)	(-54.9910,-50.9033,611.0386)	(-30.5924,-50.5749,607.9032)	(8.2273,-48.1064,604.6993)	(34.7396,-50.3752,607.5226)	(-16.2783,5.2695,590.0526)	
(-13.1854,-17.1894,587.9592)	(-57.1681,-48.8708,612.0590)	(-31.6713,-46.3609,607.9262)	(10.2054,-45.8444,602.7004)	(34.7302,-46.1580,607.5544)	(-15.2437,11.4531,592.0666)	
(-14.1743,-14.1540,588.9561)	(-56.1167,-46.7468,612.0619)	(-29.5695,-44.2443,607.9233)	(10.1929,-43.7515,602.7060)	(34.7270,-46.1580,607.5399)	(-13.1771,13.5285,593.0833)	
(-14.1804,-12.1127,588.9702)	(-56.1230,-44.6227,612.0706)	(-31.6948,-42.2085,608.9375)	(8.2085,-41.8070,604.7251)	(34.7239,-44.0541,607.5748)	(-15.2292,17.6664,594.0890)	
(-15.2291,-10.0713,588.9997)	(-56.1294,-42.4987,612.0793)	(-31.6948,-42.2117,608.9390)	(8.2507,-39.7747,605.7331)	(34.7239,-41.9439,607.5936)	(-15.2189,19.7590,595.1103)	
(-15.2186,-8.0426,590.0080)	(-56.1294,-42.4987,612.0793)	(-31.7011,-40.0980,608.9594)	(8.1928,-39.7071,604.7337)	(34.7176,-41.9408,607.5776)	(-15.1860,19.8178,597.0976)	
(-17.2575,-6.0131,591.0177)	(-58.3117,-40.4489,613.0998)	(-33.8333,-38.0550,609.9722)	(6.1464,-37.6778,605.7534)	(32.6001,-39.8369,607.5877)	(-17.2493,21.9212,598.1346)	
(-17.2899,-3.9590,590.0008)	(-58.3658,-40.5168,614.0998)	(-33.8333,-38.0550,609.9722)	(6.1527,-37.6778,605.7534)	(32.6064,-39.8401,607.6037)	(-17.2555,23.9968,598.1304)	
(-17.2838,-6.0069,589.0221)	(-58.3658,-40.5168,614.0998)	(-33.8333,-38.0614,609.9839)	(6.1527,-37.6778,606.7514)	(32.6032,-39.8401,607.6022)	(-17.2684,23.9590,597.1346)	
(-15.2413,-5.9854,589.0066)	(-58.4199,-40.5847,615.0998)	(-33.8333,-38.0550,609.9737)	(8.1991,-37.6073,604.7423)	(34.9103,-39.9654,609.5846)	(-15.1922,21.8930,597.1117)	
(-15.2518,-8.0207,588.9812)	(-58.4135,-42.7191,615.0912)	(-31.7120,-40.1626,609.9459)	(8.2476,-39.7747,605.7331)	(34.7239,-41.9439,607.5978)	(-17.2561,19.8115,597.1119)	
(-13.1928,-8.0145,588.9700)	(-56.1800,-42.5700,613.0765)	(-31.7120,-40.1658,609.9548)	(8.2601,-39.7747,605.7331)	(36.0675,-42.9959,610.5575)	(-15.2024,19.7962,596.1260)	
(-15.2684,-8.0014,586.9984)	(-58.4135,-42.7191,615.0912)	(-31.7120,-40.1658,609.9592)	(8.2570,-39.7747,605.7331)	(34.8187,-42.0116,608.5767)	(-15.2189,19.7652,596.0904)	
(-15.2623,-10.0358,586.9958)	(-58.4072,-44.8535,615.0824)	(-31.7057,-42.2829,609.9388)	(8.2539,-41.8780,604.7281)	(34.8219,-44.1253,608.5578)	(-15.2127,17.6907,595.0862)	
(-16.2859,-13.0586,585.9665)	(-58.4072,-44.8535,617.0796)	(-31.7165,-42.3541,610.9400)	(8.3086,-41.9490,606.7240)	(35.0178,-42.1566,610.5912)	(-15.2621,17.6053,592.0833)	
(-14.2968,-17.0267,582.9448)	(-57.2728,-48.9525,615.0590)	(-31.6821,-46.4390,608.9334)	(10.4290,-46.1561,606.6936)	(34.8345,-48.3526,608.5507)	(-15.2993,13.4401,589.0862)	
(-13.3603,-19.9527,579.9261)	(-57.2600,-53.2075,614.0415)	(-32.7222,-50.7482,609.9100)	(10.3895,-50.2848,605.6784)	(34.9451,-50.5510,609.5514)	(-16.3435,6.2653,586.0596)	
(-13.3363,-28.0060,579.8890)	(-54.0604,-56.4861,614.0108)	(-31.6538,-55.9504,608.8914)	(10.4021,-55.5430,605.6654)	(35.1570,-58.0513,611.5221)	(-15.3650,1.1807,583.0348)	
(-12.3174,-31.9724,578.8784)	(-54.0884,-62.9832,614.9829)	(-27.4220,-60.2656,609.8474)	(10.4730,-59.8468,606.6361)	(36.1340,-61.2290,610.5099)	(-13.3312,-2.8607,582.9932)	
(-10.2975,-34.9278,577.8608)	(-54.0821,-65.1176,613.9786)	(-27.4055,-64.3923,608.8305)	(12.5839,-61.9566,606.6288)	(36.0468,-65.3644,610.4764)	(-11.3679,-6.8740,580.9643)	
(-9.3418,-38.9285,577.8222)	(-52.9547,-69.2654,613.9524)	(-25.2876,-66.4997,608.8102)	(12.5965,-66.1670,606.6072)	(38.2587,-67.4784,610.4560)	(-11.4089,-8.8383,577.9580)	
(-7.2983,-41.9442,577.8210)	(-50.7777,-71.2720,612.9322)	(-25.2817,-68.7277,609.7983)	(14.7664,-66.1606,606.5984)	(38.2714,-67.5876,611.4405)	(-11.4735,-11.8343,576.9612)	
(-7.2005,-44.1786,580.8003)	(-50.7777,-71.2720,612.9350)	(-26.3297,-70.8448,609.7983)	(14.7695,-68.3721,607.5658)	(38.2682,-67.5876,611.4405)	(-12.3406,-16.9266,579.9344)	
(-7.2005,-44.2505,581.7887)	(-50.7777,-71.2720,612.9350)	(-26.3276,-70.7270,609.7983)	(14.7695,-68.3753,607.5744)	(38.2714,-69.5987,610.4547)	(-12.3406,-16.8953,578.9428)	
(-9.2967,-43.9566,577.8238)	(-50.7713,-73.3995,612.9192)	(-26.3276,-70.7270,608.7987)	(14.7727,-68.3784,607.5788)	(38.2714,-69.5987,610.4517)	(-12.3624,-16.8953,578.9276)	
(-9.2093,-47.2961,581.8042)	(-50.7777,-71.2720,612.9278)	(-26.3276,-70.7270,608.7987)	(14.7664,-68.2705,606.5869)	(38.2651,-67.5876,611.4362)	(-12.3842,-16.8640,577.9348)	
(-9.2093,-47.4534,583.7864)	(-50.7777,-73.3995,612.9278)	(-26.3276,-70.8448,609.7983)	(14.7727,-68.3784,607.5788)	(38.2746,-69.7113,611.4362)	(-12.3842,-16.8640,577.9238)	
(-9.2364,-47.2961,581.8042)	(-50.7777,-71.2720,612.9306)	(-26.3276,-70.8448,609.7968)	(14.7727,-68.3784,607.5818)	(38.2714,-69.7050,610.4547)	(-11.4616,-15.8402,576.9448)	
(-9.1821,-46.2829,581.8028)	(-50.7777,-73.3995,612.9278)	(-26.3276,-70.7270,609.7983)	(14.7758,-70.4886,607.5686)	(38.2714,-69.7050,610.4547)	(-12.3624,-16.8640,577.9390)	
(-10.1628,-47.5488,584.8084)	(-50.7777,-71.2720,612.9322)	(-26.3297,-70.8448,609.7983)	(14.7727,-68.3784,607.5788)	(38.2777,-69.7081,611.4362)	(-12.3624,-16.8640,577.9430)	
(-9.1550,-47.5457,584.8028)	(-52.9484,-71.3964,613.9466)	(-26.3276,-70.7270,609.7968)	(14.7727,-68.3784,607.5803)	(38.3683,-69.7081,611.4420)	(-12.3406,-16.8953,578.9346)	
(-9.2425,-44.1066,579.7966)	(-52.9484,-71.3964,613.9438)	(-26.3276,-70.7270,608.7987)	(14.7727,-68.3753,607.5772)	(38.2714,-69.7081,611.4274)	(-12.3406,-16.8953,578.9428)	
(-10.1689,-44.0226,578.8109)	(-52.8673,-69.0363,611.9557)	(-25.2813,-68.6133,608.8015)	(14.7011,-66.1575,606.5897)	(38.1618,-65.2555,610.4560)	(-12.3187,-16.9266,579.9288)	
(-9.1067,-44.4998,584.8152)	(-51.7690,-66.8012,610.9587)	(-25.2876,-66.4997,607.8122)	(12.5316,-63.9497,606.6072)	(38.2461,-63.2441,610.4734)	(-12.3029,-14.9690,581.9310)	
(-11.0940,-43.7103,587.8125)	(-51.7754,-64.6806,610.9674)	(-27.4055,-64.3923,608.8277)	(12.5284,-63.9497,605.6138)	(38.1555,-63.2441,610.4690)	(-12.3090,-11.9508,581.9490)	
(-11.1001,-40.5868,586.8424)	(-53.9409,-64.7947,611.9734)	(-29.5160,-62.1810,607.8543)	(10.4147,-61.8528,605.6310)	(35.9312,-63.0395,608.4972)	(-13.3071,-10.9555,582.9641)	
(-13.2204,-34.5441,586.8730)	(-53.9065,-60.4459,610.9964)	(-29.5223,-60.0708,607.8599)	(10.3532,-57.5493,604.6490)	(34.8629,-57.8640,608.4972)	(-13.2590,-5.9392,585.9844)	
(-16.1533,-31.5937,589.8902)	(-56.0882,-56.3049,612.0199)	(-31.6429,-55.8567,607.8888)	(8.1427,-55.2688,602.6704)	(33.7139,-56.7153,608.5000)	(-15.2927,0.1469,587.0360)	
(-15.2561,-23.1934,584.9306)	(-57.2696,-52.2370,614.0430)	(-30.6138,-51.7231,607.9033)	(7.1879,-51.2561,602.6818)	(33.7913,-51.6096,608.5334)	(-16.3079,5.2525,587.0555)	
(-15.2455,-21.2454,586.9498)	(-59.3952,-51.1716,614.0620)	(-32.7096,-50.5812,607.9178)	(8.2273,-50.2062,604.6906)	(34.8439,-50.4663,608.5464)	(-16.2844,7.3169,590.0497)	
(-15.2516,-20.1779,585.9430)	(-57.1681,-48.8708,613.0590)	(-33.7874,-48.5558,608.9232)	(6.1296,-48.9901,604.7109)	(32.5496,-50.3095,607.5343)	(-15.2932,11.3987,589.0820)	
(-17.2898,-18.1830,586.9511)	(-58.3467,-46.9097,614.0736)	(-33.7937,-46.4453,608.9408)	(6.1296,-48.9901,604.7109)	(32.5496,-50.3095,606.5758)	(-17.3096,11.4206,591.0835)	
(-16.2141,-16.2016,588.9534)	(-56.1230,-44.6227,612.0706)	(-33.8143,-44.4064,609.9403)	(6.1233,-46.0940,604.7210)	(32.6315,-46.1707,607.5879)	(-15.2498,13.5018,592.0764)	
(-18.2836,-13.1135,587.9718)	(-60.5394,-44.8599,615.0942)	(-33.8000,-44.3317,608.9420)	(6.0175,-44.7281,602.7292)	(32.6158,-44.0573,607.5806)	(-15.2395,15.5868,593.1088)	
(-18.2722,-13.1624,589.9714)	(-60.4819,-44.7851,614.0941)	(-33.8063,-42.2180,608.9624)	(6.1045,-42.6386,602.7392)	(32.6158,-44.0573,607.5704)	(-17.2759,17.6814,595.0891)	
(-19.3043,-11.1416,590.9910)	(-60.4883,-42.6542,614.1028)	(-35.9420,-40.1785,609.9782)	(4.0068,-40.6248,604.7554)	(30.4167,-41.8889,606.6133)	(-17.2691,19.7837,596.1260)	
(-21.3562,-7.0450,591.0206)	(-62.8065,-40.7333,617.1236)	(-35.9483,-38.0614,609.9870)	(4.0421,-38.6635,605.7650)	(30.4167,-41.8857,606.6118)	(-19.3228,21.9149,598.1349)	
(-21.3500,-7.0591,593.0148)	(-62.6844,-40.5975,615.1250)	(-35.9661,-38.1257,610.9822)	(3.9911,-37.4917,602.7650)	(30.4983,-39.8464,607.6197)	(-19.3195,24.0284,599.1448)	
(-19.3226,-4.9830,590.0417)	(-62.8739,-38.6565,618.1325)	(-35.9724,-36.0051,610.9924)	(4.0037,-38.5319,604.7655)	(30.4135,-39.7821,607.5892)	(-20.3579,25.0679,599.1548)	
(-19.3069,-7.0388,591.0192)	(-62.9349,-38.7209,619.1326)	(-35.9661,-38.1257,610.9837)	(4.0421,-38.6635,605.7650)	(30.4983,-39.8432,607.6197)	(-19.3195,24.0284,599.1435)	
(-19.3069,-7.0419,591.0234)	(-62.9349,-38.7209,619.1326)	(-35.9661,-38.1257,610.9822)	(4.0452,-38.6635,605.7650)	(30.4983,-39.8432,607.6096)	(-19.3290,23.9968,599.1263)	
(-19.3165,-7.0388,591.0078)	(-60.6737,-38.5856,617.1206)	(-35.9661,-38.1257,610.9837)	(4.0452,-38.6635,605.7650)	(30.5014,-39.8496,608.5986)	(-19.3290,23.9906,598.1504)	
(-19.3165,-7.0388,591.0036)	(-60.6737,-38.5856,617.1206)	(-35.9661,-38.1257,610.9837)	(4.0515,-38.7294,606.7614)	(30.4983,-39.8496,607.6256)	(-19.3228,21.9149,598.1376)	
(-19.3104,-9.0902,590.9952)	(-60.6673,-40.7269,617.1118)	(-35.9598,-40.2463,610.9692)	(4.0484,-40.7634,605.7564)	(30.4983,-41.9503,607.5908)	(-19.3323,21.9087,598.1176)	
(-19.3201,-9.0727,589.9995)	(-62.8001,-42.8747,617.1148)	(-35.9598,-40.2463,610.9766)	(4.0131,-42.7177,604.7498)	(30.4229,-43.9956,606.6047)	(-19.3261,19.8084,597.1433)	
(-19.3201,-9.0552,589.0208)	(-60.5458,-42.7255,615.1029)	(-35.9598,-40.2463,610.9766)	(6.1527,-42.7114,605.7362)	(32.6189,-44.0605,607.5864)	(-19.3261,19.8084,597.1333)	
(-19.3140,-11.1206,589.9912)	(-60.6609,-42.8682,617.1030)	(-33.8350,-42.3605,610.9488)	(6.1621,-41.8843,605.7362)	(32.6189,-44.0605,607.5864)	(-17.2499,17.7363,597.0892)	
(-17.3110,-11.0516,586.9762)	(-60.6545,-45.0095,617.0942)	(-33.8287,-44.4810,609.9507)	(6.1684,-43.9876,606.7240)	(32.6252,-46.1643,607.5719)	(-17.2889,17.6602,594.1047)	
(-17.3444,-14.0647,584.9696)	(-59.4574,-49.1223,615.0708)	(-33.8080,-46.5235,609.9405)	(6.1715,-49.1563,605.7088)	(32.6347,-48.2809,607.5691)	(-17.3157,13.4750,591.0976)	
(-15.3242,-18.0115,581.9660)	(-59.6247,-49.3675,619.0708)	(-31.6867,-48.6342,609.9186)	(8.2790,-48.1878,605.6986)	(35.0368,-50.6293,610.5286)	(-15.2932,11.3895,589.0623)	
(-11.3344,-25.9866,579.8861)	(-54.0541,-58.6171,614.0020)	(-29.5496,-56.0378,609.8750)	(10.4604,-55.6364,606.6562)	(34.0029,-57.0862,611.5060)	(-14.3176,2.2001,584.0375)	
(-11.2988,-29.0708,580.8804)	(-51.8253,-62.6642,611.9731)	(-27.4181,-60.1650,608.8478)	(10.4698,-59.8468,606.6316)	(36.1308,-61.1366,611.4826)	(-11.2626,-1.8596,584.9900)	
(-10.2335,-31.0785,580.8708)	(-51.8689,-62.7684,612.9702)	(-27.4118,-62.2787,608.8392)	(12.5776,-59.8499,606.6389)	(36.1276,-63.2505,610.4910)	(-11.3095,-1.8519,583.0070)	
(-10.2782,-33.0303,579.8517)	(-51.8626,-64.8959,612.9642)	(-27.4055,-64.3923,608.8305)	(12.5902,-61.9566,607.6020)	(36.0405,-65.3612,609.4834)	(-11.3270,-3.8786,582.9722)	
(-9.2936,-35.9921,578.8356)	(-51.8562,-67.0234,612.9555)	(-25.2939,-64.3860,608.8188)	(12.5902,-64.0634,606.6216)	(38.2619,-65.4638,610.4764)	(-11.3384,-8.8908,580.9672)	
(-7.3714,-37.7931,575.8382)	(-50.7840,-69.1445,612.9409)	(-25.2880,-66.6106,608.8246)	(14.7664,-66.2651,606.6057)	(38.3620,-67.5907,611.4492)	(-7.3941,-9.8415,577.9511)	
(-5.3280,-41.8636,576.8104)	(-48.6139,-71.1476,611.9206)	(-23.1698,-68.6070,608.7855)	(16.8808,-68.3753,607.5730)	(40.4935,-66.7422,611.4594)	(-8.3527,-13.8513,577.9291)	
(-5.3220,-43.8635,576.7966)	(-48.6076,-73.2716,611.9120)	(-24.2161,-70.7206,608.7898)	(16.8871,-70.4855,607.5658)	(40.5030,-68.7651,612.4234)	(-10.3798,-16.8580,577.9238)	
(-5.2479,-46.0264,578.7818)	(-48.6076,-73.1502,611.9076)	(-24.2161,-70.7206,608.7870)	(16.8871,-70.4823,607.5600)	(40.4903,-69.7050,611.4259)	(-8.4041,-15.8312,576.9060)	
(-5.2479,-46.0294,578.7874)	(-48.6076,-73.2716,611.9120)	(-24.2161,-70.7206,608.7885)	(16.8871,-70.4823,607.5600)	(40.4966,-68.7651,611.4464)	(-7.4341,-16.8327,576.9088)	
(-5.1457,-48.6246,585.7588)	(-48.5724,-73.1502,610.9150)	(-24.2111,-72.7129,607.7846)	(16.8871,-70.4823,607.5600)	(40.3899,-69.7050,611.4200)	(-7.4036,-16.8297,576.9240)	
(-5.0374,-48.5458,585.7588)	(-48.6076,-73.2716,611.9104)	(-24.2161,-70.7206,608.7870)	(16.8808,-68.3721,607.5686)	(40.4935,-66.6411,611.4566)	(-7.4036,-16.8550,577.8933)	
(-5.1797,-46.1923,580.7864)	(-48.5756,-71.0296,610.9209)	(-24.2161,-70.7206,608.7870)	(16.8745,-68.3721,607.5686)	(40.3899,-69.7050,611.4216)	(-7.3732,-16.8580,577.9071)	
(-6.0871,-47.4473,583.7752)	(-48.6139,-71.1476,611.9163)	(-24.2161,-70.7206,608.7855)	(16.8745,-68.3721,607.5686)	(40.4935,-67.5876,612.4234)	(-7.3732,-16.8580,577.9086)	
(-6.0548,-47.5366,584.7859)	(-50.7777,-71.1540,612.9278)	(-24.2174,-70.6027,607.7876)	(16.8776,-68.3721,607.5672)	(40.3930,-69.7050,611.4216)	(-7.3732,-16.8580,577.9238)	
(-5.0435,-46.5151,584.7788)	(-50.7358,-71.0360,611.9324)	(-26.3255,-70.6091,607.8006)	(14.7664,-68.2674,606.5869)	(40.3899,-69.7050,611.4216)	(-8.3754,-15.8578,577.9182)	
(-7.0415,-46.6780,586.7779)	(-49.6506,-66.7948,610.9413)	(-25.2809,-68.4989,607.8020)	(14.7011,-66.1575,606.5897)	(38.1586,-65.3612,610.4546)	(-10.3040,-15.9260,579.9274)	
(-7.0842,-42.4630,584.8123)	(-49.6168,-64.5666,609.9502)	(-27.4016,-64.2848,607.8310)	(14.6948,-64.0507,606.5984)	(38.1586,-65.2555,610.4502)	(-10.2847,-13.9589,581.9352)	
(-9.1039,-36.4384,585.8369)	(-51.7381,-62.4559,609.9762)	(-27.4079,-62.1746,607.8380)	(12.5159,-61.8465,605.6166)	(35.9344,-63.0395,608.4972)	(-11.2444,-7.9515,584.9664)	
(-12.0704,-33.4554,586.8814)	(-53.9128,-58.3253,611.0052)	(-27.4205,-57.9542,607.8568)	(10.3563,-57.5493,604.6562)	(35.9281,-58.9177,609.5152)	(-11.2096,-3.9079,586.9730)	
(-11.0452,-27.5280,590.8742)	(-53.8783,-53.9938,610.0198)	(-29.5369,-53.6531,606.8876)	(10.2241,-55.2688,602.6604)	(34.8565,-57.7672,610.4966)	(-11.1717,0.1634,589.9920)	
(-11.1814,-21.1888,585.9317)	(-54.9974,-48.7827,611.0501)	(-29.5569,-48.4647,607.9074)	(8.2367,-50.2062,604.6906)	(34.8471,-50.4663,608.5522)	(-12.1926,7.3292,590.0368)	
(-11.2407,-17.0580,583.9488)	(-53.9476,-46.6621,611.0501)	(-29.5632,-46.3577,607.9234)	(10.3187,-48.1001,604.6877)	(36.0897,-49.4094,610.5475)	(-11.1850,11.4250,590.0382)	
(-11.0758,-17.2804,590.9474)	(-53.9004,-46.5839,610.0502)	(-29.5632,-46.2796,606.9222)	(10.1960,-45.8444,602.6974)	(36.9523,-48.5056,609.5280)	(-11.0913,11.4935,594.0494)	
(-13.1666,-10.0843,589.9784)	(-56.1294,-42.4987,612.0793)	(-31.6839,-42.1405,607.9450)	(8.2022,-41.8070,604.7251)	(34.7302,-44.0541,607.5790)	(-13.1097,17.7550,597.0720)	
(-13.1527,-8.0522,590.9768)	(-58.3117,-40.4489,613.0998)	(-31.7183,-38.0487,609.9561)	(8.1928,-39.7071,604.7337)	(34.9135,-40.0939,610.5736)	(-13.1221,21.8993,597.1231)	
(-15.2413,-5.9823,589.0206)	(-58.4263,-38.4503,615.1086)	(-33.8333,-38.0518,609.9663)	(6.1495,-39.7842,605.7448)	(32.6095,-39.8401,607.6138)	(-15.1922,21.8993,597.1246)	
(-15.2082,-6.0070,590.9866)	(-58.3722,-38.3859,614.1085)	(-33.8333,-38.0550,609.9678)	(6.1401,-37.6778,604.7567)	(32.7008,-39.9043,608.5970)	(-15.1757,21.9274,598.1162)	
(-17.2575,-6.0131,591.0162)	(-60.5586,-38.4567,615.1204)	(-35.9483,-39.0475,609.9824)	(6.1401,-37.6809,605.7534)	(32.6064,-39.8401,607.6080)	(-17.2555,23.9968,598.1389)	
(-17.2768,-3.9529,590.0360)	(-60.6737,-38.5856,617.1206)	(-33.8189,-37.9907,608.9797)	(6.1433,-37.6778,605.7534)	(34.9072,-39.9654,609.5744)	(-17.2425,24.0346,599.1320)	
(-17.2768,-3.9529,590.0304)	(-60.5586,-38.4567,615.1204)	(-33.8540,-35.9988,610.9748)	(5.1423,-36.6916,606.7630)	(32.7890,-37.8547,609.6254)	(-18.2922,25.0346,598.1446)	
(-17.2899,-3.9590,590.0050)	(-60.6737,-38.5856,617.1206)	(-33.8333,-38.0550,609.9678)	(6.1464,-37.6778,605.7534)	(32.6977,-39.9043,608.5868)	(-17.2555,23.9968,598.1346)	
(-17.2707,-6.0039,590.0022)	(-58.3658,-40.5168,614.0998)	(-33.8333,-38.0550,609.9678)	(8.2476,-37.6714,605.7417)	(34.8187,-40.0328,609.5948)	(-15.2014,23.9683,597.1430)	
(-15.2247,-5.9946,589.9811)	(-58.3658,-40.5168,614.0998)	(-33.8333,-38.0550,609.9694)	(6.1527,-36.6948,605.7506)	(32.6945,-39.9012,607.6124)	(-15.2210,23.9304,597.1189)	
(-15.2579,-5.9792,588.9911)	(-58.3658,-40.5168,614.0998)	(-33.8333,-38.0550,609.9694)	(6.1527,-37.6778,605.7534)	(32.6064,-39.8401,607.6080)	(-15.2086,21.8618,596.1287)	
(-15.2352,-8.0364,589.9768)	(-58.4199,-40.5847,615.0998)	(-33.8476,-38.1130,610.9618)	(6.1527,-39.7810,605.7448)	(32.6189,-41.9503,607.5950)	(-15.2086,21.8587,596.1088)	
(-15.2684,-8.0141,587.9984)	(-58.3594,-42.6478,614.0910)	(-31.7120,-40.1658,609.9474)	(8.2022,-39.7071,604.7337)	(34.8187,-42.0148,608.5970)	(-15.2024,19.7900,596.1018)	
(-15.2850,-8.9934,586.0028)	(-58.4135,-42.7191,615.0912)	(-31.7229,-40.2303,610.9458)	(8.2539,-39.7747,605.7331)	(35.0115,-42.1502,610.5649)	(-15.2189,19.7559,595.1018)	
(-16.2561,-12.0765,586.9818)	(-58.5217,-42.8618,617.0912)	(-31.7057,-42.2829,609.9446)	(8.3118,-41.9490,606.7240)	(34.9261,-44.1996,609.5672)	(-15.2456,17.6389,593.1059)	
(-16.2649,-14.1140,586.9580)	(-57.3251,-49.1159,615.0590)	(-31.6930,-46.5171,609.9242)	(8.2727,-46.0845,605.7073)	(34.8345,-48.3526,608.5406)	(-15.2334,13.5161,593.0650)	
(-15.2910,-18.0776,583.9517)	(-57.2664,-51.1652,615.0502)	(-31.6976,-48.7158,610.9168)	(8.2852,-48.1878,605.6986)	(34.9451,-50.5478,609.5368)	(-15.2767,11.4127,590.0707)	
(-13.3342,-21.9660,579.9248)	(-56.3474,-54.6327,617.0280)	(-32.7316,-52.8684,609.9100)	(9.4584,-52.5583,607.6526)	(33.9902,-52.9262,611.5454)	(-16.3435,6.2653,585.0694)	
(-11.3048,-27.0540,580.8831)	(-51.8753,-60.6409,612.9817)	(-27.4283,-58.1485,609.8518)	(12.5619,-55.6333,606.6518)	(36.1245,-59.1084,610.5186)	(-12.3108,3.2076,583.0319)	
(-10.2081,-31.1310,581.8704)	(-51.8689,-62.7684,612.9730)	(-27.4220,-60.2656,609.8474)	(12.6331,-59.9408,607.6106)	(36.1340,-61.2290,611.4886)	(-11.3156,0.1749,583.0000)	
(-10.2528,-33.0333,579.8572)	(-51.9062,-65.0035,612.9673)	(-25.3002,-62.2723,608.8232)	(12.5839,-61.9566,606.6331)	(36.1276,-63.2505,610.4910)	(-11.3035,-3.8786,582.9778)	
(-10.2722,-35.0436,579.8434)	(-49.6907,-66.9059,611.9440)	(-25.2939,-64.3860,608.8188)	(12.5934,-64.0634,606.6244)	(36.1371,-65.4702,610.4795)	(-9.3027,-5.8779,581.9586)	
(-7.3469,-35.8547,576.8350)	(-49.7309,-67.0170,612.9409)	(-25.2876,-66.4997,608.8102)	(14.7601,-64.1549,607.5902)	(38.2619,-65.4638,610.4764)	(-9.3776,-8.8672,579.9450)	
(-7.2983,-42.0066,578.7984)	(-48.6523,-71.1476,612.9161)	(-25.2817,-68.7277,609.8011)	(14.7727,-68.3753,607.5760)	(38.3652,-67.5939,611.4507)	(-10.3918,-12.8451,577.9291)	
(-5.2879,-43.9446,577.8016)	(-48.6460,-73.2716,612.9074)	(-24.2161,-70.7206,608.7898)	(16.8808,-68.3784,607.5772)	(40.4966,-68.7588,611.4377)	(-10.3545,-16.8893,578.9235)	
(-6.0548,-47.6938,585.7813)	(-48.6108,-73.2716,611.9148)	(-24.2147,-70.7206,609.7850)	(16.8808,-68.3784,607.5788)	(40.4966,-68.7588,611.4377)	(-10.3545,-16.8580,577.9334)	
(-5.1116,-46.3522,582.7798)	(-48.5756,-70.9116,610.9166)	(-24.2174,-70.6027,607.7876)	(16.8120,-68.2579,606.5694)	(40.3836,-67.4752,610.4546)	(-10.3798,-16.8580,577.9238)	
(-5.1056,-48.3820,583.7640)	(-48.5756,-71.0296,610.9209)	(-24.2174,-70.6027,607.7876)	(16.8120,-68.2579,606.5709)	(40.3772,-65.3581,610.4690)	(-7.4341,-17.8221,576.8978)	
(-5.1056,-47.2779,581.7707)	(-48.5756,-71.0296,610.9209)	(-24.2174,-70.6027,607.7876)	(16.8152,-68.3689,607.5658)	(40.2768,-67.4720,610.4312)	(-7.4036,-16.8297,576.9240)	
(-5.0374,-48.5458,585.7532)	(-48.5756,-71.0296,610.9209)	(-24.2174,-70.6027,607.7876)	(18.9762,-66.2556,607.5583)	(42.5020,-64.4035,611.4214)	(-7.4036,-16.8550,577.9016)	
(-5.0374,-48.5519,585.7588)	(-48.5756,-70.9116,610.9166)	(-23.1728,-68.4925,607.7904)	(16.8057,-66.1511,606.5780)	(40.2768,-65.2492,610.4486)	(-7.4036,-16.8550,577.9016)	
(-5.1116,-46.3553,582.7854)	(-48.5819,-68.7945,610.9296)	(-23.1728,-68.4925,607.7904)	(16.8057,-66.1511,606.5780)	(42.5995,-64.5011,611.4272)	(-7.3732,-16.8580,577.9112)	
(-5.1116,-46.3522,582.7798)	(-48.5819,-68.7945,610.9296)	(-23.1728,-68.4925,607.7904)	(16.8057,-66.1511,606.5796)	(40.3804,-65.3581,610.4546)	(-7.3732,-16.8580,577.9223)	
(-6.0548,-47.5366,584.7859)	(-48.5819,-68.7945,610.9296)	(-23.1728,-68.4925,607.7904)	(16.8057,-66.1511,606.5796)	(40.3804,-65.3581,610.4690)	(-8.3754,-15.8578,577.9209)	
(-6.0224,-47.6938,586.7680)	(-48.5819,-68.7945,610.9296)	(-23.1728,-68.4925,607.7904)	(14.7074,-66.1606,606.5912)	(40.3741,-65.3549,610.4588)	(-8.3467,-15.8608,577.9278)	
(-5.0435,-46.3583,582.7910)	(-48.5819,-68.7945,610.9296)	(-23.1728,-68.4925,607.7888)	(14.7011,-66.1575,606.5897)	(40.3804,-65.3581,610.4588)	(-8.3467,-15.8578,577.9320)	
(-5.1176,-44.2566,581.7998)	(-48.5819,-68.7945,610.9296)	(-23.1791,-66.3824,607.7990)	(16.7995,-64.0444,606.5868)	(40.3772,-65.3581,610.4530)	(-8.3179,-15.9139,579.9010)	
(-6.9863,-44.7246,587.7970)	(-49.6442,-66.6838,610.9354)	(-23.1791,-66.3824,607.7990)	(14.6948,-64.0507,606.5984)	(40.2768,-65.3549,610.4444)	(-10.3100,-13.9358,580.9298)	
(-6.9985,-40.6488,587.8250)	(-47.4284,-64.3450,607.9446)	(-25.2935,-64.2785,607.8135)	(14.6823,-61.9440,605.6150)	(38.1428,-61.0282,610.4676)	(-10.2655,-11.9674,582.9515)	
(-10.0945,-35.2995,583.8531)	(-49.5955,-58.1180,608.9820)	(-25.3061,-60.0581,607.8366)	(12.5096,-57.6399,605.6366)	(34.8597,-57.7672,610.4966)	(-11.2740,-5.9085,583.9638)	
(-12.1641,-31.3098,585.8676)	(-53.9128,-58.3253,611.0023)	(-27.4268,-55.8440,607.8656)	(11.3864,-56.2964,602.6488)	(35.0463,-55.7504,610.5316)	(-13.2712,-1.8772,585.9928)	
(-15.2440,-27.3094,585.8984)	(-56.0945,-54.1809,612.0286)	(-31.6492,-53.7465,607.9005)	(7.1910,-54.2223,604.6762)	(33.7944,-54.6904,608.5392)	(-17.3344,1.1737,587.0360)	
(-15.2334,-25.2692,586.9064)	(-59.3889,-53.3025,615.0533)	(-32.7033,-52.6914,607.9092)	(7.1910,-52.3060,604.6878)	(34.7522,-52.4949,608.5232)	(-18.3180,2.1955,589.0640)	
(-15.1850,-19.3062,589.9660)	(-59.2900,-48.8772,613.0708)	(-31.6541,-48.3894,606.9252)	(8.1083,-48.9007,602.6990)	(34.7333,-48.2682,607.5371)	(-15.2211,9.4119,593.0637)	
(-16.2263,-12.1157,588.9758)	(-58.2990,-44.7039,613.0824)	(-31.6948,-42.2117,608.9390)	(8.2054,-41.8070,604.7251)	(34.7302,-44.0541,607.5748)	(-15.2066,15.6255,595.0849)	
(-15.2457,-10.0651,588.9687)	(-56.1294,-42.4987,612.0793)	(-31.6948,-42.2117,608.9390)	(8.2022,-41.8070,604.7251)	(34.8187,-42.0116,608.5868)	(-13.1296,17.7275,596.0777)	
(-15.2125,-10.0905,589.9840)	(-58.3658,-40.5168,614.0998)	(-33.8126,-40.1044,608.9652)	(6.1527,-39.7810,605.7448)	(32.6095,-41.9471,607.5892)	(-15.2024,19.7962,596.1160)	
(-15.2020,-8.0584,591.0078)	(-60.5522,-40.5911,615.1117)	(-33.7983,-40.0366,607.9712)	(6.1045,-39.7842,604.7453)	(32.5213,-41.8825,606.6016)	(-15.1757,21.9305,598.1174)	
(-17.2637,-3.9644,591.0360)	(-60.6737,-38.5856,617.1206)	(-33.8189,-37.9907,608.9812)	(6.1401,-37.6809,605.7534)	(32.6032,-39.8401,607.6022)	(-15.1490,24.0787,600.1148)	
(-17.2637,-3.9617,591.0106)	(-60.6737,-38.5856,615.1234)	(-33.8396,-35.9379,609.9882)	(5.1360,-37.4791,605.7635)	(32.7890,-37.8547,609.6254)	(-15.1655,24.0409,599.1276)	
(-17.2768,-3.9529,590.0360)	(-60.6737,-38.5856,615.1234)	(-33.8396,-35.9379,609.9824)	(6.0982,-38.5256,604.7539)	(32.6126,-39.8401,607.6138)	(-17.2425,24.0346,599.1420)	
(-17.2768,-3.9559,590.0262)	(-60.6737,-38.5856,617.1206)	(-33.8540,-35.9988,610.9748)	(6.1401,-37.6778,605.7534)	(32.6977,-39.9043,608.5970)	(-17.2425,24.0315,599.1306)	
(-17.2899,-3.9590,590.0064)	(-60.6737,-38.5856,617.1190)	(-33.8333,-38.0550,609.9678)	(6.1495,-37.6778,605.7534)	(32.6977,-39.9043,608.5868)	(-17.2425,24.0284,599.1206)	
(-17.2707,-6.0039,590.0178)	(-58.3722,-38.3859,614.1085)	(-33.8333,-38.0550,609.9796)	(6.1014,-37.6136,605.7504)	(32.7008,-39.9043,608.6072)	(-15.2014,23.9999,598.1189)	
(-17.2707,-6.0039,590.0022)	(-60.5522,-40.5911,615.1117)	(-33.8333,-38.0550,609.9796)	(6.1914,-37.7419,606.7528)	(32.7008,-39.9043,608.6072)	(-17.2555,23.9968,598.1332)	
(-17.2838,-7.0046,589.0024)	(-56.2434,-38.3795,614.0968)	(-33.8476,-38.1193,610.9692)	(6.1946,-37.7419,606.7528)	(32.7954,-39.9718,609.5963)	(-15.1922,21.8899,597.1146)	
(-15.2518,-8.0141,587.9886)	(-58.4135,-42.7191,615.0912)	(-31.7229,-40.2335,610.9488)	(6.2040,-39.8486,606.7442)	(34.9167,-42.0857,609.5818)	(-15.2024,19.7900,596.1146)	
(-15.2457,-10.0520,587.9900)	(-58.4135,-42.7191,615.0912)	(-31.7057,-42.2829,609.9388)	(8.2633,-41.8780,605.7260)	(34.8282,-44.1253,608.5680)	(-15.2024,19.7837,596.0976)	
(-15.2623,-10.0358,586.9958)	(-58.4072,-44.8535,615.0824)	(-31.7165,-42.3541,610.9386)	(8.2633,-43.9812,605.7128)	(34.7396,-46.1643,607.5806)	(-15.2353,19.7281,594.1144)	
(-16.2561,-12.0734,586.9762)	(-56.2243,-44.7723,614.0750)	(-31.6993,-44.4000,609.9344)	(8.2727,-43.9812,605.7174)	(32.6252,-46.1675,607.5719)	(-15.2456,17.6389,593.1017)	
(-13.3060,-18.0054,581.9507)	(-57.3251,-49.1159,615.0590)	(-29.5812,-46.5108,609.9199)	(10.4321,-46.1561,606.6950)	(36.0992,-49.5690,611.5306)	(-13.2707,11.3847,588.0608)	
(-11.2522,-21.0802,582.9283)	(-53.9726,-54.1745,612.0196)	(-30.6043,-52.7736,608.8972)	(9.3955,-52.3880,605.6756)	(34.9514,-55.7472,610.5097)	(-14.2324,5.2720,590.0258)	
(-11.1754,-23.2229,585.9080)	(-53.9726,-54.1745,612.0196)	(-30.6043,-52.7736,608.8957)	(9.3955,-52.3880,605.6756)	(33.8908,-54.6936,609.5122)	(-14.2324,5.2684,589.0399)	
(-11.1754,-23.2229,585.9038)	(-53.9726,-54.1745,612.0168)	(-30.6043,-52.7736,608.8957)	(9.3955,-52.3880,605.6756)	(33.8908,-54.6967,609.5180)	(-14.2141,5.2751,590.0342)	
(-13.2738,-22.0920,582.9338)	(-55.0335,-53.1125,612.0299)	(-30.6043,-52.7736,608.8972)	(9.3955,-52.3880,606.6734)	(33.8908,-54.6904,609.5122)	(-14.2567,7.3088,589.0342)	
(-13.2275,-23.1903,584.9250)	(-56.1957,-54.3616,614.0284)	(-30.6043,-52.7736,608.8957)	(9.3924,-52.3880,605.6798)	(33.8939,-54.6999,609.5224)	(-14.2324,5.2751,590.0314)	
(-13.3000,-22.0920,582.9297)	(-53.9726,-54.1745,612.0168)	(-30.6043,-52.7736,608.8972)	(7.2472,-54.4976,605.6770)	(33.8939,-54.6967,609.5340)	(-14.2324,5.2745,590.0314)	
(-13.1873,-23.2707,586.9092)	(-53.9726,-54.1745,612.0196)	(-30.6043,-52.7736,608.8957)	(7.2909,-52.3943,605.6930)	(33.8908,-54.6967,609.5180)	(-14.2141,5.2745,590.0314)	
(-13.2074,-23.2290,585.9136)	(-56.1957,-54.3616,614.0312)	(-30.6043,-52.7736,608.8957)	(9.3453,-52.3880,605.6756)	(33.8908,-54.7820,609.5238)	(-14.2324,5.2690,589.0456)	
(-13.2074,-23.2290,585.9248)	(-53.9726,-54.1745,612.0196)	(-30.5952,-52.6851,608.8957)	(7.2940,-52.4007,606.6836)	(33.8908,-54.6936,609.5180)	(-14.2324,5.2684,589.0414)	
(-13.2074,-23.2290,585.9080)	(-55.0335,-53.1125,612.0299)	(-30.6043,-52.7736,608.8972)	(9.3453,-52.3880,605.6756)	(33.8908,-54.6967,609.5180)	(-14.2324,5.2715,589.0554)	
