(-23.1725,-76.8186,598.7588)	(0.6700,-76.6107,597.6146)	(-13.0126,-34.9024,593.8608)	(-13.2215,-25.2600,585.9052)	(-56.1957,-54.3616,614.0312)	(-29.5559,-53.9206,609.8822)	(9.3484,-54.4913,605.6670)	(33.8908,-54.6967,609.5282)	(-36.9093,15.6112,597.2094)	(-14.2445,3.2237,589.0175)	(12.5891,13.6265,593.9252)	(-14.3752,21.4927,585.1122)	
(-23.1725,-76.8186,598.7576)	(0.6700,-76.6107,597.6089)	(-13.0126,-34.9024,593.8650)	(-13.2014,-25.2631,585.9109)	(-56.1451,-54.2712,613.0342)	(-31.6709,-53.9270,609.8954)	(7.2940,-54.4976,605.6786)	(33.8008,-56.8041,608.5247)	(-36.9093,15.6112,597.2068)	(-14.2445,3.2207,588.0372)	(12.5891,13.6265,593.9310)	(-14.3570,21.5179,585.1122)	
(-23.1725,-76.8186,598.7561)	(0.6271,-76.4933,597.6046)	(-13.0126,-34.9024,593.8706)	(-13.2014,-25.2631,585.9165)	(-57.3124,-53.3847,615.0415)	(-30.6134,-52.8621,609.8954)	(9.3955,-52.3880,606.6676)	(33.8939,-54.6967,609.5340)	(-36.9032,13.5391,597.2010)	(-14.2445,3.2207,588.0387)	(12.5891,13.6265,593.9210)	(-14.3570,21.5210,585.1164)	
(-23.1725,-76.8186,598.7676)	(0.6700,-76.6138,597.6216)	(-13.0126,-34.9024,593.8650)	(-13.2678,-24.1561,583.9100)	(-56.2462,-54.4519,615.0268)	(-31.6709,-53.9270,609.8984)	(7.2972,-54.4976,606.6706)	(33.8039,-56.8041,608.5364)	(-36.9093,15.6112,597.2068)	(-14.2445,3.2207,588.0274)	(12.5891,13.6265,593.9225)	(-14.3752,21.4927,585.1108)	
(-23.1725,-76.8186,598.7546)	(0.6700,-76.6169,597.6231)	(-13.0126,-34.9570,594.8504)	(-13.2678,-23.1517,583.9100)	(-56.2462,-54.4519,615.0312)	(-31.6709,-53.9270,609.8954)	(9.4018,-54.4913,605.6684)	(33.8939,-54.7789,609.5340)	(-36.9093,15.6112,597.2122)	(-14.2445,3.2239,589.0216)	(12.5891,13.6265,593.9238)	(-14.3570,21.5271,586.1082)	
(-23.1787,-74.7395,598.7646)	(0.6638,-74.5413,597.6316)	(-13.0126,-34.9024,593.8650)	(-13.2014,-25.2631,585.9109)	(-56.2462,-54.4519,615.0312)	(-30.6229,-51.8099,609.8998)	(7.2972,-53.4523,605.6728)	(33.8939,-53.7298,608.5451)	(-36.9093,15.6112,597.2068)	(-16.2722,3.2178,588.0485)	(12.5891,13.6265,593.9267)	(-14.3570,21.5179,584.1093)	
(-23.1725,-76.8186,598.7561)	(0.6700,-76.4902,597.6104)	(-13.0126,-34.9024,593.8650)	(-13.2678,-23.1517,583.9100)	(-56.1957,-54.3616,614.0312)	(-31.6709,-53.9270,609.8969)	(7.2472,-54.4976,605.6770)	(33.7976,-54.6936,609.5122)	(-36.9093,15.6143,597.2094)	(-14.2263,3.2239,589.0330)	(12.5891,13.6265,593.9366)	(-14.3752,21.5240,586.0969)	
(-23.1756,-74.8661,599.7642)	(0.6638,-74.5382,597.6259)	(-13.0126,-34.9024,593.8706)	(-13.2678,-23.1517,583.9044)	(-56.2462,-54.4519,615.0312)	(-31.6601,-53.8368,608.9046)	(7.2472,-54.4976,605.6770)	(33.8008,-56.7185,608.5146)	(-36.9093,15.6112,597.2122)	(-14.2445,3.2239,589.0175)	(12.5860,13.6265,593.9154)	(-14.3570,21.5271,586.0969)	
(-23.1787,-74.7395,598.7646)	(0.6638,-74.5382,597.6288)	(-13.0126,-34.9024,593.8806)	(-13.2014,-25.2631,585.9165)	(-56.1451,-54.2712,613.0314)	(-31.6709,-53.9270,609.8910)	(7.2940,-54.4976,605.6786)	(33.7976,-54.6936,609.5180)	(-36.9093,15.6112,597.2068)	(-14.2445,3.2207,588.0372)	(12.5891,13.6265,593.9366)	(-14.3570,21.5271,586.1068)	
(-23.1787,-74.7395,598.7646)	(0.6638,-74.5382,597.6246)	(-13.0126,-34.9024,593.8764)	(-13.2678,-24.1622,583.9212)	(-57.3187,-51.1652,615.0502)	(-30.6134,-52.8621,609.8954)	(7.2909,-52.3943,606.6778)	(33.8876,-52.6681,610.5156)	(-36.9093,15.6112,597.2068)	(-14.2263,3.2239,589.0274)	(12.5891,13.6265,593.9294)	(-14.3570,21.5271,586.1124)	
(-23.1787,-74.7395,598.7674)	(0.6638,-74.5413,597.6316)	(-13.0126,-34.9570,594.8504)	(-13.2477,-23.1517,583.9310)	(-57.2600,-53.2961,614.0415)	(-32.7159,-52.8684,609.9056)	(7.2441,-54.4090,605.6756)	(33.7976,-54.6936,609.5122)	(-36.9093,15.6112,597.2068)	(-16.2722,3.2178,589.0386)	(12.5891,13.6265,593.9267)	(-14.3570,21.5210,585.1206)	
(-23.1787,-74.7395,599.7498)	(0.6638,-74.5413,597.6316)	(-13.0328,-34.8993,593.8550)	(-13.2215,-25.2210,584.9168)	(-57.3124,-53.3847,615.0415)	(-32.7284,-52.8684,609.9071)	(7.2972,-54.4976,606.6706)	(33.8939,-54.7820,609.5340)	(-36.9093,15.6112,597.2068)	(-16.3079,4.2412,588.0316)	(12.5891,13.6265,593.9310)	(-14.3570,21.5179,585.1150)	
(-23.1787,-74.7395,598.7646)	(0.6638,-74.5413,597.6316)	(-13.0064,-36.9642,593.8778)	(-13.2618,-25.1245,582.9060)	(-56.3474,-54.6327,615.0340)	(-31.6817,-54.0172,609.9000)	(9.4081,-53.5297,606.6574)	(33.9934,-55.9340,610.4982)	(-36.8636,13.5013,595.2033)	(-14.2811,3.2174,586.0415)	(12.5321,13.6058,593.9068)	(-14.3934,21.4583,584.0968)	
(-23.1632,-79.0311,598.7504)	(2.7497,-78.6863,597.6046)	(-13.0407,-38.9552,592.8484)	(-13.3162,-28.0564,580.8886)	(-54.0541,-58.6171,613.9992)	(-29.5570,-56.1315,610.8747)	(10.4021,-55.5430,605.6670)	(34.9672,-57.9672,609.5269)	(-36.8438,13.4809,594.2003)	(-13.3433,1.1868,583.0236)	(12.4119,11.5130,590.9346)	(-12.4517,21.3237,581.0996)	
(-21.0703,-83.1899,599.7157)	(2.7621,-82.9715,598.5783)	(-10.9993,-42.9196,590.8196)	(-13.3676,-30.9210,577.8828)	(-54.0006,-60.6473,612.9934)	(-29.5370,-60.2720,608.8610)	(10.4667,-57.7432,606.6447)	(36.1150,-59.0163,610.5099)	(-39.8680,9.3106,592.2000)	(-13.3452,-4.8844,582.9792)	(12.2346,7.3793,588.8874)	(-12.5136,17.2025,577.0788)	
(-18.9573,-87.6432,600.6993)	(3.9012,-84.1592,599.5660)	(-10.9809,-49.0738,590.8015)	(-12.3961,-35.7384,574.8785)	(-54.0821,-65.1176,614.9728)	(-29.5233,-64.5062,609.8375)	(10.4856,-64.0634,606.6186)	(34.9893,-64.3186,609.4965)	(-35.6420,3.1469,586.1554)	(-12.4329,-7.8314,576.9928)	(8.9441,3.2743,582.9103)	(-14.5695,11.1082,572.0776)	
(-19.9770,-91.9762,602.6723)	(5.0628,-92.7852,601.5372)	(-9.9155,-53.1734,590.7832)	(-11.3722,-41.7205,574.8182)	(-52.9579,-69.2654,613.9553)	(-27.3967,-68.7341,609.8128)	(12.5965,-66.1638,606.5998)	(36.1403,-67.4784,610.4678)	(-35.5758,0.1020,583.1358)	(-13.4125,-13.7850,574.9630)	(9.7926,-0.7635,581.8676)	(-15.5800,3.1561,570.0246)	
(-18.9316,-93.0227,602.6680)	(5.1189,-94.0000,602.5191)	(-8.9102,-56.3414,591.7546)	(-11.2892,-49.4060,582.8010)	(-52.9873,-73.6488,614.9348)	(-28.4503,-70.9691,609.8245)	(12.6646,-68.3816,607.5833)	(36.0531,-69.5987,610.4402)	(-37.5854,-3.9515,583.1303)	(-12.4497,-16.7790,574.9466)	(11.6870,-1.7609,578.8797)	(-14.6406,0.1968,567.0372)	
(-19.9393,-94.3907,604.6508)	(8.2551,-95.0338,602.5176)	(-9.7696,-57.5756,593.7607)	(-11.3426,-46.9632,577.8019)	(-50.8227,-72.5816,613.9292)	(-26.3329,-72.0294,609.7940)	(12.6091,-70.3773,606.5871)	(36.1466,-67.6003,610.4402)	(-37.5794,-5.9753,583.1248)	(-12.4279,-18.8386,576.9365)	(9.6791,-2.7688,578.8562)	(-14.5798,-1.7878,570.0248)	
(-18.9316,-95.4343,604.6566)	(6.1643,-95.0401,602.5306)	(-9.7951,-58.6065,593.7580)	(-11.2892,-49.3224,581.8070)	(-52.9873,-73.6488,614.9348)	(-28.4440,-73.0897,610.8008)	(12.6122,-70.3836,606.5927)	(36.0594,-69.5987,610.4488)	(-37.5579,-5.9628,582.1274)	(-14.4194,-18.8159,575.9588)	(9.6851,-4.7712,578.8756)	(-14.5981,-1.7824,569.0290)	
(-17.8799,-94.0691,602.6564)	(5.1189,-92.9472,602.5118)	(-8.8527,-58.5972,593.7450)	(-11.2892,-46.9692,577.8074)	(-50.8227,-72.5816,613.9320)	(-26.3329,-71.9098,609.7940)	(12.6122,-70.3804,606.5914)	(36.0594,-67.5971,609.4674)	(-37.5579,-5.9628,582.1274)	(-12.4467,-18.8068,575.9271)	(9.6821,-2.7688,578.8576)	(-14.5981,-1.7824,569.0290)	
(-19.9393,-95.4374,604.6768)	(5.1189,-93.9937,602.5292)	(-9.8237,-58.7070,594.7559)	(-11.2892,-49.2327,580.8020)	(-52.9873,-73.6488,614.9348)	(-28.4384,-72.9683,609.8028)	(12.6646,-70.4886,606.5958)	(36.0594,-69.6018,610.4547)	(-37.5794,-5.9753,583.1248)	(-12.4249,-18.8159,575.9438)	(9.6911,-4.7757,579.8600)	(-14.5798,-1.7878,570.0044)	
(-18.9316,-95.4343,604.6524)	(5.1189,-93.9968,602.5248)	(-9.7441,-58.6977,594.7403)	(0.0000,0.0000,-1.0000)	(-52.9420,-73.5273,613.9350)	(-28.4384,-72.9683,609.8014)	(12.6154,-70.3773,606.5899)	(36.0594,-69.4892,610.4488)	(-37.5794,-5.9753,583.1248)	(-13.3744,-18.8507,576.9436)	(9.6881,-4.7712,578.8852)	(-14.5616,-1.7907,571.0028)	
(-18.9347,-93.0195,602.6708)	(5.2186,-92.9472,602.5176)	(-8.9163,-56.5324,593.7520)	(-12.0875,-48.6429,585.7926)	(-50.7358,-70.0984,610.9472)	(-26.3371,-69.6733,607.8210)	(12.5410,-68.1563,605.5950)	(35.9407,-65.3612,608.4611)	(-35.5397,-5.9568,582.1162)	(-13.3744,-17.8823,577.9184)	(9.6881,-2.7768,578.8756)	(-14.5857,0.1910,570.0316)	
(-19.9770,-91.9762,602.6766)	(5.0566,-90.6957,601.5472)	(-9.7758,-56.6387,594.7586)	(-11.3011,-47.3823,582.8092)	(-52.8641,-69.0363,611.9529)	(-27.3928,-68.6165,608.8088)	(12.5347,-66.1606,606.5955)	(35.9438,-65.1529,609.4630)	(-37.6069,-3.9605,584.1332)	(-12.4556,-16.8730,577.9308)	(11.8224,-3.7852,580.8693)	(-14.5675,0.1890,571.0315)	
(-17.8987,-89.7263,601.6758)	(2.9692,-90.7020,601.5588)	(-9.8330,-54.4830,593.7790)	(-13.1174,-46.6119,585.8275)	(-51.8126,-66.9123,611.9529)	(-27.3991,-66.5060,608.8190)	(12.5284,-63.9497,605.6138)	(36.9933,-64.2995,608.4886)	(-37.6344,-1.9389,585.1416)	(-13.3723,-15.9024,578.9498)	(11.8766,-1.7744,581.8758)	(-14.5734,2.1712,571.0396)	
(-19.9832,-89.7326,602.6635)	(3.9555,-88.4637,600.5666)	(-9.8738,-53.5440,594.7828)	(-11.1590,-44.5747,585.8092)	(-51.7690,-66.8012,610.9587)	(-27.3991,-66.5060,608.8190)	(12.4666,-63.9466,605.6006)	(36.0279,-63.0395,609.4658)	(-37.6558,-1.9444,586.1416)	(-14.3335,-16.9640,580.9453)	(11.9909,0.2430,583.8710)	(-15.4973,3.1721,574.0381)	
(-18.9573,-87.6432,601.6814)	(3.9012,-86.2323,599.5818)	(-11.8864,-51.4819,594.7970)	(-11.1177,-42.5467,585.8386)	(-51.7754,-64.6806,610.9674)	(-27.4055,-64.3923,608.8275)	(10.4209,-61.8528,605.6310)	(36.9902,-62.1824,608.4784)	(-37.6649,0.0897,586.1542)	(-14.3212,-14.9751,581.9590)	(9.9658,2.2641,583.8905)	(-15.4867,5.1751,576.0268)	
(-21.0575,-85.4162,600.7036)	(4.8792,-82.9715,598.5868)	(-10.8984,-47.5113,596.8073)	(-13.1074,-36.6432,588.8794)	(-53.9001,-62.5664,610.9878)	(-29.5086,-62.0769,606.8574)	(10.2428,-59.4483,602.6417)	(34.6825,-59.7835,607.4838)	(-38.8293,4.1853,592.1734)	(-15.2850,-8.9904,585.9930)	(9.2433,3.2979,589.8899)	(-14.4148,9.2452,581.0569)	
(-21.0893,-78.8914,598.7404)	(2.7497,-78.6863,597.6032)	(-12.9335,-41.3011,596.8442)	(-15.2046,-29.3895,586.9052)	(-56.0313,-58.3317,611.0169)	(-29.5349,-55.8504,607.8756)	(9.2918,-54.3996,604.6676)	(33.7013,-54.5988,607.5358)	(-39.9429,9.3543,595.1966)	(-15.2927,0.1469,588.0107)	(10.4223,9.4692,591.9176)	(-16.4211,17.3857,583.1068)	
(-23.1818,-74.6130,597.7708)	(2.6910,-74.4087,596.6296)	(-13.0126,-34.9024,593.8650)	(-15.2334,-25.2723,585.9221)	(-56.0945,-54.1809,612.0314)	(-32.7033,-52.6914,608.8942)	(7.2378,-52.3060,604.6894)	(34.7459,-52.4886,607.5445)	(-38.9438,13.4951,596.2036)	(-16.3018,3.2082,588.0232)	(10.4697,13.5996,592.9341)	(-16.4038,21.4866,585.1137)	
(-22.1450,-73.5690,597.7636)	(1.6052,-71.1792,595.6416)	(-13.9871,-33.9834,595.8628)	(-13.2135,-21.1949,585.9332)	(-54.9910,-50.9033,611.0386)	(-30.5924,-50.5749,607.9032)	(8.2273,-48.1064,604.6993)	(34.7396,-50.3752,607.5226)	(-39.0089,15.6320,598.2296)	(-16.2783,5.2695,590.0526)	(10.5829,15.7061,594.9464)	(-16.3657,23.6216,588.1266)	
(-24.2323,-69.4178,597.7749)	(2.5830,-68.9928,594.6451)	(-13.0140,-27.7349,594.9057)	(-13.1854,-17.1894,587.9592)	(-57.1681,-48.8708,612.0590)	(-31.6713,-46.3609,607.9262)	(10.2054,-45.8444,602.7004)	(34.7302,-46.1580,607.5544)	(-39.1082,19.9002,602.2393)	(-15.2437,11.4531,592.0666)	(10.6960,19.8987,596.9772)	(-15.3122,28.8666,591.1436)	
(-21.1426,-65.1556,596.7939)	(2.5707,-64.8624,594.6620)	(-13.0000,-25.7148,595.9139)	(-14.1743,-14.1540,588.9561)	(-56.1167,-46.7468,612.0619)	(-29.5695,-44.2443,607.9233)	(10.1929,-43.7515,602.7060)	(34.7270,-46.1580,607.5399)	(-37.0271,21.9959,602.2335)	(-13.1771,13.5285,593.0833)	(10.8030,22.1183,600.9720)	(-15.2753,33.1234,593.1649)	
(-23.2189,-63.0897,596.8124)	(0.4983,-62.7972,594.6776)	(-13.0062,-23.6462,595.9224)	(-14.1804,-12.1127,588.9702)	(-56.1230,-44.6227,612.0706)	(-31.6948,-42.2085,608.9375)	(8.2085,-41.8070,604.7251)	(34.7239,-44.0541,607.5748)	(-40.2645,25.3178,606.2634)	(-15.2292,17.6664,594.0890)	(8.8228,24.2360,601.9820)	(-15.2815,35.1914,594.1693)	
(-21.1646,-58.8386,595.8198)	(-1.5803,-58.6729,594.6988)	(-12.9922,-21.6157,596.9149)	(-15.2291,-10.0713,588.9997)	(-56.1294,-42.4987,612.0793)	(-31.6948,-42.2117,608.9390)	(8.2507,-39.7747,605.7331)	(34.7239,-41.9439,607.5936)	(-39.2498,26.2159,607.2638)	(-15.2189,19.7590,595.1103)	(8.8789,24.2360,601.9978)	(-15.2549,37.3738,596.1724)	
(-23.2343,-58.8448,595.8297)	(0.4524,-58.5756,593.7066)	(-12.9984,-19.5436,596.9334)	(-15.2186,-8.0426,590.0080)	(-56.1294,-42.4987,612.0793)	(-31.7011,-40.0980,608.9594)	(8.1928,-39.7071,604.7337)	(34.7176,-41.9408,607.5776)	(-40.3209,27.4309,608.2771)	(-15.1860,19.8178,597.0976)	(10.0994,26.5326,605.9958)	(-15.2284,39.5700,598.1885)	
(-25.3071,-56.7855,595.8496)	(-1.6196,-56.5169,593.7208)	(-15.0580,-17.5090,597.9446)	(-17.2575,-6.0131,591.0177)	(-58.3117,-40.4489,613.0998)	(-33.8333,-38.0550,609.9722)	(6.1464,-37.6778,605.7534)	(32.6001,-39.8369,607.5877)	(-40.3773,29.5872,610.2821)	(-17.2493,21.9212,598.1346)	(8.0980,28.6330,607.0102)	(-17.2952,41.7707,600.1932)	
(-25.3071,-56.7855,595.8496)	(-3.6763,-56.5231,593.7322)	(-17.1641,-15.3839,596.9533)	(-17.2899,-3.9590,590.0008)	(-58.3658,-40.5168,614.0998)	(-33.8333,-38.0550,609.9722)	(6.1527,-37.6778,605.7534)	(32.6064,-39.8401,607.6037)	(-40.3522,29.5840,609.2818)	(-17.2555,23.9968,598.1304)	(8.0498,28.6330,607.0058)	(-17.2952,41.7066,599.2072)	
(-25.3075,-56.8795,596.8493)	(-3.6732,-56.5293,593.7420)	(-15.0913,-17.4463,595.9634)	(-17.2838,-6.0069,589.0221)	(-58.3658,-40.5168,614.0998)	(-33.8333,-38.0614,609.9839)	(6.1527,-37.6778,606.7514)	(32.6032,-39.8401,607.6022)	(-40.3522,29.5840,609.2860)	(-17.2684,23.9590,597.1346)	(7.8897,28.5432,605.0103)	(-17.3081,41.6394,598.2070)	
(-25.3009,-58.8511,595.8412)	(-1.6073,-58.5787,593.7138)	(-15.0913,-17.4463,595.9436)	(-15.2413,-5.9854,589.0066)	(-58.4199,-40.5847,615.0998)	(-33.8333,-38.0550,609.9737)	(8.1991,-37.6073,604.7423)	(34.9103,-39.9654,609.5846)	(-40.3209,27.4738,608.2799)	(-15.1922,21.8930,597.1117)	(10.0900,26.4911,605.0118)	(-15.2346,39.5638,598.1840)	
(-25.3009,-58.8511,596.8378)	(-1.5803,-58.6729,594.6988)	(-15.0851,-19.5150,595.9649)	(-15.2518,-8.0207,588.9812)	(-58.4135,-42.7191,615.0912)	(-31.7120,-40.1626,609.9459)	(8.2476,-39.7747,605.7331)	(34.7239,-41.9439,607.5978)	(-40.3209,27.4738,609.2774)	(-17.2561,19.8115,597.1119)	(9.9867,26.4911,605.0002)	(-15.2447,39.5062,597.1868)	
(-23.2343,-58.8448,595.8297)	(0.4890,-60.7350,594.6804)	(-13.0185,-19.5088,595.9350)	(-13.1928,-8.0145,588.9700)	(-56.1800,-42.5700,613.0765)	(-31.7120,-40.1658,609.9548)	(8.2601,-39.7747,605.7331)	(36.0675,-42.9959,610.5575)	(-38.1849,25.3241,607.2522)	(-15.2024,19.7962,596.1260)	(11.1451,24.3942,605.9798)	(-15.2509,39.5031,597.1853)	
(-23.2251,-61.0176,596.8208)	(0.4890,-60.7381,594.6847)	(-13.0386,-19.4802,594.9538)	(-15.2684,-8.0014,586.9984)	(-58.4135,-42.7191,615.0912)	(-31.7120,-40.1658,609.9592)	(8.2570,-39.7747,605.7331)	(34.8187,-42.0116,608.5767)	(-38.1633,25.2879,606.2561)	(-15.2189,19.7652,596.0904)	(8.9382,24.2740,604.9772)	(-15.2713,37.3197,595.1922)	
(-23.2251,-61.0176,596.8208)	(0.4890,-60.7381,594.6847)	(-13.0325,-21.5454,594.9452)	(-15.2623,-10.0358,586.9958)	(-58.4072,-44.8535,615.0824)	(-31.7057,-42.2829,609.9388)	(8.2539,-41.8780,604.7281)	(34.8219,-44.1253,608.5578)	(-39.2732,26.3015,607.2680)	(-15.2127,17.6907,595.0862)	(8.8821,24.2360,602.9818)	(-15.2713,37.3135,595.1780)	
(-23.2159,-63.1972,597.8119)	(-1.5557,-62.8127,594.7005)	(-13.0464,-23.5627,593.9129)	(-16.2859,-13.0586,585.9665)	(-58.4072,-44.8535,617.0796)	(-31.7165,-42.3541,610.9400)	(8.3086,-41.9490,606.7240)	(35.0178,-42.1566,610.5912)	(-39.2498,26.1779,606.2678)	(-15.2621,17.6053,592.0833)	(8.7229,22.0430,599.9795)	(-15.3142,35.0715,592.1690)	
(-23.2035,-67.3484,597.7948)	(0.5596,-67.0481,595.6658)	(-13.0744,-27.6314,592.8892)	(-14.2968,-17.0267,582.9448)	(-57.2728,-48.9525,615.0590)	(-31.6821,-46.4390,608.9334)	(10.4290,-46.1561,606.6936)	(34.8345,-48.3526,608.5507)	(-39.1145,21.9865,602.2478)	(-15.2993,13.4401,589.0862)	(10.6775,21.9708,596.9756)	(-15.3451,30.8181,589.1518)	
(-24.2234,-71.6209,598.7832)	(1.6881,-71.4185,597.6372)	(-14.1039,-31.6431,590.8786)	(-13.3603,-19.9527,579.9261)	(-57.2600,-53.2075,614.0415)	(-32.7222,-50.7482,609.9100)	(10.3895,-50.2848,605.6784)	(34.9451,-50.5510,609.5514)	(-39.0089,17.7014,598.2296)	(-16.3435,6.2653,586.0596)	(12.6337,17.7776,594.9378)	(-16.4073,25.5478,586.1388)	
(-21.0924,-76.8124,599.7426)	(2.7435,-76.6107,597.6174)	(-13.0872,-36.7074,589.8833)	(-13.3363,-28.0060,579.8890)	(-54.0604,-56.4861,614.0108)	(-31.6538,-55.9504,608.8914)	(10.4021,-55.5430,605.6654)	(35.1570,-58.0513,611.5221)	(-38.9205,11.4237,595.2035)	(-15.3650,1.1807,583.0348)	(10.2937,11.4896,589.9207)	(-14.4449,21.3460,581.1079)	
(-21.0769,-83.0495,598.7190)	(4.8854,-82.9683,598.5681)	(-10.9756,-43.0656,592.8160)	(-12.3174,-31.9724,578.8784)	(-54.0884,-62.9832,614.9829)	(-27.4220,-60.2656,609.8474)	(10.4730,-59.8468,606.6361)	(36.1340,-61.2290,610.5099)	(-37.8367,9.3377,593.1889)	(-13.3312,-2.8607,582.9932)	(12.2285,9.4203,588.8915)	(-12.4860,17.2421,579.0664)	
(-18.9674,-87.4959,600.6692)	(5.9301,-86.0807,598.5696)	(-8.9106,-47.1008,591.8038)	(-10.2975,-34.9278,577.8608)	(-54.0821,-65.1176,613.9786)	(-27.4055,-64.3923,608.8305)	(12.5839,-61.9566,606.6288)	(36.0468,-65.3644,610.4764)	(-37.7814,5.2074,591.1675)	(-11.3679,-6.8740,580.9643)	(11.0338,5.3178,585.8855)	(-12.5174,13.1791,576.0692)	
(-17.9160,-89.5756,600.6750)	(5.9878,-88.3086,599.5532)	(-8.9316,-49.0676,590.7902)	(-9.3418,-38.9285,577.8222)	(-52.9547,-69.2654,613.9524)	(-25.2876,-66.4997,608.8102)	(12.5965,-66.1670,606.6072)	(38.2587,-67.4784,610.4560)	(-36.6975,3.1531,588.1614)	(-11.4089,-8.8383,577.9580)	(13.0685,3.2933,584.8900)	(-12.5735,11.1343,573.0611)	
(-17.8862,-91.8158,601.6742)	(7.1502,-91.7404,601.5156)	(-7.8978,-53.2622,591.7729)	(-7.2983,-41.9442,577.8210)	(-50.7777,-71.2720,612.9322)	(-25.2817,-68.7277,609.7983)	(14.7664,-66.1606,606.5984)	(38.2714,-67.5876,611.4405)	(-34.5975,-0.9008,585.1330)	(-11.4735,-11.8343,576.9612)	(12.9447,1.2627,583.8652)	(-10.6277,7.1386,571.0394)	
(-16.8606,-92.8605,601.6700)	(7.2097,-93.9874,602.5002)	(-7.7729,-54.4768,593.7676)	(-7.2005,-44.1786,580.8003)	(-50.7777,-71.2720,612.9350)	(-26.3297,-70.8448,609.7983)	(14.7695,-68.3721,607.5658)	(38.2682,-67.5876,611.4405)	(-35.6088,-1.9358,585.1344)	(-12.3406,-16.9266,579.9344)	(13.9555,0.2509,582.8698)	(-13.5433,3.1748,573.0120)	
(-16.8606,-92.8605,601.6657)	(7.1502,-91.7404,601.5256)	(-7.8018,-54.4706,593.7506)	(-7.2005,-44.2505,581.7887)	(-50.7777,-71.2720,612.9350)	(-26.3276,-70.7270,609.7983)	(14.7695,-68.3753,607.5744)	(38.2714,-69.5987,610.4547)	(-34.5752,-2.9245,584.1273)	(-12.3406,-16.8953,578.9428)	(13.9585,0.2509,582.8698)	(-11.5561,3.1775,572.0066)	
(-16.8606,-92.8605,601.6642)	(7.1502,-91.7404,601.5271)	(-7.7698,-54.3832,592.7682)	(-9.2967,-43.9566,577.8238)	(-50.7713,-73.3995,612.9192)	(-26.3276,-70.7270,608.7987)	(14.7727,-68.3784,607.5788)	(38.2714,-69.5987,610.4517)	(-34.5529,-2.9070,583.1231)	(-12.3624,-16.8953,578.9276)	(13.9585,0.2509,582.8698)	(-11.5796,3.1772,571.0273)	
(-16.8606,-92.8605,602.6448)	(7.2097,-93.8299,601.5286)	(-7.7987,-57.6589,594.7416)	(-9.2093,-47.2961,581.8042)	(-50.7777,-71.2720,612.9278)	(-26.3276,-70.7270,608.7987)	(14.7664,-68.2705,606.5869)	(38.2651,-67.5876,611.4362)	(-35.5698,-1.9218,583.1328)	(-12.3842,-16.8640,577.9348)	(13.9555,-1.7698,582.8462)	(-13.5833,3.1650,570.0368)	
(-17.8768,-95.1156,602.6564)	(7.2097,-93.9811,602.4959)	(-7.7667,-56.5386,593.7592)	(-9.2093,-47.4534,583.7864)	(-50.7777,-73.3995,612.9278)	(-26.3276,-70.8448,609.7983)	(14.7727,-68.3784,607.5788)	(38.2746,-69.7113,611.4362)	(-35.5817,-3.9544,584.1220)	(-12.3842,-16.8640,577.9238)	(13.9555,-1.7706,582.8462)	(-11.6030,3.1742,571.0068)	
(-16.8606,-92.8605,601.6715)	(7.2097,-93.8362,601.5329)	(-7.7987,-57.6589,594.7373)	(-9.2364,-47.2961,581.8042)	(-50.7777,-71.2720,612.9306)	(-26.3276,-70.8448,609.7968)	(14.7727,-68.3784,607.5818)	(38.2714,-69.7050,610.4547)	(-33.5541,-1.9273,583.1216)	(-11.4616,-15.8402,576.9448)	(13.9555,0.2509,582.8628)	(-11.5796,3.1742,571.0177)	
(-16.8606,-92.8605,601.6700)	(7.2097,-93.8299,601.5286)	(-7.7987,-57.5633,593.7550)	(-9.1821,-46.2829,581.8028)	(-50.7777,-73.3995,612.9278)	(-26.3276,-70.7270,609.7983)	(14.7758,-70.4886,607.5686)	(38.2714,-69.7050,610.4547)	(-34.5752,-2.9173,584.1246)	(-12.3624,-16.8640,577.9390)	(13.9615,-1.7706,582.8490)	(-10.5878,2.1847,572.0136)	
(-17.8799,-93.0132,602.6406)	(7.2035,-91.7404,601.5299)	(-7.7698,-57.6620,594.7487)	(-10.1628,-47.5488,584.8084)	(-50.7777,-71.2720,612.9322)	(-26.3297,-70.8448,609.7983)	(14.7727,-68.3784,607.5788)	(38.2777,-69.7081,611.4362)	(-34.5752,-2.9173,584.1246)	(-12.3624,-16.8640,577.9430)	(13.9555,0.2509,582.8531)	(-10.5878,2.1847,572.0080)	
(-16.8606,-92.8605,601.6700)	(7.1502,-91.7404,601.5271)	(-7.7698,-57.6589,594.7487)	(-9.1550,-47.5457,584.8028)	(-52.9484,-71.3964,613.9466)	(-26.3276,-70.7270,609.7968)	(14.7727,-68.3784,607.5803)	(38.3683,-69.7081,611.4420)	(-34.5589,-2.9173,583.1272)	(-12.3406,-16.8953,578.9346)	(13.9615,-1.7706,582.8477)	(-10.5878,2.1847,572.0136)	
(-16.8606,-93.0164,602.6506)	(5.0628,-92.7852,601.5344)	(-7.7729,-54.4706,593.7520)	(-9.2425,-44.1066,579.7966)	(-52.9484,-71.3964,613.9438)	(-26.3276,-70.7270,608.7987)	(14.7727,-68.3753,607.5772)	(38.2714,-69.7081,611.4274)	(-34.5589,-2.9173,583.1286)	(-12.3406,-16.8953,578.9428)	(13.9555,0.2509,582.8782)	(-13.5433,3.1686,572.0121)	
(-17.9011,-91.8158,601.6742)	(7.1439,-89.6510,601.5342)	(-7.8049,-55.5937,594.7500)	(-10.1689,-44.0226,578.8109)	(-52.8673,-69.0363,611.9557)	(-25.2813,-68.6133,608.8015)	(14.7011,-66.1575,606.5897)	(38.1618,-65.2555,610.4560)	(-34.5752,-2.9245,584.1273)	(-12.3187,-16.9266,579.9288)	(14.0221,0.2491,583.8625)	(-11.5327,3.1838,573.9968)	
(-17.9042,-89.7263,601.6742)	(5.0566,-90.6957,601.5414)	(-9.7851,-54.6702,595.7624)	(-9.1067,-44.4998,584.8152)	(-51.7690,-66.8012,610.9587)	(-25.2876,-66.4997,607.8122)	(12.5316,-63.9497,606.6072)	(38.2461,-63.2441,610.4734)	(-36.6459,-0.9144,586.1471)	(-12.3029,-14.9690,581.9310)	(14.0888,0.2473,584.8678)	(-11.5092,3.1873,575.0174)	
(-18.9573,-87.6432,601.6685)	(3.9555,-88.4668,600.5638)	(-10.7995,-54.7576,596.7718)	(-11.0940,-43.7103,587.8125)	(-51.7754,-64.6806,610.9674)	(-27.4055,-64.3923,608.8277)	(12.5284,-63.9497,605.6138)	(38.1555,-63.2441,610.4690)	(-36.6747,1.1159,587.1570)	(-12.3090,-11.9508,581.9490)	(13.1395,1.2686,585.8701)	(-12.5488,7.1764,575.0543)	
(-18.9736,-85.4099,600.7036)	(3.9012,-86.2323,599.5760)	(-10.8861,-49.4135,594.7998)	(-11.1001,-40.5868,586.8424)	(-53.9409,-64.7947,611.9734)	(-29.5160,-62.1810,607.8543)	(10.4147,-61.8528,605.6310)	(35.9312,-63.0395,608.4972)	(-36.7112,1.1156,589.1532)	(-13.3071,-10.9555,582.9641)	(12.1805,2.2752,586.8867)	(-12.4404,9.2240,579.0376)	
(-21.0703,-83.1899,599.7342)	(2.8084,-82.9777,598.5854)	(-12.9616,-45.3642,595.8219)	(-13.2204,-34.5441,586.8730)	(-53.9065,-60.4459,610.9964)	(-29.5223,-60.0708,607.8599)	(10.3532,-57.5493,604.6490)	(34.8629,-57.8640,608.4972)	(-39.9117,7.2763,594.1878)	(-13.2590,-5.9392,585.9844)	(9.2372,5.3390,588.9084)	(-14.4298,15.2956,581.0928)	
(-23.1663,-78.8977,598.7533)	(0.6762,-78.6925,597.6018)	(-12.9537,-41.2980,596.8385)	(-16.1533,-31.5937,589.8902)	(-56.0882,-56.3049,612.0199)	(-31.6429,-55.8567,607.8888)	(8.1427,-55.2688,602.6704)	(33.7139,-56.7153,608.5000)	(-39.9709,9.3647,596.2010)	(-15.2927,0.1469,587.0360)	(8.3132,9.4493,590.9318)	(-15.3834,18.4406,585.1012)	
(-24.2172,-72.5405,597.7794)	(-2.4842,-72.3490,596.6466)	(-15.0555,-34.9694,594.8676)	(-15.2561,-23.1934,584.9306)	(-57.2696,-52.2370,614.0430)	(-30.6138,-51.7231,607.9033)	(7.1879,-51.2561,602.6818)	(33.7913,-51.6096,608.5334)	(-38.9965,15.6258,598.2126)	(-16.3079,5.2525,587.0555)	(10.5201,15.6820,593.9352)	(-16.3804,23.5868,586.1192)	
(-26.2982,-71.5058,597.7950)	(-2.5280,-71.1855,595.6530)	(-16.0783,-31.8716,594.8845)	(-15.2455,-21.2454,586.9498)	(-59.3952,-51.1716,614.0620)	(-32.7096,-50.5812,607.9178)	(8.2273,-50.2062,604.6906)	(34.8439,-50.4663,608.5464)	(-39.0322,17.7318,599.2299)	(-16.2844,7.3169,590.0497)	(10.5767,17.7714,594.9548)	(-16.3571,25.7131,589.1364)	
(-26.3044,-69.4302,597.8036)	(-1.5040,-69.1230,595.6672)	(-15.0877,-29.7542,593.9046)	(-15.2516,-20.1779,585.9430)	(-57.1681,-48.8708,613.0590)	(-33.7874,-48.5558,608.9232)	(6.1296,-48.9901,604.7109)	(32.5496,-50.3095,607.5343)	(-39.0384,19.8109,599.2384)	(-15.2932,11.3987,589.0820)	(10.6302,19.8676,595.9588)	(-15.3287,28.7798,590.1294)	
(-26.3044,-69.4302,597.8036)	(-1.5433,-69.0052,594.6680)	(-15.0710,-29.8063,594.9044)	(-17.2898,-18.1830,586.9511)	(-58.3467,-46.9097,614.0736)	(-33.7937,-46.4453,608.9408)	(6.1296,-48.9901,604.7109)	(32.5496,-50.3095,606.5758)	(-39.0912,21.9585,601.2476)	(-17.3096,11.4206,591.0835)	(10.6929,19.8987,596.9587)	(-15.3348,30.8742,590.1546)	
(-25.2770,-67.3546,597.8064)	(-3.6424,-68.8937,593.6956)	(-15.0771,-27.7835,595.8996)	(-16.2141,-16.2016,588.9534)	(-56.1230,-44.6227,612.0706)	(-33.8143,-44.4064,609.9403)	(6.1233,-46.0940,604.7210)	(32.6315,-46.1707,607.5879)	(-39.1207,24.0822,602.2564)	(-15.2498,13.5018,592.0764)	(10.7402,22.0022,597.9770)	(-15.2917,33.0731,593.1580)	
(-27.3528,-66.2041,596.8268)	(-3.6547,-64.7702,593.6969)	(-17.1332,-25.7273,595.9510)	(-18.2836,-13.1135,587.9718)	(-60.5394,-44.8599,615.0942)	(-33.8000,-44.3317,608.9420)	(6.0175,-44.7281,602.7292)	(32.6158,-44.0573,607.5806)	(-39.1440,24.1199,603.2567)	(-15.2395,15.5868,593.1088)	(7.6875,23.0732,599.9852)	(-17.3283,35.2420,595.1809)	
(-27.3590,-64.1320,596.8352)	(-3.6578,-62.7084,593.7068)	(-17.1394,-23.6586,595.9552)	(-18.2722,-13.1624,589.9714)	(-60.4819,-44.7851,614.0941)	(-33.8063,-42.2180,608.9624)	(6.1045,-42.6386,602.7392)	(32.6158,-44.0573,607.5704)	(-40.2708,27.3451,606.2764)	(-17.2759,17.6814,595.0891)	(7.7839,25.1856,601.9892)	(-17.3216,37.3676,596.1923)	
(-29.4291,-61.9634,596.8524)	(-3.6670,-60.6466,593.7138)	(-19.1927,-21.6727,597.9433)	(-19.3043,-11.1416,590.9910)	(-60.4883,-42.6542,614.1028)	(-35.9420,-40.1785,609.9782)	(4.0068,-40.6248,604.7554)	(30.4167,-41.8889,606.6133)	(-42.4290,27.4675,608.2916)	(-17.2691,19.7837,596.1260)	(10.0931,26.5326,605.9871)	(-17.2890,39.5700,598.2070)	
(-29.4415,-59.9940,596.8637)	(-5.7329,-59.6157,593.7336)	(-19.1989,-19.5971,597.9718)	(-21.3562,-7.0450,591.0206)	(-62.8065,-40.7333,617.1236)	(-35.9483,-38.0614,609.9870)	(4.0421,-38.6635,605.7650)	(30.4167,-41.8857,606.6118)	(-42.5208,29.6704,611.2984)	(-19.3228,21.9149,598.1349)	(5.8946,28.5818,606.0175)	(-19.3628,41.7739,601.1991)	
(-29.4476,-57.9218,596.8722)	(-7.7957,-57.5602,593.7550)	(-19.2051,-17.5215,597.9846)	(-21.3500,-7.0591,593.0148)	(-62.6844,-40.5975,615.1250)	(-35.9661,-38.1257,610.9822)	(3.9911,-37.4917,602.7650)	(30.4983,-39.8464,607.6197)	(-42.5494,29.7167,612.2945)	(-19.3195,24.0284,599.1448)	(5.9455,28.6267,607.0146)	(-19.3439,41.9052,602.2194)	
(-29.4476,-57.9218,596.8722)	(-7.8018,-57.5602,593.7535)	(-19.2113,-15.4459,597.9731)	(-19.3226,-4.9830,590.0417)	(-62.8739,-38.6565,618.1325)	(-35.9724,-36.0051,610.9924)	(4.0037,-38.5319,604.7655)	(30.4135,-39.7821,607.5892)	(-41.4979,31.8839,612.2988)	(-20.3579,25.0679,599.1548)	(5.9455,30.7334,607.0319)	(-19.3502,43.9915,602.2280)	
(-27.3737,-57.8167,596.8578)	(-7.7987,-57.5602,593.7550)	(-19.2051,-17.5215,597.9718)	(-19.3069,-7.0388,591.0192)	(-62.9349,-38.7209,619.1326)	(-35.9661,-38.1257,610.9837)	(4.0421,-38.6635,605.7650)	(30.4983,-39.8432,607.6197)	(-40.3805,29.6303,610.2892)	(-19.3195,24.0284,599.1435)	(8.1011,28.6330,607.0160)	(-17.2690,43.9946,602.2122)	
(-29.4550,-57.9218,597.8718)	(-5.7360,-57.5540,593.7436)	(-19.2051,-17.5215,597.9760)	(-19.3069,-7.0419,591.0234)	(-62.9349,-38.7209,619.1326)	(-35.9661,-38.1257,610.9822)	(4.0452,-38.6635,605.7650)	(30.4983,-39.8432,607.6096)	(-42.5494,29.7167,612.2988)	(-19.3290,23.9968,599.1263)	(8.1011,28.6779,607.0260)	(-19.3502,43.9883,602.2252)	
(-29.4550,-57.9218,597.8718)	(-5.7329,-59.6157,593.7351)	(-19.2051,-17.5215,597.9646)	(-19.3165,-7.0388,591.0078)	(-60.6737,-38.5856,617.1206)	(-35.9661,-38.1257,610.9837)	(4.0452,-38.6635,605.7650)	(30.5014,-39.8496,608.5986)	(-40.3773,29.6303,610.2864)	(-19.3290,23.9906,598.1504)	(8.0980,28.6330,607.0131)	(-17.2823,41.8380,601.2018)	
(-29.4415,-59.9940,596.8637)	(-5.7298,-59.6157,593.7393)	(-19.1989,-19.5971,598.9474)	(-19.3165,-7.0388,591.0036)	(-60.6737,-38.5856,617.1206)	(-35.9661,-38.1257,610.9837)	(4.0515,-38.7294,606.7614)	(30.4983,-39.8496,607.6256)	(-42.5494,29.7167,612.2945)	(-19.3228,21.9149,598.1376)	(8.0530,26.5262,607.0073)	(-19.3533,41.8286,601.2192)	
(-29.4415,-59.9940,596.8637)	(-5.7267,-59.6157,593.7393)	(-19.1989,-19.5971,597.9618)	(-19.3104,-9.0902,590.9952)	(-60.6673,-40.7269,617.1118)	(-35.9598,-40.2463,610.9692)	(4.0484,-40.7634,605.7564)	(30.4983,-41.9503,607.5908)	(-40.3459,27.4738,609.2774)	(-19.3323,21.9087,598.1176)	(8.0530,26.5262,607.0058)	(-17.2921,41.7098,599.2072)	
(-29.4488,-59.9940,597.8618)	(-5.7237,-61.6775,593.7267)	(-19.2086,-19.5623,596.9777)	(-19.3201,-9.0727,589.9995)	(-62.8001,-42.8747,617.1148)	(-35.9598,-40.2463,610.9766)	(4.0131,-42.7177,604.7498)	(30.4229,-43.9956,606.6047)	(-42.5145,27.5532,611.2898)	(-19.3261,19.8084,597.1433)	(7.9954,26.4848,605.0234)	(-19.3660,39.6244,599.2102)	
(-29.4353,-62.0661,596.8567)	(-3.6609,-60.6497,593.7210)	(-17.1324,-21.6282,596.9378)	(-19.3201,-9.0552,589.0208)	(-60.5458,-42.7255,615.1029)	(-35.9598,-40.2463,610.9766)	(6.1527,-42.7114,605.7362)	(32.6189,-44.0605,607.5864)	(-42.5145,27.5532,611.2898)	(-19.3261,19.8084,597.1333)	(7.9923,26.4434,605.0133)	(-19.3755,39.5576,598.2099)	
(-27.3652,-62.0598,596.8452)	(-3.6373,-60.7505,594.7075)	(-17.1456,-21.5899,595.9679)	(-19.3140,-11.1206,589.9912)	(-60.6609,-42.8682,617.1030)	(-33.8350,-42.3605,610.9488)	(6.1621,-41.8843,605.7362)	(32.6189,-44.0605,607.5864)	(-41.4017,26.4535,610.2764)	(-17.2499,17.7363,597.0892)	(6.8474,24.2677,603.0150)	(-17.3086,37.4341,597.1982)	
(-27.3629,-64.2412,597.8348)	(-3.6578,-62.7084,593.7110)	(-17.1394,-23.6586,595.9296)	(-17.3110,-11.0516,586.9762)	(-60.6545,-45.0095,617.0942)	(-33.8287,-44.4810,609.9507)	(6.1684,-43.9876,606.7240)	(32.6252,-46.1643,607.5719)	(-39.2732,26.2191,607.2680)	(-17.2889,17.6602,594.1047)	(7.7902,23.1456,600.9966)	(-17.3283,35.2389,595.1809)	
(-27.3505,-67.3609,597.8178)	(-3.6127,-66.9462,594.6878)	(-17.1403,-27.7473,594.9086)	(-17.3444,-14.0647,584.9696)	(-59.4574,-49.1223,615.0708)	(-33.8080,-46.5235,609.9405)	(6.1715,-49.1563,605.7088)	(32.6347,-48.2809,607.5691)	(-39.1378,22.0239,603.2481)	(-17.3157,13.4750,591.0976)	(9.7613,21.0035,598.9710)	(-17.3677,31.9437,592.1690)	
(-26.3065,-69.5481,598.8032)	(0.5657,-69.1168,595.6588)	(-13.0683,-29.6469,591.9038)	(-15.3242,-18.0115,581.9660)	(-59.6247,-49.3675,619.0708)	(-31.6867,-48.6342,609.9186)	(8.2790,-48.1878,605.6986)	(35.0368,-50.6293,610.5286)	(-39.0616,19.8417,601.2362)	(-15.2932,11.3895,589.0623)	(10.5767,19.8366,595.9531)	(-15.3584,27.7128,588.1432)	
(-21.0893,-78.8914,598.7361)	(2.7064,-78.6863,597.5946)	(-11.0177,-36.7654,590.8420)	(-11.3344,-25.9866,579.8861)	(-54.0541,-58.6171,614.0020)	(-29.5496,-56.0378,609.8750)	(10.4604,-55.6364,606.6562)	(34.0029,-57.0862,611.5060)	(-36.8636,13.4982,595.2006)	(-14.3176,2.2001,584.0375)	(12.4566,13.5851,591.9314)	(-14.4297,21.3895,582.1121)	
(-18.9937,-85.1223,598.7005)	(4.8356,-82.8312,597.5762)	(-8.9018,-41.0042,592.8230)	(-11.2988,-29.0708,580.8804)	(-51.8253,-62.6642,611.9731)	(-27.4181,-60.1650,608.8478)	(10.4698,-59.8468,606.6316)	(36.1308,-61.1366,611.4826)	(-37.8797,9.3574,595.1851)	(-11.2626,-1.8596,584.9900)	(12.3457,9.4479,589.9010)	(-12.4517,19.3043,580.0898)	
(-18.9875,-87.2014,598.6905)	(5.9301,-86.0807,598.5583)	(-8.8686,-43.1371,593.8084)	(-10.2335,-31.0785,580.8708)	(-51.8689,-62.7684,612.9702)	(-27.4118,-62.2787,608.8392)	(12.5776,-59.8499,606.6389)	(36.1276,-63.2505,610.4910)	(-37.8582,9.3512,594.1891)	(-11.3095,-1.8519,583.0070)	(14.4551,9.4678,590.8795)	(-12.4427,17.2910,580.0828)	
(-20.0083,-89.2805,599.6872)	(5.9363,-88.1597,598.5498)	(-8.8896,-45.1209,592.8061)	(-10.2782,-33.0303,579.8517)	(-51.8626,-64.8959,612.9642)	(-27.4055,-64.3923,608.8305)	(12.5902,-61.9566,607.6020)	(36.0405,-65.3612,609.4834)	(-35.7382,7.2654,591.1688)	(-11.3270,-3.8786,582.9722)	(14.3280,7.3855,588.8957)	(-11.4778,14.2355,578.0678)	
(-19.9937,-91.5137,599.6828)	(7.0969,-91.5927,600.5180)	(-7.8172,-49.3131,593.7674)	(-9.2936,-35.9921,578.8356)	(-51.8562,-67.0234,612.9555)	(-25.2939,-64.3860,608.8188)	(12.5902,-64.0634,606.6216)	(38.2619,-65.4638,610.4764)	(-34.6749,4.1817,589.1530)	(-11.3384,-8.8908,580.9672)	(13.1273,5.3308,586.8725)	(-10.5390,11.1775,575.0582)	
(-16.8710,-92.7046,600.6648)	(9.2438,-93.8236,601.4970)	(-6.7812,-52.4027,593.7590)	(-7.3714,-37.7931,575.8382)	(-50.7840,-69.1445,612.9409)	(-25.2880,-66.6106,608.8246)	(14.7664,-66.2651,606.6057)	(38.3620,-67.5907,611.4492)	(-32.5878,2.1391,586.1330)	(-7.3941,-9.8415,577.9511)	(15.0971,3.3028,585.8630)	(-8.5963,9.1541,573.0391)	
(-15.8044,-96.1463,602.6204)	(9.2438,-93.8236,601.5112)	(-6.7750,-54.3678,592.7552)	(-5.3280,-41.8636,576.8104)	(-48.6139,-71.1476,611.9206)	(-23.1698,-68.6070,608.7855)	(16.8808,-68.3753,607.5730)	(40.4935,-66.7422,611.4594)	(-32.5689,0.1070,584.1244)	(-8.3527,-13.8513,577.9291)	(15.0317,1.2688,584.8468)	(-8.6505,7.1374,570.0271)	
(-15.8044,-95.9852,601.6456)	(10.3459,-95.0275,602.4886)	(-5.7066,-57.6527,594.7373)	(-5.3220,-43.8635,576.7966)	(-48.6076,-73.2716,611.9120)	(-24.2161,-70.7206,608.7898)	(16.8871,-70.4855,607.5658)	(40.5030,-68.7651,612.4234)	(-32.5373,-2.9112,583.1134)	(-10.3798,-16.8580,577.9238)	(15.9772,0.2570,582.8642)	(-9.6228,3.1802,570.9918)	
(-15.7829,-98.2392,602.6378)	(10.3459,-95.0275,602.4987)	(-5.7390,-57.5540,593.7520)	(-5.2479,-46.0264,578.7818)	(-48.6076,-73.1502,611.9076)	(-24.2161,-70.7206,608.7870)	(16.8871,-70.4823,607.5600)	(40.4903,-69.7050,611.4259)	(-32.5373,-2.9112,583.1134)	(-8.4041,-15.8312,576.9060)	(15.9191,-1.7637,581.8647)	(-8.6614,2.1875,569.9933)	
(-15.7829,-98.2392,602.6363)	(12.4367,-95.0275,604.4666)	(-3.7152,-57.5540,593.7264)	(-5.2479,-46.0294,578.7874)	(-48.6076,-73.2716,611.9120)	(-24.2161,-70.7206,608.7885)	(16.8871,-70.4823,607.5600)	(40.4966,-68.7651,611.4464)	(-32.5312,-4.9315,583.1050)	(-7.4341,-16.8327,576.9088)	(15.9832,-1.7645,582.8310)	(-8.6900,2.1860,569.9824)	
(-15.7829,-98.2392,602.6234)	(12.5669,-97.4395,604.4681)	(-3.6373,-58.6915,594.7331)	(-5.1457,-48.6246,585.7588)	(-48.5724,-73.1502,610.9150)	(-24.2111,-72.7129,607.7846)	(16.8871,-70.4823,607.5600)	(40.3899,-69.7050,611.4200)	(-32.5312,-4.9315,583.1024)	(-7.4036,-16.8297,576.9240)	(15.9832,-1.7659,582.8406)	(-8.6900,2.1860,569.9864)	
(-15.7829,-98.5683,604.6190)	(10.3459,-95.0275,602.5017)	(-5.7390,-57.5540,593.7378)	(-5.0374,-48.5458,585.7588)	(-48.6076,-73.2716,611.9104)	(-24.2161,-70.7206,608.7870)	(16.8808,-68.3721,607.5686)	(40.4935,-66.6411,611.4566)	(-32.5312,-4.9315,583.1050)	(-7.4036,-16.8550,577.8933)	(15.9832,-1.7667,582.8490)	(-8.6327,2.1891,570.0124)	
(-15.7523,-98.5683,604.6263)	(10.4691,-97.4458,604.4898)	(-5.7390,-57.6527,594.7316)	(-5.1797,-46.1923,580.7864)	(-48.5756,-71.0296,610.9209)	(-24.2161,-70.7206,608.7870)	(16.8745,-68.3721,607.5686)	(40.3899,-69.7050,611.4216)	(-32.5312,-4.9315,583.1078)	(-7.3732,-16.8580,577.9071)	(15.9832,-1.7667,582.8490)	(-8.6327,2.1891,570.9876)	
(-15.7891,-96.1463,602.6406)	(10.3459,-95.0275,602.5103)	(-5.7390,-57.6527,594.7217)	(-6.0871,-47.4473,583.7752)	(-48.6139,-71.1476,611.9163)	(-24.2161,-70.7206,608.7855)	(16.8745,-68.3721,607.5686)	(40.4935,-67.5876,612.4234)	(-32.5373,-2.9112,583.1148)	(-7.3732,-16.8580,577.9086)	(15.9802,-1.7659,582.8406)	(-6.6876,2.1951,570.9862)	
(-15.8044,-96.1463,602.6348)	(9.3005,-93.9811,602.4972)	(-5.7066,-57.6620,594.7472)	(-6.0548,-47.5366,584.7859)	(-50.7777,-71.1540,612.9278)	(-24.2174,-70.6027,607.7876)	(16.8776,-68.3721,607.5672)	(40.3930,-69.7050,611.4216)	(-32.5373,-2.9112,583.1134)	(-7.3732,-16.8580,577.9238)	(15.9892,-1.7689,582.8642)	(-9.6497,3.1769,570.0094)	
(-15.8107,-93.8958,601.6556)	(9.2943,-91.8882,602.4987)	(-5.7066,-57.6558,594.7416)	(-5.0435,-46.5151,584.7788)	(-50.7358,-71.0360,611.9324)	(-26.3255,-70.6091,607.8006)	(14.7664,-68.2674,606.5869)	(40.3899,-69.7050,611.4216)	(-32.5501,-2.9184,584.1107)	(-8.3754,-15.8578,577.9182)	(18.1581,-1.7689,584.8328)	(-8.6041,2.1907,571.9916)	
(-16.8408,-93.0070,602.6376)	(7.1439,-89.6510,601.5299)	(-7.8049,-55.5937,594.7500)	(-7.0415,-46.6780,586.7779)	(-49.6506,-66.7948,610.9413)	(-25.2809,-68.4989,607.8020)	(14.7011,-66.1575,606.5897)	(38.1586,-65.3612,610.4546)	(-34.6078,-2.9390,586.1275)	(-10.3040,-15.9260,579.9274)	(16.0533,-1.7728,583.8527)	(-9.5421,3.1901,573.9900)	
(-17.9042,-89.7263,601.6742)	(6.0393,-88.4668,600.5608)	(-8.7531,-54.7482,596.7489)	(-7.0842,-42.4630,584.8123)	(-49.6168,-64.5666,609.9502)	(-27.4016,-64.2848,607.8310)	(14.6948,-64.0507,606.5984)	(38.1586,-65.2555,610.4502)	(-32.5818,0.1050,586.1219)	(-10.2847,-13.9589,581.9352)	(16.1875,0.2516,585.8660)	(-9.5301,5.1901,576.0088)	
(-18.9736,-85.4099,600.6978)	(3.8562,-85.0568,598.5826)	(-9.8067,-47.5019,596.7858)	(-9.1039,-36.4384,585.8369)	(-51.7381,-62.4559,609.9762)	(-27.4079,-62.1746,607.8380)	(12.5159,-61.8465,605.6166)	(35.9344,-63.0395,608.4972)	(-35.7352,5.2140,591.1631)	(-11.2444,-7.9515,584.9664)	(13.3931,3.3102,589.8714)	(-11.3956,8.2401,580.0443)	
(-21.0831,-81.1042,599.7170)	(4.8792,-80.8924,598.5838)	(-9.8191,-43.2924,595.8246)	(-12.0704,-33.4554,586.8814)	(-53.9128,-58.3253,611.0052)	(-27.4205,-57.9542,607.8568)	(10.3563,-57.5493,604.6562)	(35.9281,-58.9177,609.5152)	(-34.7616,9.3438,593.1775)	(-11.2096,-3.9079,586.9730)	(12.3548,7.3999,589.8983)	(-11.3843,14.3247,582.0664)	
(-21.0955,-76.8124,598.7361)	(2.7435,-76.6107,597.5989)	(-10.8727,-39.2904,597.8351)	(-11.0452,-27.5280,590.8742)	(-53.8783,-53.9938,610.0198)	(-29.5369,-53.6531,606.8876)	(10.2241,-55.2688,602.6604)	(34.8565,-57.7672,610.4966)	(-34.8402,11.4870,598.1770)	(-11.1717,0.1634,589.9920)	(13.6900,10.5741,595.8921)	(-11.3089,21.5554,587.0884)	
(-24.2247,-71.4996,597.7836)	(-0.4614,-71.1824,595.6458)	(-11.9451,-31.8591,594.8774)	(-11.1814,-21.1888,585.9317)	(-54.9974,-48.7827,611.0501)	(-29.5569,-48.4647,607.9074)	(8.2367,-50.2062,604.6906)	(34.8471,-50.4663,608.5522)	(-36.9614,19.8203,599.2298)	(-12.1926,7.3292,590.0368)	(13.7363,16.8061,596.9230)	(-12.2723,26.7353,589.1010)	
(-24.2309,-69.4240,597.7921)	(2.6293,-69.1106,595.6429)	(-10.9683,-29.7480,593.8960)	(-11.2407,-17.0580,583.9488)	(-53.9476,-46.6621,611.0501)	(-29.5632,-46.3577,607.9234)	(10.3187,-48.1001,604.6877)	(36.0897,-49.4094,610.5475)	(-34.8906,21.9056,599.2240)	(-11.1850,11.4250,590.0382)	(13.8012,18.9075,597.9355)	(-11.2602,28.7890,589.1362)	
(-24.2309,-69.4240,597.7821)	(0.5198,-68.9990,594.6565)	(-11.8825,-29.9564,597.8991)	(-11.0758,-17.2804,590.9474)	(-53.9004,-46.5839,610.0502)	(-29.5632,-46.2796,606.9222)	(10.1960,-45.8444,602.6974)	(36.9523,-48.5056,609.5280)	(-34.9335,22.0022,602.2162)	(-11.0913,11.4935,594.0494)	(14.1191,19.0543,601.9404)	(-11.1498,31.0802,594.1296)	
(-23.2219,-62.9822,595.8284)	(0.4616,-62.7022,593.7024)	(-12.9922,-21.6157,596.9306)	(-13.1666,-10.0843,589.9784)	(-56.1294,-42.4987,612.0793)	(-31.6839,-42.1405,607.9450)	(8.2022,-41.8070,604.7251)	(34.7302,-44.0541,607.5790)	(-36.0684,27.3577,606.2531)	(-13.1097,17.7550,597.0720)	(11.0290,24.3562,604.9858)	(-13.1487,37.5007,598.1656)	
(-25.3009,-58.8511,595.8412)	(-1.6073,-58.5787,593.7123)	(-12.9984,-19.5467,596.9406)	(-13.1527,-8.0522,590.9768)	(-58.3117,-40.4489,613.0998)	(-31.7183,-38.0487,609.9561)	(8.1928,-39.7071,604.7337)	(34.9135,-40.0939,610.5736)	(-38.2191,29.5872,608.2740)	(-13.1221,21.8993,597.1231)	(12.3167,27.5860,606.9710)	(-13.1412,41.7191,599.1842)	
(-27.3776,-57.9156,596.8607)	(-1.6104,-58.5787,593.7123)	(-15.0913,-17.4463,595.9634)	(-15.2413,-5.9823,589.0206)	(-58.4263,-38.4503,615.1086)	(-33.8333,-38.0518,609.9663)	(6.1495,-39.7842,605.7448)	(32.6095,-39.8401,607.6138)	(-38.2191,29.5471,608.2740)	(-15.1922,21.8993,597.1246)	(10.0963,26.5326,605.9914)	(-15.2244,41.6519,599.1928)	
(-25.3075,-56.8795,596.8493)	(-1.6104,-58.5787,593.7123)	(-15.0580,-17.5090,597.9416)	(-15.2082,-6.0070,590.9866)	(-58.3722,-38.3859,614.1085)	(-33.8333,-38.0550,609.9678)	(6.1401,-37.6778,604.7567)	(32.7008,-39.9043,608.5970)	(-40.3773,29.6303,610.2864)	(-15.1757,21.9274,598.1162)	(10.1510,28.6842,606.9984)	(-15.2019,41.7801,600.1944)	
(-27.3776,-57.8167,596.8607)	(-3.6732,-56.5231,593.7364)	(-15.0580,-17.5090,597.9431)	(-17.2575,-6.0131,591.0162)	(-60.5586,-38.4567,615.1204)	(-35.9483,-39.0475,609.9824)	(6.1401,-37.6809,605.7534)	(32.6064,-39.8401,607.6080)	(-40.3773,29.5872,610.2821)	(-17.2555,23.9968,598.1389)	(8.0436,28.6330,606.0319)	(-15.2019,41.7801,600.1959)	
(-25.3071,-56.7855,595.8496)	(-3.6732,-56.5231,593.7364)	(-15.0808,-15.4118,596.9775)	(-17.2768,-3.9529,590.0360)	(-60.6737,-38.5856,617.1206)	(-33.8189,-37.9907,608.9797)	(6.1433,-37.6778,605.7534)	(34.9072,-39.9654,609.5744)	(-40.4024,29.6767,611.2824)	(-17.2425,24.0346,599.1320)	(8.0498,28.6330,607.0014)	(-15.2081,43.8626,600.2072)	
(-27.3737,-57.8167,595.8626)	(-1.6135,-56.5169,593.7250)	(-15.0642,-15.4272,597.9416)	(-17.2768,-3.9529,590.0304)	(-60.5586,-38.4567,615.1204)	(-33.8540,-35.9988,610.9748)	(5.1423,-36.6916,606.7630)	(32.7890,-37.8547,609.6254)	(-39.3293,31.7938,610.2864)	(-18.2922,25.0346,598.1446)	(10.2057,28.6842,607.0144)	(-15.1980,43.8626,600.2203)	
(-27.3737,-57.8167,596.8578)	(-3.6732,-56.5293,593.7420)	(-17.1448,-17.4839,597.9446)	(-17.2899,-3.9590,590.0050)	(-60.6737,-38.5856,617.1206)	(-33.8333,-38.0550,609.9678)	(6.1464,-37.6778,605.7534)	(32.6977,-39.9043,608.5868)	(-40.4024,29.6303,611.2824)	(-17.2555,23.9968,598.1346)	(8.0404,28.6330,606.0132)	(-15.2244,43.7919,599.2042)	
(-27.3776,-57.8167,596.8607)	(-1.6135,-56.5169,593.7250)	(-15.0747,-17.4777,596.9434)	(-17.2707,-6.0039,590.0022)	(-58.3658,-40.5168,614.0998)	(-33.8333,-38.0550,609.9678)	(8.2476,-37.6714,605.7417)	(34.8187,-40.0328,609.5948)	(-40.3773,29.6303,610.2864)	(-15.2014,23.9683,597.1430)	(10.1447,28.6393,606.0146)	(-15.2182,41.7098,599.1942)	
(-25.3009,-58.8511,595.8426)	(-1.6073,-58.5787,593.7166)	(-15.0747,-17.4777,596.9334)	(-15.2247,-5.9946,589.9811)	(-58.3658,-40.5168,614.0998)	(-33.8333,-38.0550,609.9694)	(6.1527,-36.6948,605.7506)	(32.6945,-39.9012,607.6124)	(-38.2502,29.6303,609.2759)	(-15.2210,23.9304,597.1189)	(10.1025,26.5326,605.0118)	(-15.2244,41.6519,599.1914)	
(-25.3009,-58.8511,595.8412)	(-1.6073,-58.5787,593.7166)	(-15.0913,-17.4463,595.9592)	(-15.2579,-5.9792,588.9911)	(-58.3658,-40.5168,614.0998)	(-33.8333,-38.0550,609.9694)	(6.1527,-37.6778,605.7534)	(32.6064,-39.8401,607.6080)	(-38.2191,29.5471,608.2697)	(-15.2086,21.8618,596.1287)	(10.0931,26.4911,605.0118)	(-15.2284,39.5700,598.1870)	
(-25.3009,-58.8511,596.8380)	(-1.6073,-58.5818,593.7180)	(-15.0851,-19.5150,595.9493)	(-15.2352,-8.0364,589.9768)	(-58.4199,-40.5847,615.0998)	(-33.8476,-38.1130,610.9618)	(6.1527,-39.7810,605.7448)	(32.6189,-41.9503,607.5950)	(-40.3209,27.4738,608.2799)	(-15.2086,21.8587,596.1088)	(9.9867,26.4497,605.0017)	(-15.2284,39.5700,598.1842)	
(-25.3013,-58.9516,596.8408)	(-1.6042,-60.6404,593.7038)	(-15.0851,-19.5150,595.9450)	(-15.2684,-8.0141,587.9984)	(-58.3594,-42.6478,614.0910)	(-31.7120,-40.1658,609.9474)	(8.2022,-39.7071,604.7337)	(34.8187,-42.0148,608.5970)	(-38.1912,27.3943,607.2651)	(-15.2024,19.7900,596.1018)	(9.9867,26.4497,604.9858)	(-15.2447,39.5062,597.1868)	
(-25.2951,-61.0238,596.8338)	(-1.5741,-60.7412,594.6946)	(-15.1184,-19.4771,594.9296)	(-15.2850,-8.9934,586.0028)	(-58.4135,-42.7191,615.0912)	(-31.7229,-40.2303,610.9458)	(8.2539,-39.7747,605.7331)	(35.0115,-42.1502,610.5649)	(-39.2732,26.2191,607.2708)	(-15.2189,19.7559,595.1018)	(8.8883,24.2740,602.9818)	(-15.2549,37.3738,596.1752)	
(-25.2894,-63.2034,597.8234)	(-1.5618,-62.8065,594.6918)	(-15.0894,-23.6106,594.9383)	(-16.2561,-12.0765,586.9818)	(-58.5217,-42.8618,617.0912)	(-31.7057,-42.2829,609.9446)	(8.3118,-41.9490,606.7240)	(34.9261,-44.1996,609.5672)	(-39.2498,26.2191,607.2680)	(-15.2456,17.6389,593.1059)	(8.8789,24.1980,601.9878)	(-15.2846,37.2531,594.1778)	
(-25.2770,-67.3546,597.8064)	(0.5137,-66.9338,594.6650)	(-13.0403,-25.6635,594.8970)	(-16.2649,-14.1140,586.9580)	(-57.3251,-49.1159,615.0590)	(-31.6930,-46.5171,609.9242)	(8.2727,-46.0845,605.7073)	(34.8345,-48.3526,608.5406)	(-37.0334,24.0916,602.2448)	(-15.2334,13.5161,593.0650)	(8.7229,22.0430,599.9737)	(-15.2917,33.0731,593.1565)	
(-26.3044,-69.4302,597.8050)	(0.5657,-69.1168,595.6573)	(-13.0280,-29.7480,593.8918)	(-15.2910,-18.0776,583.9517)	(-57.2664,-51.1652,615.0502)	(-31.6976,-48.7158,610.9168)	(8.2852,-48.1878,605.6986)	(34.9451,-50.5478,609.5368)	(-39.1145,21.9896,602.2478)	(-15.2767,11.4127,590.0707)	(10.6837,21.9708,596.9672)	(-15.3481,30.8181,589.1518)	
(-24.2172,-73.6969,598.7746)	(1.7005,-73.4973,597.6316)	(-14.0424,-33.7535,591.8912)	(-13.3342,-21.9660,579.9248)	(-56.3474,-54.6327,617.0280)	(-32.7316,-52.8684,609.9100)	(9.4584,-52.5583,607.6526)	(33.9902,-52.9262,611.5454)	(-36.9354,17.7076,598.2182)	(-16.3435,6.2653,585.0694)	(10.4635,17.7162,593.9352)	(-16.4103,25.5387,586.1318)	
(-21.0831,-80.9705,598.7276)	(4.8792,-80.8861,598.5754)	(-8.9080,-38.9459,592.8314)	(-11.3048,-27.0540,580.8831)	(-51.8753,-60.6409,612.9817)	(-27.4283,-58.1485,609.8518)	(12.5619,-55.6333,606.6518)	(36.1245,-59.1084,610.5186)	(-34.7841,13.4809,594.1889)	(-12.3108,3.2076,583.0319)	(14.5186,13.5913,591.9216)	(-11.4257,20.3527,581.0926)	
(-18.9937,-85.1223,598.7018)	(5.8723,-84.0016,598.5611)	(-8.8988,-43.1371,593.8240)	(-10.2081,-31.1310,581.8704)	(-51.8689,-62.7684,612.9730)	(-27.4220,-60.2656,609.8474)	(12.6331,-59.9408,607.6106)	(36.1340,-61.2290,611.4886)	(-34.7616,9.3438,593.1760)	(-11.3156,0.1749,583.0000)	(14.3977,9.4540,589.9038)	(-11.4400,18.3067,580.0843)	
(-18.9774,-87.3487,599.6814)	(8.0132,-88.1535,598.5411)	(-7.8295,-45.1927,593.7900)	(-10.2528,-33.0333,579.8572)	(-51.9062,-65.0035,612.9673)	(-25.3002,-62.2723,608.8232)	(12.5839,-61.9566,606.6331)	(36.1276,-63.2505,610.4910)	(-35.7382,7.2654,591.1688)	(-11.3035,-3.8786,582.9778)	(14.2705,7.3855,587.9016)	(-11.4778,17.2390,578.0719)	
(-17.9279,-89.4249,599.6756)	(8.0132,-88.1535,598.5411)	(-7.8233,-47.3328,593.7972)	(-10.2722,-35.0436,579.8434)	(-49.6907,-66.9059,611.9440)	(-25.2939,-64.3860,608.8188)	(12.5934,-64.0634,606.6244)	(36.1371,-65.4702,610.4795)	(-35.7141,5.2074,590.1602)	(-9.3027,-5.8779,581.9586)	(14.2039,7.3751,586.9076)	(-10.5229,13.1851,576.0637)	
(-17.9098,-91.6616,600.6506)	(7.0906,-89.5004,600.5365)	(-7.8141,-49.2282,592.7722)	(-7.3469,-35.8547,576.8350)	(-49.7309,-67.0170,612.9409)	(-25.2876,-66.4997,608.8102)	(14.7601,-64.1549,607.5902)	(38.2619,-65.4638,610.4764)	(-34.6586,4.1768,588.1528)	(-9.3776,-8.8672,579.9450)	(13.1212,5.3308,585.8841)	(-10.5642,11.1544,574.0501)	
(-15.8107,-93.8958,601.6499)	(9.2375,-91.7342,601.5140)	(-7.8689,-53.3510,592.7666)	(-7.2983,-42.0066,578.7984)	(-48.6523,-71.1476,612.9161)	(-25.2817,-68.7277,609.8011)	(14.7727,-68.3753,607.5760)	(38.3652,-67.5939,611.4507)	(-32.5750,2.1376,585.1274)	(-10.3918,-12.8451,577.9291)	(12.9447,1.2627,583.8681)	(-10.6277,7.1386,571.0380)	
(-15.8044,-96.1463,602.6247)	(11.3311,-93.8205,601.5012)	(-5.7776,-55.4922,593.7306)	(-5.2879,-43.9446,577.8016)	(-48.6460,-73.2716,612.9074)	(-24.2161,-70.7206,608.7898)	(16.8808,-68.3784,607.5772)	(40.4966,-68.7588,611.4377)	(-34.5752,-2.9245,584.1273)	(-10.3545,-16.8893,578.9235)	(13.9525,0.2509,582.8504)	(-11.6324,5.1497,570.0286)	
(-15.7891,-96.1463,602.6305)	(12.4367,-95.0213,602.4886)	(-5.7390,-57.6527,594.7259)	(-6.0548,-47.6938,585.7813)	(-48.6108,-73.2716,611.9148)	(-24.2147,-70.7206,609.7850)	(16.8808,-68.3784,607.5788)	(40.4966,-68.7588,611.4377)	(-32.5373,-2.9112,583.1134)	(-10.3545,-16.8580,577.9334)	(13.8918,0.2527,581.8841)	(-9.6228,3.1802,571.0027)	
(-13.6983,-96.1400,602.6232)	(12.4367,-95.0213,602.4844)	(-5.7390,-57.6527,594.7316)	(-5.1116,-46.3522,582.7798)	(-48.5756,-70.9116,610.9166)	(-24.2174,-70.6027,607.7876)	(16.8120,-68.2579,606.5694)	(40.3836,-67.4752,610.4546)	(-32.5373,-2.9112,583.1134)	(-10.3798,-16.8580,577.9238)	(15.9772,0.2570,582.8516)	(-9.6497,3.1769,569.9959)	
(-13.6983,-96.1400,602.6204)	(11.3913,-93.9748,602.4828)	(-5.7714,-57.5540,593.7322)	(-5.1056,-48.3820,583.7640)	(-48.5756,-71.0296,610.9209)	(-24.2174,-70.6027,607.7876)	(16.8120,-68.2579,606.5709)	(40.3772,-65.3581,610.4690)	(-34.5529,-4.9375,583.1190)	(-7.4341,-17.8221,576.8978)	(15.9131,-1.7593,581.8410)	(-8.6900,2.1860,569.9824)	
(-13.6983,-96.1400,602.6376)	(11.5118,-93.9811,602.5088)	(-3.7152,-56.5293,593.7208)	(-5.1056,-47.2779,581.7707)	(-48.5756,-71.0296,610.9209)	(-24.2174,-70.6027,607.7876)	(16.8152,-68.3689,607.5658)	(40.2768,-67.4720,610.4312)	(-32.5312,-4.9315,583.1024)	(-7.4036,-16.8297,576.9240)	(15.9191,-1.7637,581.8606)	(-8.6614,2.1875,569.9973)	
(-11.6422,-92.8511,601.6368)	(11.3249,-91.7310,601.5082)	(-3.7152,-56.5293,593.7322)	(-5.0374,-48.5458,585.7532)	(-48.5756,-71.0296,610.9209)	(-24.2174,-70.6027,607.7876)	(18.9762,-66.2556,607.5583)	(42.5020,-64.4035,611.4214)	(-32.5184,-4.9208,582.1078)	(-7.4036,-16.8550,577.9016)	(15.9191,-1.7623,581.8647)	(-8.6614,2.1875,570.0028)	
(-14.7500,-92.8448,601.6526)	(9.2943,-91.8882,602.5073)	(-3.6793,-56.5293,593.7420)	(-5.0374,-48.5519,585.7588)	(-48.5756,-70.9116,610.9166)	(-23.1728,-68.4925,607.7904)	(16.8057,-66.1511,606.5780)	(40.2768,-65.2492,610.4486)	(-32.5214,-4.9315,582.1092)	(-7.4036,-16.8550,577.9016)	(15.9802,-1.7637,582.8294)	(-8.6614,2.1875,570.0164)	
(-14.7500,-92.8448,601.6570)	(9.2880,-89.6510,601.5342)	(-3.7572,-55.3938,592.7298)	(-5.1116,-46.3553,582.7854)	(-48.5819,-68.7945,610.9296)	(-23.1728,-68.4925,607.7904)	(16.8057,-66.1511,606.5780)	(42.5995,-64.5011,611.4272)	(-32.5312,-4.9315,583.1050)	(-7.3732,-16.8580,577.9112)	(15.9832,-1.7659,582.8392)	(-9.6228,3.1769,570.0150)	
(-14.7670,-92.8448,601.6484)	(9.2313,-89.6447,601.5241)	(-5.7066,-57.6527,594.7416)	(-5.1116,-46.3522,582.7798)	(-48.5819,-68.7945,610.9296)	(-23.1728,-68.4925,607.7904)	(16.8057,-66.1511,606.5796)	(40.3804,-65.3581,610.4546)	(-32.5373,-2.9112,583.1134)	(-7.3732,-16.8580,577.9223)	(15.9832,-1.7659,582.8406)	(-8.6041,2.1907,571.9970)	
(-14.7500,-92.8448,601.6484)	(9.2943,-91.8819,602.4929)	(-3.7572,-55.3969,593.7235)	(-6.0548,-47.5366,584.7859)	(-48.5819,-68.7945,610.9296)	(-23.1728,-68.4925,607.7904)	(16.8057,-66.1511,606.5796)	(40.3804,-65.3581,610.4690)	(-32.5373,-2.9112,583.1134)	(-8.3754,-15.8578,577.9209)	(15.9772,0.2570,582.8670)	(-9.6228,3.1802,570.9958)	
(-14.7500,-92.8448,602.6318)	(9.2313,-89.6447,601.5241)	(-5.7776,-55.3969,592.7567)	(-6.0224,-47.6938,586.7680)	(-48.5819,-68.7945,610.9296)	(-23.1728,-68.4925,607.7904)	(14.7074,-66.1606,606.5912)	(40.3741,-65.3549,610.4588)	(-32.5373,-2.9112,583.1134)	(-8.3467,-15.8608,577.9278)	(15.9802,0.2570,582.8670)	(-9.6228,3.1769,570.0164)	
(-16.8543,-92.8511,601.6600)	(9.2313,-89.6447,601.5269)	(-5.7452,-55.4922,593.7349)	(-5.0435,-46.3583,582.7910)	(-48.5819,-68.7945,610.9296)	(-23.1728,-68.4925,607.7888)	(14.7011,-66.1575,606.5897)	(40.3804,-65.3581,610.4588)	(-32.5373,-2.9112,583.1134)	(-8.3467,-15.8578,577.9320)	(15.9832,0.2570,583.8388)	(-9.6228,3.1802,571.0027)	
(-16.8606,-90.7616,601.6685)	(9.2313,-89.6447,601.5211)	(-5.7452,-55.5875,594.7302)	(-5.1176,-44.2566,581.7998)	(-48.5819,-68.7945,610.9296)	(-23.1791,-66.3824,607.7990)	(16.7995,-64.0444,606.5868)	(40.3772,-65.3581,610.4530)	(-32.5501,-2.9112,584.1107)	(-8.3179,-15.9139,579.9010)	(13.9585,0.2509,582.8698)	(-9.5690,3.1898,573.0052)	
(-16.8606,-90.7616,601.6469)	(8.1232,-87.4145,600.5450)	(-6.6831,-53.6265,595.7652)	(-6.9863,-44.7246,587.7970)	(-49.6442,-66.6838,610.9354)	(-23.1791,-66.3824,607.7990)	(14.6948,-64.0507,606.5984)	(40.2768,-65.3549,610.4444)	(-34.6301,0.0968,587.1306)	(-10.3100,-13.9358,580.9298)	(14.0252,0.2491,583.8681)	(-9.5271,5.1864,575.0104)	
(-15.8415,-88.5232,600.6720)	(8.0589,-86.2198,599.5502)	(-5.6959,-50.6039,596.7660)	(-6.9985,-40.6488,587.8250)	(-47.4284,-64.3450,607.9446)	(-25.2935,-64.2785,607.8135)	(14.6823,-61.9440,605.6150)	(38.1428,-61.0282,610.4676)	(-32.6007,2.1405,587.1276)	(-10.2655,-11.9674,582.9515)	(15.2931,3.3034,589.8589)	(-9.4823,8.2222,577.0322)	
(-16.9094,-83.1711,599.6754)	(5.9239,-84.0047,598.5738)	(-8.9228,-45.2738,594.7953)	(-10.0945,-35.2995,583.8531)	(-49.5955,-58.1180,608.9820)	(-25.3061,-60.0581,607.8366)	(12.5096,-57.6399,605.6366)	(34.8597,-57.7672,610.4966)	(-37.7814,5.2079,591.1675)	(-11.2740,-5.9085,583.9638)	(11.1567,5.3315,587.8905)	(-12.4524,13.2438,579.0526)	
(-19.0123,-78.8852,598.7260)	(4.8232,-78.6800,597.5916)	(-10.9344,-41.0815,593.8339)	(-12.1641,-31.3098,585.8676)	(-53.9128,-58.3253,611.0023)	(-27.4268,-55.8440,607.8656)	(11.3864,-56.2964,602.6488)	(35.0463,-55.7504,610.5316)	(-37.8152,9.3168,592.1887)	(-13.2712,-1.8772,585.9928)	(12.4119,9.4616,590.9050)	(-13.4085,16.3388,582.0720)	
(-23.1725,-76.8186,598.7533)	(0.6271,-76.4870,596.6254)	(-15.0432,-39.0998,594.8790)	(-15.2440,-27.3094,585.8984)	(-56.0945,-54.1809,612.0286)	(-31.6492,-53.7465,607.9005)	(7.1910,-54.2223,604.6762)	(33.7944,-54.6904,608.5392)	(-41.0104,11.4375,596.2152)	(-17.3344,1.1737,587.0360)	(10.4161,11.5241,591.9442)	(-16.4185,21.4430,584.1234)	
(-23.1818,-74.6130,597.7679)	(0.5781,-74.2885,595.6403)	(-15.0555,-34.9694,594.8761)	(-15.2334,-25.2692,586.9064)	(-59.3889,-53.3025,615.0533)	(-32.7033,-52.6914,607.9092)	(7.1910,-52.3060,604.6878)	(34.7522,-52.4949,608.5232)	(-41.0762,13.5502,598.2326)	(-18.3180,2.1955,589.0640)	(8.4635,13.6141,593.9339)	(-18.4077,21.5492,587.1392)	
(-26.2982,-71.5058,597.7778)	(-0.5025,-71.0643,594.6538)	(-16.0483,-32.0382,597.8878)	(-15.1850,-19.3062,589.9660)	(-59.2900,-48.8772,613.0708)	(-31.6541,-48.3894,606.9252)	(8.1083,-48.9007,602.6990)	(34.7333,-48.2682,607.5371)	(-39.1082,19.9002,602.2393)	(-15.2211,9.4119,593.0637)	(10.7495,19.9297,597.9655)	(-15.2958,28.9100,592.1438)	
(-23.2219,-62.9822,595.8128)	(0.4616,-62.6991,593.6882)	(-13.0062,-23.6462,595.9166)	(-16.2263,-12.1157,588.9758)	(-58.2990,-44.7039,613.0824)	(-31.6948,-42.2117,608.9390)	(8.2054,-41.8070,604.7251)	(34.7302,-44.0541,607.5748)	(-37.0532,24.1262,603.2479)	(-15.2066,15.6255,595.0849)	(8.7822,22.1465,601.9691)	(-15.2487,35.3051,596.1668)	
(-25.2885,-63.0928,596.8180)	(0.4586,-62.6960,593.6840)	(-13.0123,-21.5775,595.9208)	(-15.2457,-10.0651,588.9687)	(-56.1294,-42.4987,612.0793)	(-31.6948,-42.2117,608.9390)	(8.2022,-41.8070,604.7251)	(34.8187,-42.0116,608.5868)	(-38.1633,25.2879,606.2518)	(-13.1296,17.7275,596.0777)	(11.0290,24.3562,605.9654)	(-13.1685,37.4403,597.1654)	
(-25.2947,-60.9197,595.8342)	(-1.6073,-60.6404,593.7024)	(-15.0623,-21.6220,596.9520)	(-15.2125,-10.0905,589.9840)	(-58.3658,-40.5168,614.0998)	(-33.8126,-40.1044,608.9652)	(6.1527,-39.7810,605.7448)	(32.6095,-41.9471,607.5892)	(-38.1912,27.3943,607.2651)	(-15.2024,19.7962,596.1160)	(9.9805,26.4497,604.9772)	(-15.2284,39.5700,598.1870)	
(-25.3009,-58.8511,595.8412)	(-1.6135,-58.5787,593.7123)	(-15.0518,-19.5846,597.9418)	(-15.2020,-8.0584,591.0078)	(-60.5522,-40.5911,615.1117)	(-33.7983,-40.0366,607.9712)	(6.1045,-39.7842,604.7453)	(32.5213,-41.8825,606.6016)	(-38.2128,27.4404,608.2611)	(-15.1757,21.9305,598.1174)	(10.1541,26.5326,606.9812)	(-15.1957,39.7007,600.1874)	
(-27.3737,-57.8167,595.8611)	(-3.6732,-56.5231,593.7364)	(-15.0414,-17.5404,598.9372)	(-17.2637,-3.9644,591.0360)	(-60.6737,-38.5856,617.1206)	(-33.8189,-37.9907,608.9812)	(6.1401,-37.6809,605.7534)	(32.6032,-39.8401,607.6022)	(-38.2839,29.6831,611.2707)	(-15.1490,24.0787,600.1148)	(8.1011,28.6779,607.0218)	(-15.1754,44.0040,602.2034)	
(-27.3838,-55.8434,596.8692)	(-3.6793,-54.4675,593.7506)	(-15.0808,-15.4303,597.9458)	(-17.2637,-3.9617,591.0106)	(-60.6737,-38.5856,615.1234)	(-33.8396,-35.9379,609.9882)	(5.1360,-37.4791,605.7635)	(32.7890,-37.8547,609.6254)	(-39.3526,31.8437,611.2924)	(-15.1655,24.0409,599.1276)	(10.2057,29.6863,607.0144)	(-15.1918,43.9333,601.2074)	
(-27.3838,-55.7480,596.8678)	(-3.6824,-56.5231,593.7322)	(-17.1378,-15.4397,597.9630)	(-17.2768,-3.9529,590.0360)	(-60.6737,-38.5856,615.1234)	(-33.8396,-35.9379,609.9824)	(6.0982,-38.5256,604.7539)	(32.6126,-39.8401,607.6138)	(-37.1944,31.7504,609.2744)	(-17.2425,24.0346,599.1420)	(8.0980,28.6330,607.0160)	(-15.1918,43.9333,601.2089)	
(-27.3838,-55.7480,596.8692)	(-3.6824,-56.5231,593.7322)	(-17.1509,-15.4118,597.9530)	(-17.2768,-3.9559,590.0262)	(-60.6737,-38.5856,617.1206)	(-33.8540,-35.9988,610.9748)	(6.1401,-37.6778,605.7534)	(32.6977,-39.9043,608.5970)	(-38.2407,29.5903,609.2744)	(-17.2425,24.0315,599.1306)	(10.2026,28.6842,607.0102)	(-15.1918,43.9333,601.2046)	
(-27.3737,-57.8167,596.8592)	(-3.6793,-56.5231,593.7322)	(-15.0580,-17.5090,597.9474)	(-17.2899,-3.9590,590.0064)	(-60.6737,-38.5856,617.1190)	(-33.8333,-38.0550,609.9678)	(6.1495,-37.6778,605.7534)	(32.6977,-39.9043,608.5868)	(-38.2407,29.5903,609.2744)	(-17.2425,24.0284,599.1206)	(10.1510,28.6393,606.9942)	(-15.2019,41.7832,600.2044)	
(-27.3737,-57.8167,596.8578)	(-3.6763,-56.5231,593.7349)	(-15.0747,-17.4777,596.9518)	(-17.2707,-6.0039,590.0178)	(-58.3722,-38.3859,614.1085)	(-33.8333,-38.0550,609.9796)	(6.1014,-37.6136,605.7504)	(32.7008,-39.9043,608.6072)	(-40.4024,29.6303,611.2824)	(-15.2014,23.9999,598.1189)	(10.2026,29.6366,607.0042)	(-15.2081,41.7739,600.1902)	
(-27.3776,-57.8167,596.8607)	(-3.6763,-56.5262,593.7364)	(-17.1448,-17.4839,596.9748)	(-17.2707,-6.0039,590.0022)	(-60.5522,-40.5911,615.1117)	(-33.8333,-38.0550,609.9796)	(6.1914,-37.7419,606.7528)	(32.7008,-39.9043,608.6072)	(-40.4024,29.6767,611.2868)	(-17.2555,23.9968,598.1332)	(10.1479,26.5326,606.0000)	(-15.2182,41.7129,599.1957)	
(-27.3714,-59.8854,596.8522)	(-3.6670,-58.5910,594.7060)	(-15.0913,-17.4463,595.9478)	(-17.2838,-7.0046,589.0024)	(-56.2434,-38.3795,614.0968)	(-33.8476,-38.1193,610.9692)	(6.1946,-37.7419,606.7528)	(32.7954,-39.9718,609.5963)	(-40.3710,27.5167,610.2778)	(-15.1922,21.8899,597.1146)	(10.1025,26.5326,605.9958)	(-15.2182,41.7129,599.1957)	
(-27.3652,-62.0598,596.8438)	(-1.5741,-60.7412,594.6946)	(-15.1018,-19.5119,595.9350)	(-15.2518,-8.0141,587.9886)	(-58.4135,-42.7191,615.0912)	(-31.7229,-40.2335,610.9488)	(6.2040,-39.8486,606.7442)	(34.9167,-42.0857,609.5818)	(-38.1912,27.4340,607.2651)	(-15.2024,19.7900,596.1146)	(9.9867,26.4497,604.9916)	(-15.2284,39.5700,598.1870)	
(-25.2890,-63.0959,596.8238)	(-1.5741,-60.7443,594.6961)	(-15.0789,-21.5837,595.9564)	(-15.2457,-10.0520,587.9900)	(-58.4135,-42.7191,615.0912)	(-31.7057,-42.2829,609.9388)	(8.2633,-41.8780,605.7260)	(34.8282,-44.1253,608.5680)	(-38.1849,25.3636,607.2564)	(-15.2024,19.7837,596.0976)	(8.8883,24.2740,602.9934)	(-13.1487,37.5007,598.1585)	
(-25.2890,-63.0959,596.8238)	(-1.5649,-62.8034,594.6849)	(-15.0956,-21.5454,594.9425)	(-15.2623,-10.0358,586.9958)	(-58.4072,-44.8535,615.0824)	(-31.7165,-42.3541,610.9386)	(8.2633,-43.9812,605.7128)	(34.7396,-46.1643,607.5806)	(-38.1849,25.3273,607.2522)	(-15.2353,19.7281,594.1144)	(11.0290,24.2802,604.9800)	(-15.2549,37.3738,596.1796)	
(-25.2828,-65.1681,597.8134)	(0.5075,-64.8686,594.6734)	(-13.0464,-23.5627,593.9370)	(-16.2561,-12.0734,586.9762)	(-56.2243,-44.7723,614.0750)	(-31.6993,-44.4000,609.9344)	(8.2727,-43.9812,605.7174)	(32.6252,-46.1675,607.5719)	(-38.1633,25.3241,606.2518)	(-15.2456,17.6389,593.1017)	(10.9129,22.1528,601.9676)	(-13.2218,35.1976,594.1579)	
(-24.2296,-69.5419,598.7932)	(2.6786,-69.2283,596.6437)	(-13.0683,-29.6438,591.9080)	(-13.3060,-18.0054,581.9507)	(-57.3251,-49.1159,615.0590)	(-29.5812,-46.5108,609.9199)	(10.4321,-46.1561,606.6950)	(36.0992,-49.5690,611.5306)	(-37.0073,21.9647,601.2360)	(-13.2707,11.3847,588.0608)	(11.6083,18.8720,595.9716)	(-13.3424,30.7304,588.1388)	
(-21.1021,-76.6824,597.7466)	(2.6972,-76.4839,596.6212)	(-11.9608,-33.9244,594.8532)	(-11.2522,-21.0802,582.9283)	(-53.9726,-54.1745,612.0196)	(-30.6043,-52.7736,608.8972)	(9.3955,-52.3880,605.6756)	(34.9514,-55.7472,610.5097)	(-34.8393,15.6175,597.2008)	(-14.2324,5.2720,590.0258)	(12.5829,15.6851,593.9508)	(-12.3094,24.5843,586.1234)	
(-21.1021,-76.6824,597.7536)	(2.6910,-74.4087,596.6239)	(-10.9292,-34.9570,594.8490)	(-11.1754,-23.2229,585.9080)	(-53.9726,-54.1745,612.0196)	(-30.6043,-52.7736,608.8957)	(9.3955,-52.3880,605.6756)	(33.8908,-54.6936,609.5122)	(-36.9428,15.6559,599.2014)	(-14.2324,5.2684,589.0399)	(13.7487,14.7339,596.9188)	(-14.3449,24.5752,586.1249)	
(-23.1818,-74.6130,597.7679)	(2.6910,-74.4087,596.6224)	(-10.9056,-35.0177,595.8429)	(-11.1754,-23.2229,585.9038)	(-53.9726,-54.1745,612.0168)	(-30.6043,-52.7736,608.8957)	(9.3955,-52.3880,605.6756)	(33.8908,-54.6967,609.5180)	(-34.8393,15.6175,597.1952)	(-14.2141,5.2751,590.0342)	(13.6807,14.7115,595.9233)	(-12.3310,24.5782,586.1178)	
(-23.1818,-74.6130,597.7666)	(2.6910,-74.4087,596.6224)	(-11.9608,-33.8654,593.8734)	(-13.2738,-22.0920,582.9338)	(-55.0335,-53.1125,612.0299)	(-30.6043,-52.7736,608.8972)	(9.3955,-52.3880,606.6734)	(33.8908,-54.6904,609.5122)	(-36.9292,15.6382,598.2124)	(-14.2567,7.3088,589.0342)	(12.5860,15.6882,593.9508)	(-14.3449,24.5690,586.1234)	
(-23.1725,-76.8186,598.7533)	(2.6972,-76.4808,596.6182)	(-10.9292,-34.9570,594.8532)	(-13.2275,-23.1903,584.9250)	(-56.1957,-54.3616,614.0284)	(-30.6043,-52.7736,608.8957)	(9.3924,-52.3880,605.6798)	(33.8939,-54.6999,609.5224)	(-36.9490,15.6559,599.2072)	(-14.2324,5.2751,590.0314)	(12.6430,15.6851,594.9350)	(-14.3449,24.6056,587.1166)	
(-23.1725,-76.8186,598.7533)	(2.6972,-76.4839,596.6239)	(-10.9292,-34.9570,594.8490)	(-13.3000,-22.0920,582.9297)	(-53.9726,-54.1745,612.0168)	(-30.6043,-52.7736,608.8972)	(7.2472,-54.4976,605.6770)	(33.8939,-54.6967,609.5340)	(-34.8556,15.6382,598.1954)	(-14.2324,5.2745,590.0314)	(11.6083,14.7053,594.9406)	(-14.3449,24.6117,587.1193)	
(-21.1083,-74.6068,597.7536)	(2.6910,-74.4087,596.6224)	(-10.9292,-34.9570,594.8490)	(-13.1873,-23.2707,586.9092)	(-53.9726,-54.1745,612.0196)	(-30.6043,-52.7736,608.8957)	(7.2909,-52.3943,605.6930)	(33.8908,-54.6967,609.5180)	(-34.8393,15.6175,597.1980)	(-14.2141,5.2745,590.0314)	(12.5860,15.6851,594.9208)	(-14.3631,23.5612,586.1208)	
(-23.1787,-74.7395,598.7646)	(2.6910,-74.4087,596.6224)	(-11.9608,-33.8654,593.8734)	(-13.2074,-23.2290,585.9136)	(-56.1957,-54.3616,614.0312)	(-30.6043,-52.7736,608.8957)	(9.3453,-52.3880,605.6756)	(33.8908,-54.7820,609.5238)	(-36.9490,15.6621,599.2127)	(-14.2324,5.2690,589.0456)	(11.6083,14.7084,594.9292)	(-14.3449,24.5782,587.1110)	
(-23.1818,-74.6130,598.7504)	(2.6910,-74.4087,596.6224)	(-10.9292,-34.9570,594.8490)	(-13.2074,-23.2290,585.9248)	(-53.9726,-54.1745,612.0196)	(-30.5952,-52.6851,608.8957)	(7.2940,-52.4007,606.6836)	(33.8908,-54.6936,609.5180)	(-34.8393,15.6175,597.1980)	(-14.2324,5.2684,589.0414)	(12.6460,15.7124,594.9392)	(-14.3449,24.5782,587.1166)	
(-23.1818,-74.6130,598.7561)	(2.6910,-74.4087,596.6224)	(-12.9924,-34.9632,594.8604)	(-13.2074,-23.2290,585.9080)	(-55.0335,-53.1125,612.0299)	(-30.6043,-52.7736,608.8972)	(9.3453,-52.3880,605.6756)	(33.8908,-54.6967,609.5180)	(-36.9292,15.6351,598.2096)	(-14.2324,5.2715,589.0554)	(12.6430,15.7124,594.9392)	(-14.3449,24.5721,586.1249)	
