(-24.4761,9.3538,591.1205)	(-63.1727,-20.5659,622.2096)	(-38.2729,-18.1754,617.0796)	(0.9742,-19.9546,608.8562)	(26.4744,-19.9097,610.7074)	(-24.5625,39.2901,594.2432)	
(-24.4761,9.3507,591.1092)	(-63.1727,-20.5659,622.2080)	(-38.2729,-18.1754,617.0796)	(0.9647,-19.9199,608.8531)	(26.3935,-19.9065,610.7015)	(-23.5239,36.2622,594.2333)	
(-24.4770,9.3433,590.1302)	(-63.1727,-20.5659,622.2080)	(-38.2729,-18.1754,617.0796)	(0.9647,-19.9230,608.8546)	(26.3967,-21.9986,609.7052)	(-24.5625,39.2839,594.2375)	
(-24.4770,9.3433,590.1302)	(-63.1727,-20.5659,622.2080)	(-38.2729,-18.1754,617.0796)	(0.9710,-19.9262,608.8531)	(26.3998,-21.9954,609.7052)	(-24.5633,39.2295,593.2514)	
(-24.4770,9.3402,590.1246)	(-63.1116,-20.5309,621.2107)	(-38.2729,-18.1754,617.0796)	(0.9615,-19.9199,608.8473)	(26.3967,-21.9922,609.6950)	(-23.5295,39.2870,594.2234)	
(-24.4761,9.3507,591.1034)	(-63.2403,-18.4389,623.2172)	(-38.2729,-18.1754,617.0796)	(0.9647,-19.9230,608.8562)	(26.4712,-19.9065,610.7030)	(-23.5295,39.2870,594.2304)	
(-24.4761,9.3538,591.1092)	(-63.2338,-20.6009,623.2083)	(-38.2238,-20.2469,615.0708)	(2.0236,-18.8960,608.8414)	(26.3935,-21.9890,609.6934)	(-23.5265,39.2325,593.2400)	
(-22.4312,9.3494,590.1189)	(-60.9522,-22.6796,621.1870)	(-36.0915,-20.2405,615.0590)	(4.1383,-18.8897,608.8312)	(28.5897,-19.9065,610.7015)	(-21.4789,38.2716,593.2244)	
(-21.3898,9.3464,589.1118)	(-60.9522,-22.6796,621.1870)	(-36.0915,-20.2405,615.0590)	(4.1797,-18.9163,609.8250)	(28.5865,-19.9001,610.6913)	(-21.4729,38.3306,594.2190)	
(-21.4021,8.3461,591.0822)	(-60.9522,-22.6796,621.1870)	(-36.0915,-20.2405,615.0590)	(4.1383,-18.8897,608.8312)	(30.7081,-19.8938,610.6780)	(-21.4729,38.2685,593.2244)	
(-21.3837,9.3600,591.0822)	(-58.7386,-22.5961,620.1706)	(-36.0915,-20.2405,615.0575)	(4.1383,-18.8897,608.8312)	(30.7113,-19.8970,610.6898)	(-21.4729,38.2716,594.2132)	
(-21.3960,9.3464,590.0920)	(-60.9522,-22.6796,621.1870)	(-36.0736,-20.2373,615.0560)	(4.1766,-18.8897,608.8328)	(28.5865,-19.9001,610.6898)	(-21.4729,38.2716,593.2300)	
(-21.3898,9.3525,591.0780)	(-60.9522,-22.6796,621.1870)	(-36.0736,-20.2056,615.0560)	(4.1797,-19.9482,609.8410)	(28.5865,-19.9065,610.6956)	(-21.4729,38.2716,594.2105)	
(-21.3868,11.4315,592.1006)	(-60.9010,-20.4894,620.1958)	(-36.0557,-20.1706,613.0666)	(4.1383,-18.8897,608.8312)	(28.4990,-19.8656,609.6904)	(-21.4550,38.4577,596.2351)	
(-15.1736,15.6735,597.0892)	(-58.7100,-16.1514,618.2039)	(-32.8549,-14.7866,612.0602)	(7.3333,-14.6135,608.8440)	(33.8794,-16.7065,610.6896)	(-16.2191,45.0425,602.2049)	
(-9.0624,21.8147,594.0944)	(-54.3296,-13.9410,617.1860)	(-28.6280,-11.5784,610.0470)	(11.5569,-11.4448,608.8105)	(35.9884,-13.5193,610.6661)	(-8.9681,51.3328,602.1944)	
(-2.7780,24.9655,595.0416)	(-44.5540,-11.6894,612.1408)	(-22.2920,-9.4071,608.0208)	(20.0842,-9.3323,609.7938)	(42.4505,-9.3075,611.6653)	(-1.6420,55.4501,601.1925)	
(4.1133,26.8245,590.0388)	(-42.3943,-12.6947,611.1247)	(-15.9348,-11.5097,610.9794)	(24.4853,-8.2937,612.7836)	(48.8062,-9.3872,620.6412)	(2.3958,55.2799,599.1676)	
(1.0597,21.7453,590.0178)	(-43.4535,-13.7614,611.1262)	(-19.0945,-10.5073,609.9842)	(22.2829,-9.3433,611.7694)	(47.5122,-12.6095,618.6266)	(0.2890,51.0326,598.1519)	
(-1.1050,19.5855,588.0237)	(-47.8382,-13.8725,615.1502)	(-22.2676,-11.5949,611.0059)	(18.0454,-11.4801,611.7916)	(43.2168,-12.6192,618.6444)	(-3.9578,47.6799,595.1574)	
(-3.0911,15.5393,590.0096)	(-49.9577,-18.1477,615.1416)	(-23.3219,-15.8214,611.0120)	(15.8758,-16.7607,610.7864)	(40.6671,-18.9128,614.6576)	(-6.0056,44.5727,595.1490)	
(-5.0534,13.4914,590.0182)	(-47.7885,-18.1098,614.1326)	(-23.3219,-15.8214,612.0030)	(15.8758,-16.7607,610.7936)	(39.5978,-17.8720,616.6547)	(-5.9994,42.5044,595.1306)	
(-7.1296,13.4647,589.0354)	(-49.9513,-20.2821,615.1358)	(-25.4346,-17.9798,612.0076)	(14.8229,-17.8274,610.7879)	(38.5253,-18.9160,614.6547)	(-8.0626,42.4951,595.1378)	
(-7.0629,11.4545,591.0154)	(-49.9109,-20.2472,614.1356)	(-25.4346,-17.9798,612.0076)	(12.6950,-17.8337,610.7981)	(38.4318,-20.9776,614.6298)	(-7.0612,41.4014,594.1533)	
(-9.1391,11.4312,590.0268)	(-52.1776,-18.2172,617.1537)	(-27.5565,-17.9862,612.0238)	(12.6918,-17.8337,610.7966)	(38.5380,-16.8731,614.6547)	(-9.1476,41.3280,593.1687)	
(-9.1391,11.4312,590.0324)	(-52.1712,-20.3585,617.1450)	(-27.5565,-17.9862,612.0178)	(12.6950,-17.8305,610.7938)	(36.2066,-20.9808,613.6687)	(-11.1806,41.3859,594.1634)	
(-9.1391,11.4312,590.0324)	(-52.0836,-20.2886,615.1476)	(-27.5502,-20.1102,612.0091)	(12.6397,-19.9196,609.7899)	(36.1133,-20.9477,612.6635)	(-9.1476,41.3280,593.1546)	
(-9.1659,11.4141,589.0496)	(-52.0931,-18.1542,615.1606)	(-27.5565,-17.9862,612.0178)	(12.6429,-17.8025,609.8060)	(36.2066,-18.8599,613.6759)	(-11.2038,41.3218,593.1717)	
(-9.1391,11.4312,590.0268)	(-52.1712,-20.3585,617.1450)	(-27.5461,-20.0753,611.0180)	(12.6461,-19.9196,609.7914)	(36.2097,-20.9840,613.6731)	(-11.2038,41.3280,593.1872)	
(-11.2084,11.4110,589.0552)	(-52.1712,-20.3585,617.1450)	(-27.5565,-17.9862,612.0224)	(12.6397,-17.8025,609.8044)	(36.3062,-20.9840,614.6504)	(-11.1806,41.3890,594.1662)	
(-11.1850,11.4250,590.0438)	(-54.3577,-20.4000,618.1598)	(-29.6721,-20.1166,612.0238)	(10.5247,-19.9260,609.7986)	(35.1407,-19.9533,612.6548)	(-11.1744,39.3273,594.1535)	
(-11.2084,11.4110,589.0650)	(-54.3577,-20.4000,618.1569)	(-29.6721,-20.1166,612.0238)	(10.5215,-17.8089,609.8103)	(36.3994,-19.0145,614.6416)	(-11.1744,39.3273,594.1676)	
(-11.2084,11.4281,590.0438)	(-54.3577,-20.4000,618.1598)	(-29.6721,-20.1166,612.0238)	(10.5279,-19.9260,609.8001)	(36.2097,-18.9552,612.6548)	(-11.1806,41.3890,594.1719)	
(-11.1850,11.4360,591.0382)	(-54.3577,-20.4000,618.1569)	(-29.6721,-20.1166,612.0165)	(10.4729,-19.8913,608.8078)	(36.3030,-18.9520,613.6380)	(-11.1511,39.3880,595.1480)	
(-11.2084,11.4220,590.0396)	(-54.3577,-20.4000,617.1625)	(-29.6860,-18.0240,613.0310)	(10.5215,-17.8089,609.8118)	(35.1439,-19.9565,612.6753)	(-11.1744,39.3273,594.1692)	
(-11.2084,11.4220,590.0396)	(-54.3104,-20.3650,617.1596)	(-29.6721,-20.1166,612.0224)	(10.4761,-19.8913,608.8050)	(35.1503,-19.9597,612.6709)	(-13.2403,41.3890,594.1989)	
(-11.1850,11.4250,590.0495)	(-54.3168,-18.2236,617.1712)	(-27.5565,-17.9862,612.0208)	(10.5215,-17.8089,609.8103)	(35.2322,-17.8569,613.6628)	(-11.1806,41.3890,594.1646)	
(-11.2084,11.4220,590.0396)	(-54.3104,-20.3650,617.1596)	(-29.6784,-17.9926,612.0326)	(10.5215,-17.8089,609.8103)	(35.1407,-19.9533,612.6446)	(-13.2143,39.3849,595.1651)	
(-11.2084,11.4189,590.0382)	(-54.3104,-20.3650,617.1596)	(-29.6860,-18.0240,613.0326)	(10.5152,-17.8089,609.8029)	(35.1439,-19.9533,612.6548)	(-11.1511,39.3880,595.1438)	
(-11.1850,11.4250,590.0438)	(-54.3104,-20.3650,617.1596)	(-29.6784,-17.9926,612.0326)	(10.5215,-19.9260,609.8016)	(36.2129,-20.9840,613.6672)	(-11.1744,39.3273,594.1634)	
(-11.2084,11.4110,589.0650)	(-54.3104,-20.3650,617.1596)	(-29.6860,-18.0240,612.0340)	(10.5247,-17.8089,609.8118)	(35.1376,-19.9501,612.6490)	(-11.1806,41.3890,594.1620)	
(-11.1850,11.4250,590.0495)	(-54.3104,-20.3650,617.1625)	(-29.6860,-18.0240,613.0310)	(10.5733,-17.8401,610.8068)	(36.2097,-20.9840,614.6416)	(-13.2403,41.3828,594.1833)	
(-11.2084,11.4079,589.0496)	(-54.3136,-20.4000,617.1640)	(-29.6860,-18.0240,613.0295)	(10.5247,-17.8089,609.8134)	(36.1133,-18.9520,612.6386)	(-13.2403,41.3828,594.1848)	
(-11.2084,11.4189,590.0382)	(-54.3104,-20.3650,617.1596)	(-29.6860,-18.0240,613.0326)	(10.5247,-17.8089,609.8118)	(35.1471,-19.9565,612.6563)	(-13.2403,41.3890,594.1932)	
(-11.2084,11.4110,589.0552)	(-54.3104,-20.3650,617.1596)	(-29.6860,-18.0240,613.0310)	(10.5215,-17.8089,609.8103)	(35.1503,-19.9597,612.6753)	(-13.2403,41.3828,594.1734)	
(-11.1850,11.4250,590.0495)	(-54.3104,-20.3650,617.1596)	(-29.6860,-18.0240,613.0295)	(10.5184,-17.8089,609.8029)	(35.1376,-19.9533,611.6861)	(-13.2403,41.3828,594.1890)	
(-11.1850,11.4250,590.0438)	(-54.3104,-20.3650,617.1596)	(-29.6860,-17.9958,612.0400)	(10.5215,-17.8089,609.8103)	(35.1439,-19.9533,612.6592)	(-13.2205,41.4439,594.2031)	
(-13.2109,11.4298,591.0453)	(-54.3168,-18.2236,617.1712)	(-29.6860,-18.0240,612.0356)	(10.5215,-17.8089,609.8103)	(35.2354,-17.8601,613.6731)	(-13.2403,41.3828,594.1848)	
(-11.2084,11.4189,590.0382)	(-54.3104,-20.3650,617.1596)	(-29.6860,-17.9958,612.0400)	(10.5215,-17.8089,609.8088)	(36.2129,-18.9520,613.6380)	(-13.2403,41.3828,594.1833)	
(-13.2308,11.4250,590.0608)	(-54.3104,-20.3650,617.1568)	(-29.6860,-18.0240,613.0326)	(10.4697,-17.7777,608.8106)	(35.1376,-17.8848,612.6942)	(-13.2403,41.3828,594.1818)	
(-17.3226,10.3918,590.0778)	(-56.5511,-20.4414,619.1718)	(-31.8050,-20.1579,613.0356)	(8.4002,-17.8152,609.8146)	(33.0154,-17.8386,612.6958)	(-17.3535,39.3087,594.2060)	
(-19.3685,10.3826,590.0906)	(-58.6908,-22.5961,619.1748)	(-33.9448,-20.1992,614.0457)	(6.2435,-19.9040,608.8254)	(30.7959,-19.9283,611.6687)	(-19.4132,38.3399,594.2232)	
(-21.3990,9.3464,590.0962)	(-60.9586,-20.5244,621.1959)	(-36.0736,-20.2056,614.0590)	(4.1703,-16.7726,608.8414)	(29.9038,-15.7175,612.6914)	(-21.4789,38.2716,593.2160)	
(-21.3990,9.3433,590.0906)	(-60.8881,-24.7928,620.1752)	(-36.0736,-20.2056,614.0590)	(4.1703,-16.8021,608.8399)	(28.5897,-17.7891,610.7204)	(-22.5174,39.2295,593.2202)	
(-22.4312,9.3433,590.1090)	(-58.6908,-22.5961,619.1778)	(-36.0915,-20.2405,615.0575)	(4.1766,-17.8311,609.8454)	(27.6035,-16.7320,611.7022)	(-24.5633,39.2295,593.2570)	
(-22.4312,9.3433,590.1132)	(-58.6844,-24.7444,619.1632)	(-36.0494,-22.2981,613.0578)	(4.1703,-16.8053,608.8430)	(29.7318,-15.6899,611.6979)	(-24.5625,39.2839,594.2234)	
(-21.3898,9.3525,591.0822)	(-58.6844,-24.7444,619.1661)	(-36.0494,-22.2981,613.0534)	(4.1734,-18.8472,609.8454)	(29.8146,-16.7487,611.7226)	(-23.5295,39.2870,594.2318)	
(-21.3990,9.3569,590.1118)	(-58.6844,-24.7444,619.1661)	(-36.0494,-22.2981,613.0578)	(4.1797,-17.8216,609.8410)	(30.7991,-17.8075,611.6920)	(-23.5239,39.2901,594.2162)	
(-21.3929,9.3600,591.1076)	(-58.7450,-22.6346,620.1750)	(-33.9448,-20.1992,614.0472)	(4.2180,-17.8624,610.8435)	(29.8146,-16.7717,612.7002)	(-23.5326,38.2654,594.2375)	
(-19.3654,11.3974,590.0891)	(-58.7386,-24.7863,620.1662)	(-33.9384,-22.3301,614.0312)	(6.2467,-17.7904,608.8356)	(30.8022,-17.8171,611.7080)	(-23.5295,39.2870,594.2318)	
(-19.3654,11.3864,589.0835)	(-58.6844,-24.7444,619.1661)	(-33.9593,-20.2340,614.0457)	(6.2884,-17.8216,609.8322)	(30.7896,-17.8043,610.7188)	(-21.4729,38.2716,594.2190)	
(-19.3528,8.3492,591.0822)	(-58.7514,-20.4829,620.1838)	(-33.9448,-20.1992,614.0457)	(4.1797,-17.8624,609.8454)	(29.8146,-16.7519,612.6958)	(-21.4729,38.3337,594.2346)	
(-19.3528,8.3523,591.0864)	(-58.7450,-22.6346,620.1750)	(-36.0736,-20.2056,614.0606)	(6.2852,-17.8216,609.8307)	(30.8022,-17.8139,611.7038)	(-21.4729,38.2716,594.2190)	
(-20.4180,11.3772,589.0849)	(-58.6908,-22.5961,619.1748)	(-36.0736,-20.2056,614.0606)	(6.2467,-17.7904,608.8356)	(30.7991,-17.8139,611.7038)	(-21.4791,40.3334,594.2289)	
(-19.3528,8.3611,592.0766)	(-58.6908,-22.5961,620.1722)	(-33.9448,-20.1992,613.0502)	(4.1351,-18.8472,608.8473)	(30.7991,-17.8139,611.7080)	(-21.4729,38.3337,595.2008)	
(-20.4210,11.3864,589.0948)	(-58.6908,-22.5961,619.1748)	(-33.9304,-20.1642,613.0458)	(4.1703,-16.7726,608.8399)	(30.8022,-17.8171,611.7140)	(-22.5132,39.2325,593.2357)	
(-21.4021,11.3943,590.0962)	(-58.6908,-22.5961,619.1778)	(-33.9448,-20.1992,613.0502)	(4.1829,-17.8624,609.8454)	(30.7991,-17.8139,611.7080)	(-22.5132,39.2356,593.2456)	
(-21.3960,11.3974,590.1061)	(-58.6908,-22.5961,619.1748)	(-36.0736,-20.2056,614.0590)	(4.1351,-18.8472,608.8473)	(30.7991,-17.8171,611.7096)	(-23.5265,39.2870,594.2219)	
(-19.3685,10.3826,590.0906)	(-58.6908,-22.5961,619.1778)	(-36.0557,-20.2024,614.0575)	(4.1703,-18.8472,609.8438)	(30.8022,-17.8139,611.6994)	(-21.4729,38.2716,594.2162)	
(-19.3654,11.3864,590.0849)	(-60.9522,-22.6796,620.1885)	(-36.0557,-20.2024,614.0575)	(4.1734,-17.8624,609.8454)	(30.8022,-17.8171,611.7080)	(-21.4729,38.2716,594.2204)	
(-19.3685,10.3980,591.0808)	(-58.7514,-20.4829,620.1810)	(-33.9656,-18.0996,615.0544)	(6.2852,-17.8216,608.8356)	(29.7318,-16.7519,612.6856)	(-21.4729,38.2716,594.2120)	
(-21.3898,11.4004,590.1004)	(-58.6908,-22.5961,619.1778)	(-33.9304,-20.1642,613.0474)	(6.2884,-17.8216,609.8279)	(33.0122,-17.8386,612.6958)	(-21.4729,38.2716,593.2342)	
(-21.3898,11.4144,591.1104)	(-58.6908,-22.5961,619.1748)	(-36.0736,-20.2056,614.0532)	(4.2180,-17.8624,610.8435)	(30.8022,-17.8139,611.7080)	(-23.5332,41.4160,595.2306)	
(-19.3493,10.4316,592.0949)	(-56.5004,-20.4064,618.1745)	(-33.9512,-18.0682,614.0529)	(5.2772,-16.7630,609.8438)	(32.0358,-16.7979,613.7038)	(-24.5724,43.6225,596.2635)	
(-19.3746,12.4589,591.0877)	(-58.6908,-22.5961,619.1748)	(-33.9304,-20.1642,613.0443)	(6.2916,-17.8216,609.8322)	(33.0122,-17.8354,612.6856)	(-19.4315,47.7016,595.2516)	
(-17.3418,12.4432,590.0820)	(-56.4940,-22.5512,618.1628)	(-33.9448,-20.1992,613.0488)	(6.2884,-17.8216,609.8337)	(33.0154,-17.8386,612.7016)	(-19.4377,49.6986,595.2558)	
(-17.3287,12.4555,591.0764)	(-56.5004,-20.4064,618.1745)	(-33.9512,-18.0682,614.0544)	(6.2435,-17.7904,608.8371)	(33.0090,-17.8322,612.6650)	(-19.4315,47.6334,595.2431)	
(-17.3287,12.4432,590.0876)	(-58.7514,-20.4829,620.1838)	(-33.9304,-20.1642,613.0458)	(6.2467,-17.7904,608.8356)	(30.8022,-17.8139,611.7080)	(-19.4409,47.6271,594.2555)	
(-17.3287,12.4494,590.0805)	(-58.6908,-22.5961,619.1748)	(-33.9448,-20.1992,613.0458)	(6.2916,-17.8216,609.8352)	(33.0090,-17.8322,612.6753)	(-18.3907,46.5249,594.2257)	
(-17.3287,12.4432,590.0820)	(-58.6908,-22.5961,619.1748)	(-33.9448,-20.1706,613.0591)	(6.2852,-17.8216,608.8356)	(32.9210,-19.9283,611.6774)	(-18.4018,46.5249,594.2329)	
(-17.3226,11.4035,590.0891)	(-58.7514,-20.4829,620.1838)	(-33.9512,-18.0682,614.0544)	(6.2884,-17.8216,609.8337)	(32.1253,-16.8043,614.6812)	(-16.3360,44.4693,594.2058)	
(-17.3226,11.4035,591.0736)	(-58.6908,-22.5961,620.1722)	(-33.9448,-20.1992,614.0457)	(6.2467,-17.7904,609.8307)	(30.8022,-17.8171,611.7080)	(-17.3818,43.3677,594.2004)	
(-17.3226,11.4035,591.0680)	(-58.6908,-22.5961,619.1748)	(-33.9304,-20.1642,613.0458)	(6.2916,-17.8216,609.8322)	(33.0090,-17.8322,612.6694)	(-17.3818,43.3646,594.1989)	
(-17.3226,11.4035,590.0891)	(-58.6908,-22.5961,619.1748)	(-33.9448,-20.1992,614.0442)	(8.3582,-17.7840,609.8146)	(35.1439,-17.8633,613.6790)	(-17.3726,41.2970,593.1944)	
(-17.3226,10.3888,590.0680)	(-58.6908,-22.5961,619.1748)	(-33.9448,-20.1992,614.0442)	(6.2467,-17.7904,608.8356)	(32.9273,-19.9315,611.6833)	(-17.3535,39.3025,594.1778)	
(-17.3226,10.3918,590.0793)	(-58.6908,-22.5961,620.1722)	(-33.9448,-20.1992,614.0398)	(6.2884,-17.8216,609.8337)	(32.9305,-19.9315,611.6892)	(-17.3535,39.3087,594.2060)	
(-17.3226,11.4035,591.0680)	(-58.7450,-22.6346,620.1750)	(-33.9448,-20.1992,614.0398)	(6.2884,-17.8216,609.8337)	(32.9241,-19.9315,611.6818)	(-17.3535,39.3087,594.1976)	
(-17.3226,10.3888,590.0778)	(-58.7450,-22.6346,620.1750)	(-33.9448,-20.1992,614.0457)	(8.4002,-17.8152,609.8162)	(32.9305,-19.9315,611.6892)	(-17.3406,39.3663,594.2132)	
(-17.3226,10.3918,590.0793)	(-58.7450,-22.6346,620.1750)	(-33.9448,-20.1992,614.0442)	(6.2435,-17.7904,608.8356)	(33.0154,-17.8386,612.6972)	(-17.3535,39.3087,594.2060)	
(-17.3226,10.3918,590.0722)	(-58.6908,-22.5961,619.1748)	(-33.9593,-20.2056,614.0547)	(6.2852,-17.8216,609.8322)	(32.9241,-19.9283,611.6774)	(-17.3535,39.3087,594.2075)	
(-17.3226,10.4041,590.0778)	(-56.5447,-22.5897,619.1630)	(-33.9448,-20.1992,614.0398)	(6.2852,-17.8216,609.8279)	(32.9273,-19.9315,611.6833)	(-19.4132,38.3399,594.2147)	
(-17.3226,10.3918,590.0793)	(-58.7450,-22.6346,619.1778)	(-33.9448,-20.1706,613.0504)	(6.2852,-17.8216,609.8322)	(33.0122,-17.8354,612.6812)	(-19.4132,38.3399,595.1936)	
(-17.3356,10.3918,590.0736)	(-58.7514,-20.4829,620.1838)	(-33.9512,-18.0682,614.0544)	(6.2852,-17.8216,609.8307)	(32.0326,-16.7717,613.6774)	(-17.3406,39.3663,595.1780)	
(-17.3096,11.4127,591.0680)	(-56.4940,-22.5512,618.1657)	(-33.9448,-20.1992,613.0504)	(6.2916,-17.8216,609.8337)	(30.8805,-17.8354,611.7183)	(-19.4132,39.2994,594.2232)	
(-17.3226,11.4035,591.0680)	(-56.4940,-22.5512,618.1628)	(-33.9448,-20.1992,613.0502)	(6.2884,-17.8216,609.8264)	(33.1002,-17.8633,613.6746)	(-19.4132,39.2994,595.1936)	
(-17.3096,11.4035,591.0778)	(-56.4940,-22.5512,619.1601)	(-33.9304,-20.1642,613.0458)	(6.2947,-17.8216,609.8337)	(33.0154,-17.8354,612.6856)	(-19.4132,39.3025,595.1894)	
(-17.3226,11.3956,590.0778)	(-56.4940,-22.5512,618.1628)	(-31.8050,-20.1579,612.0371)	(6.2884,-17.8216,609.8322)	(33.0122,-17.8290,612.6753)	(-17.3535,39.3149,594.2075)	
(-17.3226,11.4035,590.0891)	(-56.4940,-22.5512,618.1628)	(-31.8113,-18.0304,613.0443)	(8.4066,-17.8152,609.8205)	(33.0090,-17.8290,612.6694)	(-17.3535,39.3087,594.2060)	
(-17.3226,10.4041,590.0834)	(-56.4432,-22.5127,618.1613)	(-31.8050,-20.1579,612.0371)	(8.3551,-17.7840,608.8254)	(33.1034,-17.8633,613.6746)	(-17.3535,39.3087,594.2018)	
(-19.3685,10.3887,590.0906)	(-58.6908,-22.5961,619.1748)	(-33.9448,-20.1706,613.0458)	(6.2852,-17.8216,608.8371)	(30.7959,-17.8107,611.6920)	(-19.4132,38.2778,594.2033)	
(-21.4021,11.3943,589.1159)	(-60.9010,-20.4894,620.1958)	(-36.0736,-20.2056,614.0590)	(6.2404,-17.7904,608.8312)	(29.8146,-15.7111,611.7124)	(-21.4789,38.2716,593.2286)	
(-22.4373,11.3974,590.1272)	(-60.9010,-20.4894,620.1958)	(-36.0800,-18.0746,614.0678)	(1.0403,-16.7789,610.8596)	(27.6067,-16.7320,611.7183)	(-23.5265,39.2295,593.2456)	
(-21.4021,11.3943,590.1061)	(-60.9010,-20.4894,620.1958)	(-36.0736,-20.2056,614.0575)	(4.1351,-18.8472,608.8458)	(29.7349,-16.7519,612.6899)	(-23.5239,39.2901,594.2204)	
(-21.4052,11.3974,590.1004)	(-60.8945,-22.6411,620.1870)	(-36.0736,-20.2056,614.0590)	(4.1703,-16.8053,608.8414)	(29.8146,-15.7111,611.7124)	(-23.5295,39.2870,594.2204)	
(-21.4052,11.4082,591.1005)	(-58.6972,-20.4479,619.1836)	(-36.0800,-18.0746,614.0678)	(3.1556,-17.7904,609.8556)	(27.6035,-14.6310,611.7388)	(-24.5625,39.2870,594.2290)	
(-22.4403,11.4082,591.0963)	(-60.8945,-22.6411,620.1841)	(-36.0557,-20.1706,613.0666)	(3.1191,-14.6555,608.8427)	(27.5972,-13.5512,610.7290)	(-24.5686,41.3519,594.2616)	
(-22.4447,11.3912,590.1118)	(-58.6430,-20.4129,618.1864)	(-33.9512,-18.0682,613.0635)	(0.9978,-15.6830,609.8760)	(28.5739,-12.4845,610.7362)	(-24.5748,43.4105,594.2460)	
(-20.4271,13.4217,589.1088)	(-56.4432,-22.5127,617.1627)	(-33.9367,-18.0368,613.0532)	(0.9978,-15.6830,609.8760)	(26.2811,-11.3715,609.7325)	(-24.5686,41.3488,594.2318)	
(-20.4271,13.4217,589.1088)	(-58.6844,-24.7444,619.1661)	(-33.9448,-20.1992,614.0442)	(5.2709,-14.6459,609.8526)	(30.8614,-10.3956,612.7074)	(-24.5686,41.3488,594.2502)	
(-21.3960,13.5068,594.1248)	(-58.6302,-24.7024,618.1660)	(-33.9159,-20.1008,611.0548)	(5.2278,-16.7335,609.8350)	(30.6891,-12.4813,610.7289)	(-23.5312,40.5798,597.2369)	
(-17.2307,15.7006,598.1148)	(-56.3482,-20.3014,615.1712)	(-31.7736,-15.7910,609.0590)	(7.2741,-12.4773,607.8604)	(35.1058,-8.2521,612.6968)	(-20.4015,44.9607,601.2320)	
(-7.9116,27.1844,600.0916)	(-49.7217,-15.8450,609.1552)	(-26.4867,-12.4650,603.0414)	(14.4632,-8.2003,604.8438)	(37.1204,-6.1037,611.6988)	(-8.9304,57.6943,603.2262)	
(6.3980,35.3134,595.0454)	(-39.1398,-8.3836,607.1242)	(-13.9120,-5.1307,606.9943)	(26.7468,0.2256,614.7822)	(50.9335,-0.7879,620.6750)	(1.5895,65.0603,605.1972)	
(12.5813,35.4460,596.0210)	(-34.9373,-10.4970,608.0966)	(-9.6309,-6.2129,608.9752)	(30.8456,-1.8992,614.7734)	(53.2216,-2.9363,622.6322)	(5.8927,65.4914,607.1758)	
(8.3551,33.1473,593.0440)	(-37.0588,-13.6592,610.0954)	(-11.7020,-6.2438,610.9792)	(29.0635,-1.9128,616.7724)	(51.1839,-2.9496,624.6367)	(3.6903,63.1744,605.1770)	
(6.2119,26.8799,591.0246)	(-38.1082,-16.8308,609.0910)	(-13.8110,-10.4913,610.9736)	(26.6884,-6.1655,613.7667)	(48.9216,-7.2527,624.6264)	(0.2735,55.1838,598.1590)	
(-0.0418,18.6035,588.0096)	(-43.4345,-20.1231,611.1001)	(-18.0403,-14.7484,609.9712)	(20.1642,-11.4705,611.7666)	(47.6290,-10.5403,622.6386)	(-5.0138,45.6147,594.1546)	
(-1.9067,15.5486,590.0210)	(-45.5466,-22.2501,611.1032)	(-21.2096,-17.8666,608.9758)	(16.9972,-17.8146,612.7692)	(41.7237,-14.7125,616.6385)	(-5.9706,42.5766,596.1421)	
(2.1010,14.5878,590.9826)	(-43.4345,-20.1231,611.1001)	(-18.0340,-18.9138,609.9683)	(21.3822,-14.6793,613.7538)	(47.7426,-12.6543,620.6103)	(-2.9108,43.6264,595.1376)	
(0.0128,14.5369,589.9927)	(-45.5800,-22.2885,612.1032)	(-19.0886,-20.0214,609.9655)	(19.1191,-17.8082,612.7530)	(44.0793,-14.7384,618.6134)	(-4.9740,43.5494,595.1391)	
(0.0128,14.5369,589.9927)	(-43.4281,-22.2437,611.0914)	(-20.1442,-18.9533,609.9800)	(19.1254,-17.8362,612.7530)	(44.1878,-14.7416,618.6384)	(-4.9342,41.5515,596.1264)	
(0.0551,14.5593,589.9998)	(-43.4281,-22.2437,611.0914)	(-20.1395,-18.9533,610.9798)	(19.1222,-17.8114,611.7668)	(44.2962,-14.7642,619.6230)	(-4.9342,41.5515,596.1264)	
(-1.0959,15.5276,589.0098)	(-45.5466,-22.2501,611.1032)	(-20.1442,-18.9533,609.9844)	(17.0003,-17.8178,611.7814)	(41.7301,-16.8571,616.6385)	(-4.9342,41.5515,595.1462)	
(0.0128,14.5369,589.9900)	(-43.4345,-20.1231,611.1001)	(-20.1427,-18.9533,609.9816)	(19.1846,-15.7122,612.7736)	(44.1910,-14.7642,619.6126)	(-4.9342,41.5515,596.1307)	
(0.0128,14.5369,589.9927)	(-43.4281,-22.2437,611.0914)	(-20.1364,-21.0307,609.9683)	(19.1878,-17.8114,612.7589)	(41.9433,-16.8635,617.6275)	(-4.9342,41.5515,596.1307)	
(0.0128,14.5593,589.9942)	(-45.5800,-22.2885,612.1032)	(-20.1427,-18.9170,609.9770)	(19.1878,-17.8146,612.7589)	(44.1974,-16.9125,619.6038)	(-4.9342,41.5515,596.1322)	
(0.0128,14.5369,589.9927)	(-45.5466,-22.2501,611.1032)	(-20.1427,-18.9533,609.9859)	(19.1878,-17.8114,612.7692)	(44.1878,-16.8832,618.6045)	(-2.8676,41.5578,596.1192)	
(0.0128,14.5369,589.9927)	(-43.4281,-22.2437,611.0914)	(-20.1427,-18.9170,609.9785)	(19.1910,-17.8362,612.7648)	(44.1974,-16.9125,619.6038)	(-2.8676,41.5578,596.1136)	
(0.0551,14.5593,590.0040)	(-43.3982,-22.2053,610.0914)	(-19.0949,-17.8697,608.9802)	(19.1878,-17.8114,612.7589)	(44.0793,-16.8538,617.6112)	(-2.8305,41.6251,596.1307)	
(0.0128,14.5369,589.9884)	(-43.4345,-20.1231,611.1001)	(-20.1473,-16.8362,610.9870)	(19.1878,-15.7122,612.7750)	(45.3629,-12.6160,618.6428)	(-4.9006,41.6188,597.1266)	
(0.0551,14.5593,590.0096)	(-43.4281,-22.2437,611.0914)	(-20.1427,-18.9202,609.9816)	(19.1878,-17.8362,612.7633)	(41.9401,-14.7222,617.6303)	(-4.9342,41.5515,596.1208)	
(-0.0296,14.5369,588.9943)	(-43.4281,-22.2437,611.0914)	(-20.1458,-18.9533,609.9785)	(19.1910,-17.8114,612.7648)	(44.1846,-14.7869,618.6384)	(-2.8738,43.6264,596.1178)	
(0.0582,15.5276,587.9972)	(-43.4281,-22.2437,611.0914)	(-20.1410,-17.8947,609.9742)	(19.1910,-14.7053,611.7610)	(44.0793,-13.6901,617.6303)	(-4.9342,41.5515,595.1348)	
(0.0551,14.5593,590.9884)	(-43.4281,-22.2437,611.0914)	(-20.1427,-18.9533,609.9816)	(19.2534,-15.7399,613.7671)	(44.1846,-14.7384,618.6340)	(-4.9342,41.6188,596.1421)	
(0.0551,14.5593,589.0083)	(-43.4281,-22.2437,611.0914)	(-19.0915,-17.8979,609.9712)	(19.2566,-12.5808,612.7574)	(44.2962,-13.6934,617.6510)	(-4.9342,41.5515,595.1391)	
(0.0551,14.5593,590.9884)	(-43.4281,-22.2437,611.0914)	(-19.0949,-17.9043,609.9757)	(19.2534,-15.7186,613.7715)	(44.1814,-14.7384,618.6134)	(-4.9342,41.6188,596.1379)	
(0.0551,14.5593,590.0096)	(-43.4281,-22.2437,611.0914)	(-19.0947,-17.9011,609.9742)	(19.1846,-15.7122,613.7656)	(44.2930,-14.7642,619.6126)	(-2.8676,41.6251,597.1094)	
(0.0551,14.5593,590.0096)	(-43.4281,-22.2437,611.0914)	(-20.1427,-18.9533,609.9816)	(19.2566,-15.7399,613.7790)	(44.2930,-14.7642,619.6126)	(-4.9342,41.5515,596.1307)	
(0.0551,14.5593,590.0040)	(-43.4281,-22.2437,611.0914)	(-19.0915,-17.9043,609.9757)	(19.1846,-15.7122,612.7794)	(44.0793,-14.7189,617.6244)	(-4.9006,41.6157,596.1421)	
(0.0551,14.5593,590.0040)	(-43.4281,-22.2437,611.0914)	(-19.0915,-17.9011,609.9742)	(19.2534,-15.7122,613.7671)	(44.2930,-14.7384,619.6126)	(-4.9342,41.6188,596.1379)	
(0.0551,14.5369,589.9998)	(-43.3982,-22.2053,611.0899)	(-19.0918,-17.9011,609.9712)	(19.2534,-15.7122,613.7671)	(44.1846,-14.7384,618.6192)	(-2.8305,41.6251,597.1178)	
(0.0128,14.5369,588.0140)	(-43.4345,-20.1231,611.1001)	(-19.0947,-17.8697,608.9802)	(19.1846,-12.5582,611.7755)	(44.0793,-13.6660,616.6473)	(-2.8676,41.5578,595.1249)	
(0.0128,14.5593,589.9998)	(-43.4281,-22.2437,611.0914)	(-19.0981,-17.8697,608.9802)	(21.3822,-15.7335,613.7538)	(44.1878,-14.7416,618.6192)	(-2.8676,41.6251,596.1234)	
(0.0551,14.5369,589.9942)	(-43.4345,-20.1231,611.1001)	(-19.0949,-17.8697,608.9802)	(21.3822,-14.6793,613.7538)	(44.0793,-14.7384,618.6192)	(-2.8676,41.6251,597.1094)	
(0.0128,14.5369,589.9884)	(-43.3982,-22.2053,610.0914)	(-19.0981,-17.8697,608.9758)	(19.2534,-15.7122,613.7656)	(44.1878,-14.7416,618.6236)	(-4.9740,43.5494,595.1462)	
(0.0128,14.5369,589.9900)	(-43.4345,-20.1231,611.1001)	(-19.0949,-17.8697,608.9774)	(19.2534,-15.7218,613.7715)	(44.0729,-14.7836,618.6134)	(-4.9342,41.6188,596.1379)	
(0.0128,14.5369,589.9942)	(-43.4281,-22.2437,611.0914)	(-19.0949,-17.9043,609.9726)	(19.1846,-15.7186,612.7838)	(44.1846,-14.7384,618.6192)	(-4.9740,43.6202,595.1532)	
(0.0975,14.5593,590.9940)	(-43.4281,-22.2437,611.0914)	(-20.1442,-18.9170,609.9726)	(19.1878,-15.7122,612.7838)	(44.1846,-14.7189,618.6236)	(-2.8305,41.6251,597.1151)	
(0.0551,14.5562,589.9884)	(-43.4345,-20.1231,611.1001)	(-19.0949,-17.8979,608.9774)	(19.1846,-12.5582,611.7755)	(44.1846,-13.6692,617.6303)	(-2.9108,43.6264,595.1262)	
(0.0551,14.5369,589.9927)	(-43.3982,-22.2053,610.0930)	(-19.0949,-17.8697,608.9774)	(19.1846,-15.7122,612.7794)	(44.0793,-14.7384,618.6134)	(-2.8676,41.6251,596.1307)	
(0.0551,14.5593,590.9884)	(-43.4281,-22.2437,611.0914)	(-19.0918,-17.8729,608.9802)	(19.1846,-15.7122,612.7794)	(44.1846,-14.7384,618.6236)	(-2.8676,41.5578,596.1150)	
(0.0551,14.5369,589.9998)	(-43.4281,-22.2437,611.0914)	(-20.1427,-18.9170,609.9800)	(19.1846,-15.7122,612.7736)	(44.0793,-14.7189,617.6391)	(-2.8676,41.6251,596.1264)	
(0.0551,14.5369,589.9998)	(-43.4281,-22.2437,611.0914)	(-19.0915,-17.9043,609.9757)	(19.2534,-15.7399,613.7656)	(44.1846,-14.7836,618.6384)	(-2.8676,41.6251,596.1264)	
(0.0551,14.5369,589.0140)	(-43.4281,-22.2437,611.0914)	(-19.0949,-17.8666,608.9758)	(19.2534,-12.5808,612.7648)	(44.2930,-13.6901,617.6466)	(-3.9870,44.5003,594.1432)	
(0.0551,14.5593,589.9927)	(-43.4281,-22.2437,611.0914)	(-19.0915,-17.8979,609.9712)	(19.1878,-12.5582,612.7574)	(44.2930,-13.6901,617.6466)	(-2.8676,41.5578,595.1292)	
(0.0128,14.5593,589.9942)	(-43.4281,-22.2437,611.0914)	(-20.1427,-18.9170,609.9785)	(19.1815,-15.7122,612.7720)	(44.1846,-14.7384,618.6192)	(-2.8305,41.6251,597.1094)	
(0.0551,14.5369,589.9998)	(-43.4281,-22.2437,611.0914)	(-19.0949,-17.8697,608.9802)	(19.1878,-15.7122,612.7750)	(44.1814,-14.7189,617.6451)	(-2.8676,41.5578,596.1150)	
(0.0128,14.5593,589.9998)	(-43.4708,-18.0340,612.1089)	(-20.1505,-15.7872,609.9887)	(19.1846,-15.7122,612.7736)	(45.2591,-12.5968,618.6178)	(-4.9342,41.5515,596.1307)	
(0.0551,14.5369,589.0083)	(-43.4281,-22.2437,611.0914)	(-19.0918,-17.8979,608.9817)	(21.3854,-13.6303,612.7633)	(44.1846,-13.6692,617.6303)	(-2.8676,41.6251,595.1292)	
(0.0551,14.5369,589.9884)	(-43.4345,-20.1231,611.1001)	(-19.0915,-17.8979,609.9698)	(19.1846,-12.5776,612.7530)	(44.1846,-13.6901,617.6303)	(-2.8738,43.6264,595.1304)	
(0.0551,14.5593,590.9926)	(-43.4281,-22.2437,611.0914)	(-19.0947,-17.8666,608.9758)	(19.1846,-15.7122,612.7794)	(44.0793,-14.7189,617.6347)	(-2.8676,41.5578,596.1136)	
(0.0551,14.5369,589.0140)	(-43.3982,-22.2053,611.0899)	(-19.0949,-17.8666,608.9743)	(19.1846,-12.5776,612.7530)	(44.1846,-13.6724,617.6347)	(-2.8305,41.6251,596.1136)	
(0.0551,14.5369,589.9942)	(-43.4281,-22.2437,611.0914)	(-20.1410,-18.9170,609.9800)	(19.1846,-15.7122,612.7794)	(44.0729,-14.7836,617.6391)	(-2.8676,41.5578,596.1208)	
(0.0128,14.5369,588.9970)	(-43.3982,-22.2053,610.0914)	(-19.0949,-17.8666,608.9774)	(19.1910,-12.5582,612.7618)	(44.0793,-13.6660,616.6458)	(-4.9342,41.6188,595.1462)	
(0.0551,14.5593,589.9984)	(-43.4345,-20.1231,611.1001)	(-20.1473,-15.7776,609.9828)	(21.3100,-12.5519,611.7578)	(47.6354,-12.6352,620.6043)	(-3.9870,44.5727,595.1292)	
(0.0551,14.5593,589.9927)	(-43.4345,-20.1231,611.1001)	(-19.0947,-17.8729,608.9817)	(21.3822,-12.5744,612.7516)	(44.0793,-13.6660,616.6458)	(-2.8676,41.6251,595.1292)	
(0.0551,14.5531,589.9984)	(-43.3982,-22.2053,610.0914)	(-19.0981,-17.8729,608.9802)	(19.1846,-15.7122,612.7794)	(44.2930,-14.7416,618.6444)	(-2.8676,41.5578,596.1192)	
(0.0551,14.5593,590.0040)	(-43.4281,-22.2437,611.0914)	(-19.0949,-17.8697,608.9802)	(19.2534,-15.7122,612.7779)	(44.0793,-14.7384,618.6134)	(-2.8305,41.6251,597.1094)	
(0.0551,14.5593,588.0140)	(-43.4345,-20.1231,611.1001)	(-20.1473,-15.7776,609.9785)	(19.1846,-12.5582,611.7712)	(47.7426,-12.6543,620.6103)	(-4.9342,41.5515,595.1364)	
(0.0551,14.5593,589.9969)	(-43.4345,-20.1231,611.1001)	(-19.0949,-17.8666,608.9774)	(21.3132,-12.5519,612.7412)	(44.0793,-13.6660,616.6458)	(-2.8676,41.5578,595.1334)	
(0.0551,14.5593,590.0096)	(-43.4408,-18.0026,611.1088)	(-20.1490,-15.7872,609.9887)	(19.1878,-15.7122,612.7750)	(47.6290,-12.6319,619.6302)	(-2.8676,41.6251,596.1208)	
(0.0551,14.5369,589.9998)	(-41.2692,-17.9332,610.0942)	(-18.0403,-16.8002,609.9754)	(20.1737,-13.5882,612.7764)	(42.9970,-10.4395,616.6707)	(-2.8676,41.5578,596.1093)	
(-1.9487,15.5214,589.0211)	(-45.5593,-18.0089,611.1206)	(-19.0981,-15.7808,609.9844)	(18.0518,-13.5914,610.7818)	(42.9970,-12.5744,616.6414)	(-4.9678,41.5515,595.1321)	
(-3.0570,17.5659,589.0295)	(-49.8769,-18.0847,613.1414)	(-25.4403,-15.8246,611.0104)	(15.9267,-13.5798,610.7877)	(39.7914,-12.6000,614.6560)	(-6.0056,44.5727,595.1475)	
(-10.0707,15.5449,591.0592)	(-51.9648,-15.9355,613.1632)	(-26.5090,-13.7136,611.0324)	(11.4468,-13.5197,606.8128)	(36.5889,-11.5819,616.6974)	(-10.1069,44.6328,595.1932)	
(-22.4617,17.5624,591.1356)	(-61.8199,-12.9222,617.2290)	(-37.0981,-12.7340,611.0938)	(-0.1916,-13.5059,605.8758)	(23.3534,-13.5607,610.7671)	(-24.5740,43.5612,595.2476)	
(-26.5606,16.6302,596.1463)	(-67.9813,-14.2758,629.2577)	(-42.4194,-14.8416,613.1147)	(-4.3394,-12.5316,608.9228)	(22.0548,-13.4912,608.7680)	(-27.6850,44.7185,598.2714)	
(-15.3219,14.4908,588.0832)	(-56.5004,-20.4064,618.1716)	(-31.8003,-17.9989,612.0384)	(7.3491,-15.6981,609.8248)	(34.0622,-13.5982,612.6868)	(-17.3689,43.4291,594.2286)	
(-17.3418,12.4494,589.0862)	(-56.4940,-22.5512,618.1628)	(-29.6784,-17.9926,612.0326)	(7.3957,-13.6053,610.8330)	(35.2163,-10.4050,613.7096)	(-19.4255,42.4703,594.2188)	
(-17.3287,12.4555,591.0764)	(-54.2031,-24.5638,615.1447)	(-31.7940,-20.1230,612.0356)	(9.5078,-14.6332,609.8307)	(35.2163,-12.5264,613.6846)	(-21.4791,40.3989,595.2093)	
(-17.3157,12.4931,591.0990)	(-56.3290,-26.7046,615.1449)	(-31.7940,-20.1230,612.0326)	(7.3364,-14.6135,608.8412)	(32.9083,-12.4974,611.7240)	(-21.4671,40.4644,596.2209)	
(-22.4600,15.5110,591.1173)	(-60.7793,-22.5641,618.1894)	(-36.0621,-18.0432,613.0678)	(3.1430,-10.4404,607.8692)	(30.9523,-10.4114,613.7066)	(-25.0414,43.5487,596.2650)	
(-28.5902,15.4894,591.1528)	(-66.2684,-21.6614,620.2166)	(-41.4020,-17.0613,614.0972)	(-2.2152,-13.5853,607.8868)	(22.1319,-11.4401,609.7516)	(-29.7507,44.6399,596.3036)	
(-26.5412,15.4747,590.1568)	(-65.2646,-20.5373,621.2226)	(-39.3027,-17.1176,615.0870)	(-0.0660,-11.4862,609.8816)	(26.5362,-10.3925,611.7620)	(-28.7064,43.5363,596.2680)	
(-24.4893,13.4391,590.1470)	(-60.8369,-22.6026,619.1867)	(-38.2302,-18.0842,614.0826)	(0.9946,-17.7967,609.8658)	(27.6035,-14.6342,611.7388)	(-26.6371,43.4688,595.2505)	
(-22.4478,13.4186,589.1201)	(-60.7729,-24.7089,618.1778)	(-36.0557,-20.1706,613.0576)	(3.1159,-17.7904,609.8556)	(27.6035,-16.7320,611.7022)	(-24.5678,41.4160,595.2348)	
(-20.4271,13.4278,589.1088)	(-60.9010,-20.4894,620.1958)	(-36.0621,-18.0432,613.0694)	(3.1588,-14.6815,608.8427)	(30.9651,-12.5488,613.7287)	(-23.5332,41.4160,595.2306)	
(-21.3990,11.4144,592.0964)	(-60.7793,-22.5641,618.1866)	(-36.0378,-20.1357,612.0606)	(3.1588,-17.7904,609.8556)	(29.8146,-16.7551,612.7060)	(-23.5332,41.4160,595.2406)	
(-21.3929,11.4175,592.1062)	(-58.5824,-22.5192,617.1774)	(-36.0557,-20.1706,613.0591)	(3.1619,-17.7904,610.8552)	(29.8975,-14.6538,613.7038)	(-22.5254,43.4167,594.2472)	
(-19.3589,10.4133,592.0794)	(-58.5760,-24.6605,617.1658)	(-36.0557,-20.1706,613.0576)	(5.2341,-16.7630,609.8438)	(29.9038,-16.7717,612.7016)	(-21.4852,42.4641,595.2220)	
(-19.3589,10.4194,591.1005)	(-58.5760,-24.6605,617.1658)	(-33.9159,-20.1293,612.0458)	(5.2741,-16.7630,609.8498)	(29.9038,-16.7717,612.7060)	(-21.4852,42.4641,595.2177)	
(-17.2965,11.4346,592.0736)	(-58.6302,-24.7024,618.1660)	(-33.9159,-20.1293,612.0474)	(5.2741,-15.7291,609.8380)	(29.8178,-15.7175,611.7183)	(-19.4099,40.4613,595.2135)	
(-17.3418,12.4367,590.0763)	(-58.6366,-22.5576,618.1719)	(-33.9159,-20.1293,612.0415)	(5.2772,-16.7630,609.8454)	(29.7318,-16.7487,611.7168)	(-19.4255,42.4703,595.2120)	
(-17.3548,12.4367,589.0933)	(-58.6430,-20.4129,618.1864)	(-33.9367,-18.0368,613.0530)	(5.2772,-16.7630,609.8438)	(32.1221,-14.6733,614.6900)	(-19.4161,42.4703,595.2148)	
(-17.3548,12.4367,589.0820)	(-58.6366,-22.5576,618.1748)	(-33.9159,-20.1293,612.0458)	(7.3925,-16.7567,609.8307)	(32.0358,-16.7781,613.6877)	(-19.4255,42.4703,595.2063)	
(-17.3418,12.4367,588.0960)	(-58.6302,-24.7024,618.1660)	(-33.9159,-20.1293,612.0458)	(8.4034,-17.8152,609.8146)	(32.0358,-15.7356,612.7060)	(-19.4099,40.4051,595.2120)	
(-17.3548,12.4367,589.0820)	(-58.6366,-22.5576,618.1748)	(-33.9159,-20.1293,612.0458)	(5.2309,-16.7630,609.8424)	(31.9463,-16.7717,612.7060)	(-19.4099,40.4051,595.2192)	
(-17.3418,12.4432,589.0862)	(-56.4432,-22.5127,617.1627)	(-33.9159,-20.1293,612.0489)	(7.3957,-15.7259,609.8264)	(32.0326,-15.7324,612.7104)	(-19.4099,40.4051,595.1979)	
(-17.3418,12.4367,588.1016)	(-56.4432,-22.5127,617.1627)	(-31.7940,-20.1230,612.0356)	(5.2772,-15.7323,609.8438)	(31.9463,-15.7143,612.6942)	(-19.4099,40.4051,595.1979)	
(-17.3096,11.4175,591.0736)	(-56.4369,-24.6541,617.1540)	(-31.7940,-20.1230,612.0340)	(8.4034,-17.8152,609.8220)	(32.0326,-15.7356,612.6958)	(-19.4194,40.3396,594.2118)	
(-15.2767,11.4066,590.0622)	(-56.4369,-24.6541,617.1510)	(-31.7940,-20.1230,612.0340)	(8.3582,-17.7840,608.8254)	(33.0090,-17.8322,612.6650)	(-19.4038,39.3087,595.1936)	
(-15.2932,11.3847,589.0666)	(-56.4432,-22.5127,617.1627)	(-31.7940,-20.1230,612.0297)	(7.3957,-15.6981,609.8248)	(34.1678,-15.7356,613.6818)	(-17.3535,39.3087,594.1991)	
(-15.3097,10.3734,588.0722)	(-56.4369,-24.6541,617.1540)	(-31.7767,-22.2087,611.0270)	(8.4097,-17.8152,609.8220)	(35.2322,-17.8601,613.6731)	(-17.3535,39.2418,593.2130)	
(-15.2932,11.4066,590.0622)	(-56.4369,-24.6541,617.1540)	(-31.7767,-22.2087,611.0284)	(8.4129,-17.8152,609.8220)	(35.2354,-17.8569,613.6672)	(-17.3535,39.3087,594.1892)	
(-15.2767,11.4237,591.0566)	(-56.4432,-22.5127,617.1627)	(-29.6646,-20.0817,611.0240)	(7.3957,-16.7567,610.8229)	(34.2512,-14.6864,614.6884)	(-17.3597,41.3705,594.2018)	
(-15.2602,11.4360,591.0877)	(-54.2095,-22.4294,615.1506)	(-29.6646,-20.0817,611.0240)	(9.5141,-16.7503,610.8170)	(34.1646,-16.7717,613.6818)	(-17.3597,41.3705,594.2018)	
(-13.2768,13.4401,589.0538)	(-54.2158,-20.2950,615.1594)	(-29.6784,-17.9926,612.0310)	(9.5173,-15.7195,609.8146)	(35.3173,-12.5905,613.6862)	(-17.3597,41.3705,594.2004)	
(-13.2569,13.4463,589.0749)	(-54.2095,-22.4294,615.1506)	(-29.6784,-17.9926,612.0266)	(9.5141,-14.6592,610.8288)	(36.3803,-13.5950,614.6986)	(-17.3689,43.4291,594.2146)	
(-13.2369,13.4668,590.0692)	(-52.0836,-20.2886,615.1476)	(-27.5565,-17.9830,612.0134)	(9.5141,-13.5990,610.8214)	(35.2132,-10.4018,613.6934)	(-19.4255,42.4641,594.2259)	
(-13.2569,13.4463,589.0692)	(-52.0772,-22.4230,615.1360)	(-27.5565,-17.9862,612.0178)	(11.6797,-11.4720,610.8183)	(36.3771,-9.3817,614.6913)	(-17.3689,43.4384,595.1949)	
(-13.2369,13.4637,590.0594)	(-52.0270,-24.5155,614.1328)	(-27.5461,-20.0753,611.0122)	(11.6326,-13.5926,610.8096)	(36.3835,-11.5198,614.6766)	(-17.3689,43.4291,594.2188)	
(-13.2569,13.4432,589.0692)	(-52.0708,-24.5574,615.1272)	(-27.5461,-20.0753,611.0180)	(11.6829,-14.6529,610.8229)	(36.3803,-13.5741,614.6884)	(-17.3689,43.4260,594.2060)	
(-13.2768,13.4257,588.0692)	(-52.0270,-24.5155,614.1300)	(-27.5461,-20.0753,611.0138)	(11.6326,-15.7131,609.8088)	(35.2227,-12.5520,613.6641)	(-17.3689,43.4291,594.2202)	
(-13.2569,13.4432,589.0636)	(-52.0270,-24.5155,614.1300)	(-29.6646,-20.0817,611.0254)	(9.5141,-16.7503,609.8264)	(34.1583,-14.6637,614.6738)	(-17.3849,43.3646,594.2004)	
(-13.2308,11.4250,590.0608)	(-54.3104,-20.3650,617.1596)	(-29.6784,-17.9926,612.0326)	(9.5141,-15.6918,609.8131)	(35.3205,-12.6129,614.6694)	(-15.2999,41.3767,594.1989)	
(-13.2308,11.4250,590.0608)	(-54.3040,-22.5063,617.1509)	(-31.8003,-17.9989,612.0428)	(10.5733,-17.8401,609.8177)	(34.1710,-17.8601,614.6870)	(-15.2836,41.4377,595.1792)	
(-11.2379,13.4318,588.0523)	(-54.2095,-22.4294,615.1506)	(-29.6646,-20.0817,611.0240)	(10.5733,-17.8401,610.8040)	(34.2639,-18.8992,614.6562)	(-13.2403,41.3890,594.1974)	
(-11.2379,13.4349,588.0636)	(-54.3104,-20.3650,617.1596)	(-29.6721,-20.1166,612.0238)	(10.5797,-17.8401,610.8083)	(36.3125,-19.0145,613.6687)	(-11.1806,41.4501,595.1564)	
(-11.2145,13.4524,589.0636)	(-54.3104,-20.3650,617.1596)	(-27.5565,-17.9862,612.0208)	(10.5765,-17.8401,610.8083)	(36.3125,-21.0534,614.6519)	(-11.1806,41.3952,594.1917)	
(-9.1989,13.4380,588.0579)	(-54.2095,-22.4294,615.1506)	(-27.5565,-17.9862,612.0208)	(10.5733,-17.8401,610.8024)	(36.3093,-21.0203,614.6519)	(-9.1209,41.3983,594.1746)	
(-11.1850,11.4391,591.0382)	(-52.0900,-18.1542,615.1534)	(-27.5565,-17.9862,612.0193)	(10.5765,-17.8401,610.8083)	(35.3301,-17.8569,616.6622)	(-11.1806,41.3890,594.1875)	
(-9.1720,13.4586,589.0354)	(-54.3104,-20.3650,617.1596)	(-27.5461,-20.0753,611.0180)	(12.6950,-17.8337,610.7966)	(36.3930,-18.9224,614.6768)	(-11.1573,41.4563,595.1636)	
(-9.1720,13.4586,589.0354)	(-52.0772,-22.4230,615.1388)	(-27.5502,-20.1102,612.0091)	(12.6429,-17.8305,610.7922)	(36.3930,-18.9224,614.6666)	(-11.1806,41.4532,595.1606)	
(-9.1720,13.4586,589.0523)	(-54.3104,-20.3650,617.1596)	(-27.5565,-17.9862,612.0208)	(12.6397,-17.8025,609.8029)	(36.3930,-18.9224,614.6709)	(-11.1573,41.4563,595.1678)	
(-11.2145,13.4524,589.0523)	(-52.0836,-20.2886,615.1447)	(-27.5565,-17.9862,612.0178)	(12.6366,-17.8025,609.7986)	(35.2290,-17.8569,613.6526)	(-12.1889,42.4889,595.1664)	
(-11.2379,13.4463,589.0466)	(-54.3104,-20.3650,617.1596)	(-29.6860,-17.9958,612.0356)	(12.6429,-17.8025,610.7907)	(36.3962,-16.8240,614.6562)	(-11.1573,41.4563,595.1636)	
(-11.2379,13.4493,589.0466)	(-54.3104,-20.3650,617.1596)	(-27.5565,-17.9862,612.0208)	(10.5733,-17.8401,610.8040)	(36.3930,-16.8731,614.6519)	(-11.1806,41.3890,594.1818)	
(-11.2379,13.4349,588.0734)	(-54.3040,-22.5063,617.1509)	(-27.5565,-17.9862,612.0208)	(10.5765,-17.8401,610.8083)	(36.3930,-18.9224,614.6650)	(-11.1806,41.3952,594.1917)	
(-9.1720,13.4586,589.0579)	(-54.2095,-22.4294,617.1493)	(-27.5565,-17.9862,612.0178)	(10.5733,-17.8401,610.8024)	(36.2998,-18.9224,614.6562)	(-11.1573,41.4532,595.1579)	
(-9.1720,13.4586,589.0466)	(-54.3040,-22.5063,617.1509)	(-27.5565,-17.9862,611.0240)	(12.6366,-17.8025,609.7986)	(36.3030,-18.9224,614.6591)	(-11.1573,41.4563,595.1664)	
(-11.2379,13.4349,588.0734)	(-54.3104,-20.3650,617.1596)	(-27.5565,-17.9862,612.0208)	(10.5733,-17.8401,610.8083)	(36.3994,-18.9520,616.6490)	(-11.1806,41.3890,594.1860)	
(-11.1850,11.4281,590.0453)	(-54.3040,-22.5063,617.1509)	(-27.5565,-17.9862,612.0208)	(10.5797,-17.8401,610.8098)	(36.3930,-16.8240,614.6504)	(-11.1806,41.3890,594.1761)	
(-11.2379,13.4349,588.0636)	(-54.2095,-22.4294,615.1534)	(-27.5565,-17.9862,612.0208)	(10.5733,-17.8401,609.8177)	(36.3930,-16.8731,614.6519)	(-11.1806,41.3890,594.1833)	
(-11.2379,13.4493,589.0481)	(-54.3168,-18.2236,617.1684)	(-27.5565,-17.9862,612.0193)	(11.6389,-15.7131,610.8010)	(35.3301,-14.7350,614.6591)	(-11.1573,41.4532,595.1564)	
(-11.2379,13.4380,588.0734)	(-54.3104,-20.3650,617.1596)	(-27.5565,-17.9862,612.0193)	(12.6397,-17.8025,609.8044)	(36.3930,-16.8731,614.6504)	(-11.1573,41.4563,595.1706)	
(-11.2613,13.4143,587.0734)	(-52.0772,-22.4230,615.1388)	(-27.5565,-17.9862,612.0208)	(12.6429,-17.8025,609.8016)	(36.3930,-18.9224,614.6650)	(-11.1806,41.4501,595.1564)	
(-11.2379,13.4463,589.0466)	(-54.2095,-22.4294,615.1506)	(-27.5565,-17.9862,612.0178)	(12.6366,-17.8025,609.8029)	(36.3962,-18.9256,614.6709)	(-11.1573,41.4563,595.1720)	
(-11.2379,13.4349,588.0636)	(-52.0772,-22.4230,615.1388)	(-27.5524,-17.9548,611.0240)	(12.6429,-17.8025,609.8016)	(36.4026,-18.9520,616.6578)	(-11.1806,41.3890,594.1719)	
(-9.1989,13.4380,588.0523)	(-52.0772,-22.4230,615.1388)	(-27.5565,-17.9862,612.0208)	(12.6918,-17.8337,610.7966)	(36.3030,-16.8208,613.6774)	(-11.1806,41.3890,594.1734)	
(-11.2379,13.4493,589.0523)	(-52.0772,-22.4230,615.1388)	(-27.5565,-17.9862,612.0150)	(12.6366,-17.8025,609.8001)	(36.3930,-16.8731,614.6504)	(-11.1806,41.3890,594.1734)	
(-11.2379,13.4463,589.0466)	(-54.2095,-22.4294,615.1506)	(-27.5565,-17.9862,612.0178)	(12.6429,-17.8025,609.8001)	(36.3030,-18.8928,614.6562)	(-11.1806,41.3890,594.1917)	
(-11.2379,13.4463,589.0466)	(-54.2158,-20.2950,615.1594)	(-27.5565,-17.9862,612.0150)	(9.5673,-16.7798,610.8200)	(35.3237,-17.8569,614.6797)	(-11.1806,41.3890,594.1833)	
(-11.2145,13.4524,589.0538)	(-52.0900,-18.1542,615.1563)	(-27.5565,-17.9862,612.0150)	(11.6357,-16.7734,610.8068)	(35.3205,-15.7260,614.6944)	(-11.1806,41.3890,594.1704)	
(-11.2613,13.4143,587.0734)	(-54.3104,-20.3650,617.1596)	(-29.6784,-17.9675,611.0443)	(11.6389,-16.7734,610.8083)	(35.3301,-17.8569,614.6856)	(-13.2205,41.4563,595.1877)	
(-9.1989,13.4380,588.0523)	(-54.2095,-22.4294,615.1506)	(-27.5524,-17.9580,611.0268)	(11.6357,-16.7703,610.8083)	(36.3930,-18.9224,614.6650)	(-11.1806,41.4532,595.1606)	
(-9.1720,13.4586,589.0410)	(-54.2095,-22.4294,617.1493)	(-27.5565,-17.9862,612.0178)	(12.6429,-17.8025,610.7950)	(36.3930,-16.8240,614.6504)	(-11.1573,41.4563,595.1636)	
(-11.2379,13.4463,589.0466)	(-52.0772,-22.4230,615.1388)	(-27.5565,-17.9862,612.0178)	(12.6397,-17.8025,609.8001)	(36.3030,-18.8928,614.6591)	(-13.2205,41.4501,595.1850)	
(-11.1443,13.5172,592.0578)	(-52.0836,-20.2886,615.1447)	(-27.5524,-17.9548,611.0150)	(11.6326,-16.7440,610.7994)	(36.1070,-18.8536,612.6562)	(-13.1808,41.5846,597.1739)	
(-11.0397,17.7612,597.0804)	(-52.0086,-15.9636,613.1648)	(-28.6063,-14.7477,611.0324)	(11.5003,-12.4646,608.8176)	(38.2099,-13.5193,612.6618)	(-14.1380,45.0550,602.2004)	
(-14.2723,24.7669,591.1042)	(-55.3992,-12.8245,617.1962)	(-30.7491,-10.5521,612.0630)	(10.4836,-6.1647,609.8522)	(36.1621,-5.0537,614.7028)	(-15.2524,53.1477,599.2340)	
(-10.5378,19.1926,577.0636)	(-52.0054,-15.9636,613.1604)	(-26.4876,-14.6365,606.0342)	(12.1775,-8.1660,602.8430)	(38.8267,-6.0548,607.6910)	(-15.5081,45.6264,582.2129)	
(-5.5788,9.1357,572.0146)	(-45.2121,-21.8659,601.1026)	(-21.2756,-19.5685,596.9750)	(17.0021,-14.2698,596.7870)	(42.0507,-10.0950,598.6708)	(-10.6754,39.9855,573.1628)	
(-5.6831,8.1625,571.0106)	(-45.1996,-26.0379,601.0828)	(-21.2537,-21.7235,598.9734)	(17.2127,-16.4009,598.7790)	(42.9564,-15.4828,607.6302)	(-8.6539,38.0602,574.1438)	
(-7.4604,1.2996,576.9909)	(-47.6893,-26.5429,612.0948)	(-23.3079,-24.1430,606.9822)	(14.5628,-19.8093,606.7768)	(39.0677,-14.5895,608.6573)	(-10.5075,32.3466,579.1405)	
(-1.3641,-1.7971,578.9464)	(-46.6413,-32.9086,613.0612)	(-22.2290,-30.5090,608.9325)	(21.0401,-24.0869,608.7248)	(44.8246,-22.0932,613.5924)	(-5.4758,30.3488,579.1018)	
(0.0000,0.0000,-1.0000)	(-44.4938,-31.8466,612.0554)	(-20.1048,-29.5420,608.9224)	(19.0005,-26.2519,608.7324)	(40.8833,-20.0755,616.6240)	(-7.3507,26.4953,583.0784)	
(-11.3739,-4.8572,580.9726)	(-52.0422,-34.1622,615.0907)	(-28.5585,-32.7924,610.9542)	(12.7235,-26.2773,609.7784)	(36.1197,-25.1888,612.6358)	(-13.4525,26.3449,580.1020)	
(0.0000,0.0000,-1.0000)	(-45.6422,-34.0855,615.0509)	(-22.2273,-31.5514,606.9462)	(17.8917,-27.3540,608.7352)	(42.8090,-22.1440,614.6283)	(-8.4036,22.3063,579.0716)	
(0.0000,0.0000,-1.0000)	(-35.9158,-37.9971,607.9900)	(-12.6991,-33.6967,608.8626)	(26.6710,-28.4921,612.6831)	(51.1392,-23.5727,621.5726)	(5.7466,20.4637,582.0046)	
(2.1314,-7.8835,582.9038)	(-41.2686,-36.0210,611.0247)	(-19.0347,-35.8838,609.9048)	(22.3400,-29.5120,611.7013)	(45.1873,-26.4930,617.5672)	(-1.3518,21.3854,581.0424)	
(1.8066,-11.0204,587.8842)	(-43.4169,-36.0883,612.0321)	(-21.1465,-35.8934,610.9162)	(20.2180,-29.5184,611.7130)	(45.2975,-26.5347,617.6026)	(-3.4410,21.3104,579.0411)	
(-3.1926,-9.8618,579.9187)	(-43.4233,-33.9643,612.0436)	(-21.1433,-32.7797,610.9002)	(18.0322,-29.4841,610.7108)	(43.1517,-26.5412,617.5938)	(-5.4428,19.2945,579.0648)	
(-4.1027,-12.1437,590.9146)	(-47.7344,-36.2229,614.0556)	(-24.3209,-34.9066,610.9366)	(15.9233,-32.6650,610.7198)	(40.9089,-28.6408,616.5890)	(-7.3296,19.3844,582.0718)	
(-7.1933,-7.9769,586.9590)	(-49.8696,-34.0983,614.0818)	(-24.3273,-31.7258,610.9350)	(14.7958,-30.4988,609.7406)	(40.9025,-28.6408,616.5814)	(-9.3305,21.4644,584.0912)	
(-10.1575,-5.9147,584.9775)	(-53.1083,-33.0950,615.1010)	(-28.5737,-30.7272,611.9730)	(12.6745,-28.3881,609.7552)	(36.3284,-29.5302,614.6066)	(-12.3250,22.5110,586.0801)	
(-9.2010,-3.8929,585.9815)	(-50.9856,-32.0278,615.0907)	(-26.4639,-29.6684,610.9746)	(14.7895,-28.3817,609.7450)	(38.5571,-25.4352,614.6139)	(-12.3310,24.5782,585.1177)	
(-9.1263,-1.8773,588.9894)	(-50.9920,-29.8934,615.0994)	(-27.5208,-28.5576,610.9774)	(12.6618,-26.2710,609.7639)	(36.2320,-25.3553,613.6176)	(-12.2939,26.6554,587.1052)	
(-11.2217,0.1672,587.0192)	(-52.0645,-28.8262,615.1170)	(-27.5312,-26.4823,611.9845)	(12.6618,-26.2710,609.7639)	(36.3157,-25.2721,614.6242)	(-11.2835,28.7394,588.1320)	
(-11.2513,2.2032,586.0122)	(-52.0645,-26.6918,615.1214)	(-27.5366,-24.3197,610.9964)	(12.6618,-24.1538,609.7756)	(36.4058,-23.1478,614.6475)	(-13.3286,30.7682,588.1516)	
(-9.1923,2.2109,586.9896)	(-53.1211,-28.8262,615.1184)	(-27.5271,-26.4371,610.9876)	(12.6587,-24.1538,609.7726)	(36.2224,-25.2320,613.6497)	(-11.2663,30.8273,589.1151)	
(-10.1597,3.2297,587.0050)	(-52.0645,-26.6918,615.1198)	(-27.5334,-24.3165,611.0022)	(12.7045,-22.0749,610.7777)	(36.3093,-23.1446,614.6432)	(-11.2724,32.8749,589.1417)	
(-10.1155,5.2874,590.0243)	(-52.0207,-26.6464,614.1212)	(-27.5334,-24.2779,610.9874)	(12.5908,-21.9986,608.7817)	(36.2097,-23.1048,613.6336)	(-11.2087,35.0900,592.1505)	
(-11.0852,9.4317,594.0466)	(-54.1686,-20.2600,614.1592)	(-27.5524,-17.9548,611.0178)	(11.5727,-15.6854,608.8018)	(35.1280,-14.6573,611.6831)	(-11.1573,41.4563,595.1762)	
(-11.1504,15.5720,592.0720)	(-54.1749,-18.1290,615.1653)	(-29.6772,-15.8406,611.0398)	(11.5633,-13.5503,608.8178)	(37.4496,-12.5840,613.6685)	(-14.2040,44.6928,597.1923)	
