(-31.6543,-41.9268,604.9485)	(-9.7330,-41.4988,599.8301)	(-23.3931,-1.9778,600.0528)	(-24.4761,9.3538,591.1205)	(-63.1727,-20.5659,622.2096)	(-38.2729,-18.1754,617.0796)	(0.9742,-19.9546,608.8562)	(26.4744,-19.9097,610.7074)	(-46.6789,47.4164,607.3980)	(-24.5625,39.2901,594.2432)	(4.4976,46.9699,599.0963)	(-24.6162,56.6319,592.3283)	
(-31.6543,-41.9268,604.9500)	(-9.7268,-41.5762,600.8226)	(-23.3904,-1.9833,601.0526)	(-24.4761,9.3507,591.1092)	(-63.1727,-20.5659,622.2080)	(-38.2729,-18.1754,617.0796)	(0.9647,-19.9199,608.8531)	(26.3935,-19.9065,610.7015)	(-44.5422,47.3501,606.3858)	(-23.5239,36.2622,594.2333)	(4.4546,46.8939,598.1234)	(-24.6162,56.6227,592.2930)	
(-33.7601,-43.0497,605.9528)	(-7.6718,-41.4988,599.8186)	(-23.3904,-1.9833,601.0526)	(-24.4770,9.3433,590.1302)	(-63.1727,-20.5659,622.2080)	(-38.2729,-18.1754,617.0796)	(0.9647,-19.9230,608.8546)	(26.3967,-21.9986,609.7052)	(-48.8131,47.4227,608.4059)	(-24.5625,39.2839,594.2375)	(4.4484,46.8939,598.1120)	(-24.6155,56.6319,592.3241)	
(-32.7064,-41.9268,605.9368)	(-9.7268,-41.5019,600.8211)	(-23.3904,-1.9833,601.0526)	(-24.4770,9.3433,590.1302)	(-63.1727,-20.5659,622.2080)	(-38.2729,-18.1754,617.0796)	(0.9710,-19.9262,608.8531)	(26.3998,-21.9954,609.7052)	(-46.6789,47.4227,607.3980)	(-24.5633,39.2295,593.2514)	(4.4453,46.8939,598.0977)	(-24.6162,56.6257,592.3156)	
(-32.7064,-41.9268,604.9659)	(-7.6718,-41.4988,599.8144)	(-23.3904,-1.9833,601.0570)	(-24.4770,9.3402,590.1246)	(-63.1116,-20.5309,621.2107)	(-38.2729,-18.1754,617.0796)	(0.9615,-19.9199,608.8473)	(26.3967,-21.9922,609.6950)	(-44.5422,47.2744,605.3853)	(-23.5295,39.2870,594.2234)	(4.4484,46.8939,598.1092)	(-24.6155,56.6288,592.3142)	
(-33.7521,-42.9767,605.9426)	(-7.6491,-41.5668,600.8110)	(-23.3876,-1.9887,602.0426)	(-24.4761,9.3507,591.1034)	(-63.2403,-18.4389,623.2172)	(-38.2729,-18.1754,617.0796)	(0.9647,-19.9230,608.8562)	(26.4712,-19.9065,610.7030)	(-46.6340,47.2744,606.3932)	(-23.5295,39.2870,594.2304)	(4.4422,46.8939,598.0877)	(-24.6162,56.6288,592.3128)	
(-31.6512,-41.9268,604.9457)	(-7.6429,-41.5699,600.8166)	(-23.3904,-1.9833,601.0728)	(-24.4761,9.3538,591.1092)	(-63.2338,-20.6009,623.2083)	(-38.2238,-20.2469,615.0708)	(2.0236,-18.8960,608.8414)	(26.3935,-21.9890,609.6934)	(-44.5422,47.2744,605.3853)	(-23.5265,39.2325,593.2400)	(4.4484,46.8939,598.0962)	(-22.5634,56.6288,592.2873)	
(-29.5535,-41.9205,604.9341)	(-5.5913,-39.4100,599.8186)	(-21.3127,-1.9716,600.0714)	(-22.4312,9.3494,590.1189)	(-60.9522,-22.6796,621.1870)	(-36.0915,-20.2405,615.0590)	(4.1383,-18.8897,608.8312)	(28.5897,-19.9065,610.7015)	(-44.5743,47.3501,606.3858)	(-21.4789,38.2716,593.2244)	(4.4453,46.8939,598.0977)	(-22.5676,56.5449,592.2774)	
(-29.5535,-41.9205,604.9369)	(-5.5913,-41.4926,600.7822)	(-21.3065,-1.9770,601.0412)	(-21.3898,9.3464,589.1118)	(-60.9522,-22.6796,621.1870)	(-36.0915,-20.2405,615.0590)	(4.1797,-18.9163,609.8250)	(28.5865,-19.9001,610.6913)	(-44.5743,47.4227,606.3858)	(-21.4729,38.3306,594.2190)	(4.4484,46.8939,598.0977)	(-22.5676,56.5388,591.3024)	
(-27.4495,-41.7718,602.9257)	(-5.5913,-41.4926,599.8114)	(-21.3065,-1.9770,600.0714)	(-21.4021,8.3461,591.0822)	(-60.9522,-22.6796,621.1870)	(-36.0915,-20.2405,615.0590)	(4.1383,-18.8897,608.8312)	(30.7081,-19.8938,610.6780)	(-42.3552,47.1261,603.3727)	(-21.4729,38.2685,593.2244)	(4.4453,46.8939,598.1020)	(-22.5676,56.5418,591.3052)	
(-27.4526,-41.9142,604.9182)	(-3.5109,-41.4832,599.7898)	(-19.2323,-1.9653,600.0340)	(-21.3837,9.3600,591.0822)	(-58.7386,-22.5961,620.1706)	(-36.0915,-20.2405,615.0575)	(4.1383,-18.8897,608.8312)	(30.7113,-19.8970,610.6898)	(-44.5743,47.4227,607.3836)	(-21.4729,38.2716,594.2132)	(4.4484,46.8939,598.1062)	(-20.5182,56.5480,591.2938)	
(-29.5535,-41.9205,604.9341)	(-5.6205,-41.4215,598.8075)	(-21.3127,-1.9716,600.0512)	(-21.3960,9.3464,590.0920)	(-60.9522,-22.6796,621.1870)	(-36.0736,-20.2373,615.0560)	(4.1766,-18.8897,608.8328)	(28.5865,-19.9001,610.6898)	(-44.5743,47.4259,607.3864)	(-21.4729,38.2716,593.2300)	(4.4054,46.8179,597.1092)	(-20.5182,56.5418,591.2870)	
(-27.4510,-41.9142,602.9314)	(-5.5975,-39.4100,599.8114)	(-19.2323,-1.9653,600.0456)	(-21.3898,9.3525,591.0780)	(-60.9522,-22.6796,621.1870)	(-36.0736,-20.2056,615.0560)	(4.1797,-19.9482,609.8410)	(28.5865,-19.9065,610.6956)	(-46.6695,47.3501,607.3937)	(-21.4729,38.2716,594.2105)	(4.4484,46.8939,598.1020)	(-22.5676,56.5449,592.2774)	
(-29.5386,-41.7781,602.9360)	(-5.6007,-39.4100,599.8086)	(-19.2288,0.1152,601.0482)	(-21.3868,11.4315,592.1006)	(-60.9010,-20.4894,620.1958)	(-36.0557,-20.1706,613.0666)	(4.1383,-18.8897,608.8312)	(28.4990,-19.8656,609.6904)	(-42.4697,47.5080,607.3790)	(-21.4550,38.4577,596.2351)	(6.6240,47.0521,600.0864)	(-21.5252,55.8787,594.2838)	
(-25.3679,-37.3869,599.9436)	(-2.5206,-36.1427,598.8030)	(-15.0404,4.3078,603.0278)	(-15.1736,15.6735,597.0892)	(-58.7100,-16.1514,618.2039)	(-32.8549,-14.7866,612.0602)	(7.3333,-14.6135,608.8440)	(33.8794,-16.7065,610.6896)	(-37.3143,54.1990,612.3609)	(-16.2191,45.0425,602.2049)	(10.1334,52.8668,607.1036)	(-15.2834,63.5461,599.2852)	
(-22.2627,-33.0947,597.9180)	(3.6563,-33.0168,597.7760)	(-9.8542,8.5080,601.0390)	(-9.0624,21.8147,594.0944)	(-54.3296,-13.9410,617.1860)	(-28.6280,-11.5784,610.0470)	(11.5569,-11.4448,608.8105)	(35.9884,-13.5193,610.6661)	(-32.0412,62.7111,612.3750)	(-8.9681,51.3328,602.1944)	(16.5710,60.4466,609.0960)	(-7.9760,71.0699,601.2668)	
(-10.8974,-29.8981,596.8794)	(14.0085,-29.8753,597.7414)	(0.4853,13.7130,600.0001)	(-2.7780,24.9655,595.0416)	(-44.5540,-11.6894,612.1408)	(-22.2920,-9.4071,608.0208)	(20.0842,-9.3323,609.7938)	(42.4505,-9.3075,611.6653)	(-27.8083,64.9514,613.3607)	(-1.6420,55.4501,601.1925)	(22.0674,61.9199,612.0668)	(-1.6563,73.4162,603.2500)	
(-3.6165,-29.9283,597.8390)	(20.3045,-27.8326,598.7221)	(6.7266,13.7318,599.9570)	(4.1133,26.8245,590.0388)	(-42.3943,-12.6947,611.1247)	(-15.9348,-11.5097,610.9794)	(24.4853,-8.2937,612.7836)	(48.8062,-9.3872,620.6412)	(-23.5633,62.3427,608.3264)	(2.3958,55.2799,599.1676)	(26.4753,62.1299,615.0402)	(2.4373,73.1903,602.2064)	
(-8.7577,-32.0751,598.8330)	(18.3088,-31.0617,599.7088)	(2.5323,9.5405,598.9760)	(1.0597,21.7453,590.0178)	(-43.4535,-13.7614,611.1262)	(-19.0945,-10.5073,609.9842)	(22.2829,-9.3433,611.7694)	(47.5122,-12.6095,618.6266)	(-25.6568,57.9266,606.3200)	(0.2890,51.0326,598.1519)	(24.1217,59.7037,611.0610)	(0.2363,68.6752,598.2342)	
(-12.8977,-32.1431,598.8603)	(11.1440,-33.1602,599.7348)	(-2.6881,7.4285,596.9864)	(-1.1050,19.5855,588.0237)	(-47.8382,-13.8725,615.1502)	(-22.2676,-11.5949,611.0059)	(18.0454,-11.4801,611.7916)	(43.2168,-12.6192,618.6444)	(-28.7961,54.7590,605.3284)	(-3.9578,47.6799,595.1574)	(22.8397,56.1484,609.0292)	(-5.0114,65.3414,595.2351)	
(-14.9731,-39.3705,598.8734)	(9.9475,-40.3288,598.7270)	(-3.6770,2.2451,598.9691)	(-3.0911,15.5393,590.0096)	(-49.9577,-18.1477,615.1416)	(-23.3219,-15.8214,611.0120)	(15.8758,-16.7607,610.7864)	(40.6671,-18.9128,614.6576)	(-30.8620,51.3590,605.3200)	(-6.0056,44.5727,595.1490)	(18.2781,51.5005,605.0355)	(-6.0262,62.2291,596.2169)	
(-14.9533,-41.5207,599.8546)	(7.9253,-40.4044,599.7280)	(-5.7860,1.2055,598.9621)	(-5.0534,13.4914,590.0182)	(-47.7885,-18.1098,614.1326)	(-23.3219,-15.8214,612.0030)	(15.8758,-16.7607,610.7936)	(39.5978,-17.8720,616.6547)	(-30.8620,51.3496,603.3219)	(-5.9994,42.5044,595.1306)	(18.4119,51.6664,605.0398)	(-6.0580,62.1272,595.2282)	
(-17.0235,-41.5981,600.8630)	(7.9315,-42.4869,599.7307)	(-5.7860,1.2057,597.9780)	(-7.1296,13.4647,589.0354)	(-49.9513,-20.2821,615.1358)	(-25.4346,-17.9798,612.0076)	(14.8229,-17.8274,610.7879)	(38.5253,-18.9160,614.6547)	(-30.8524,51.2731,602.3216)	(-8.0626,42.4951,595.1378)	(18.4119,51.6664,605.0355)	(-7.1196,61.0852,595.2182)	
(-17.0204,-41.5981,600.8657)	(5.9024,-42.5659,600.7346)	(-7.8247,-0.8798,598.9808)	(-7.0629,11.4545,591.0154)	(-49.9109,-20.2472,614.1356)	(-25.4346,-17.9798,612.0076)	(12.6950,-17.8337,610.7981)	(38.4318,-20.9776,614.6298)	(-30.8524,51.2668,602.3188)	(-7.0612,41.4014,594.1533)	(16.1780,51.4942,603.0514)	(-7.1196,60.9882,594.2293)	
(-19.0945,-41.6755,601.8770)	(4.8047,-39.3819,599.7610)	(-9.8955,1.1839,597.9952)	(-9.1391,11.4312,590.0268)	(-52.1776,-18.2172,617.1537)	(-27.5565,-17.9862,612.0238)	(12.6918,-17.8337,610.7966)	(38.5380,-16.8731,614.6547)	(-31.8960,49.1743,602.3230)	(-9.1476,41.3280,593.1687)	(13.9703,48.2771,601.0688)	(-9.2325,60.7817,592.2486)	
(-19.1043,-41.6044,600.8788)	(4.8605,-41.5260,600.7346)	(-9.8955,0.1492,598.0066)	(-9.1391,11.4312,590.0324)	(-52.1712,-20.3585,617.1450)	(-27.5565,-17.9862,612.0178)	(12.6950,-17.8305,610.7938)	(36.2066,-20.9808,613.6687)	(-36.0796,49.2473,603.3422)	(-11.1806,41.3859,594.1634)	(13.9672,48.2771,601.0731)	(-11.3024,58.6302,591.2584)	
(-19.0945,-41.6755,601.8626)	(4.8605,-41.5323,600.7446)	(-9.8955,0.1492,598.0066)	(-9.1391,11.4312,590.0324)	(-52.0836,-20.2886,615.1476)	(-27.5502,-20.1102,612.0091)	(12.6397,-19.9196,609.7899)	(36.1133,-20.9477,612.6635)	(-36.0796,49.2441,603.3422)	(-9.1476,41.3280,593.1546)	(16.1161,49.3218,602.0414)	(-9.2530,58.6302,591.2300)	
(-19.1043,-41.6044,600.8772)	(4.8605,-41.5323,600.7419)	(-9.8703,0.1492,598.9808)	(-9.1659,11.4141,589.0496)	(-52.0931,-18.1542,615.1606)	(-27.5565,-17.9862,612.0178)	(12.6429,-17.8025,609.8060)	(36.2066,-18.8599,613.6759)	(-36.0796,49.2410,603.3422)	(-11.2038,41.3218,593.1717)	(13.9703,48.2771,602.0444)	(-11.3024,58.6240,591.2428)	
(-21.1756,-43.7712,601.8800)	(4.8109,-41.4644,599.7595)	(-9.8986,0.1441,598.9866)	(-9.1391,11.4312,590.0268)	(-52.1712,-20.3585,617.1450)	(-27.5461,-20.0753,611.0180)	(12.6461,-19.9196,609.7914)	(36.2097,-20.9840,613.6731)	(-33.9740,49.0950,602.3302)	(-11.2038,41.3280,593.1872)	(13.9672,48.2771,601.0731)	(-11.3024,58.6240,591.2428)	
(-21.1818,-41.6818,601.8886)	(4.8605,-41.5323,600.7419)	(-9.8955,0.1492,598.0009)	(-11.2084,11.4110,589.0552)	(-52.1712,-20.3585,617.1450)	(-27.5565,-17.9862,612.0224)	(12.6397,-17.8025,609.8044)	(36.3062,-20.9840,614.6504)	(-36.0796,49.2410,603.3422)	(-11.1806,41.3890,594.1662)	(13.9672,48.2771,602.0487)	(-11.3024,58.6240,591.2442)	
(-21.1849,-41.6818,601.8886)	(2.7703,-39.3913,599.7854)	(-10.9402,0.1441,598.9923)	(-11.1850,11.4250,590.0438)	(-54.3577,-20.4000,618.1598)	(-29.6721,-20.1166,612.0238)	(10.5247,-19.9260,609.7986)	(35.1407,-19.9533,612.6548)	(-36.0796,49.2410,603.3422)	(-11.1744,39.3273,594.1535)	(13.9672,48.2771,601.0646)	(-11.3024,58.6240,591.2442)	
(-21.1849,-41.6818,601.8800)	(2.7766,-41.5386,600.7519)	(-10.9402,0.1441,598.9866)	(-11.2084,11.4110,589.0650)	(-54.3577,-20.4000,618.1569)	(-29.6721,-20.1166,612.0238)	(10.5215,-17.8089,609.8103)	(36.3994,-19.0145,614.6416)	(-36.0890,49.2441,603.3465)	(-11.1744,39.3273,594.1676)	(13.9734,48.2771,601.0788)	(-13.3517,58.6179,591.2542)	
(-21.1818,-41.6818,601.8886)	(2.7304,-41.4707,599.7597)	(-10.9402,0.1441,598.9908)	(-11.2084,11.4281,590.0438)	(-54.3577,-20.4000,618.1598)	(-29.6721,-20.1166,612.0238)	(10.5279,-19.9260,609.8001)	(36.2097,-18.9552,612.6548)	(-33.9834,49.1712,602.3346)	(-11.1806,41.3890,594.1719)	(11.8251,48.1930,600.0804)	(-11.3024,58.6240,591.2484)	
(-21.1818,-41.6818,601.8886)	(4.8047,-39.3819,599.7652)	(-10.9402,0.1441,598.9908)	(-11.1850,11.4360,591.0382)	(-54.3577,-20.4000,618.1569)	(-29.6721,-20.1166,612.0165)	(10.4729,-19.8913,608.8078)	(36.3030,-18.9520,613.6380)	(-33.9982,49.2441,603.3350)	(-11.1511,39.3880,595.1480)	(11.8158,48.1930,600.0804)	(-11.3024,58.6240,591.2428)	
(-21.1818,-41.6818,601.8886)	(2.7242,-39.3850,599.7668)	(-10.9402,0.1441,598.9980)	(-11.2084,11.4220,590.0396)	(-54.3577,-20.4000,617.1625)	(-29.6860,-18.0240,613.0310)	(10.5215,-17.8089,609.8118)	(35.1439,-19.9565,612.6753)	(-38.2138,49.2441,605.3548)	(-11.1744,39.3273,594.1692)	(11.8220,48.1930,601.0646)	(-13.3517,58.6179,591.2598)	
(-19.1105,-39.5184,600.8858)	(2.7242,-39.3850,599.7710)	(-10.9402,0.1441,598.9908)	(-11.2084,11.4220,590.0396)	(-54.3104,-20.3650,617.1596)	(-29.6721,-20.1166,612.0224)	(10.4761,-19.8913,608.8050)	(35.1503,-19.9597,612.6709)	(-38.2138,49.2441,605.3504)	(-13.2403,41.3890,594.1989)	(14.0318,48.2771,602.0588)	(-13.3517,58.6210,591.2569)	
(-21.1881,-39.5924,601.8971)	(2.7703,-39.4526,600.7590)	(-10.9402,0.1441,598.9866)	(-11.1850,11.4250,590.0495)	(-54.3168,-18.2236,617.1712)	(-27.5565,-17.9862,612.0208)	(10.5215,-17.8089,609.8103)	(35.2322,-17.8569,613.6628)	(-36.0890,49.2441,603.3465)	(-11.1806,41.3890,594.1646)	(13.9703,48.2771,601.0688)	(-13.3517,58.6179,591.2542)	
(-21.1818,-41.6818,601.8886)	(2.7211,-39.3174,598.7800)	(-10.9667,0.1461,598.9908)	(-11.2084,11.4220,590.0396)	(-54.3104,-20.3650,617.1596)	(-29.6784,-17.9926,612.0326)	(10.5215,-17.8089,609.8103)	(35.1407,-19.9533,612.6446)	(-38.2138,49.2441,605.3504)	(-13.2143,39.3849,595.1651)	(11.8158,48.1930,600.0904)	(-13.3517,58.6179,591.2556)	
(-21.1818,-41.6818,601.8843)	(4.8109,-41.4613,600.7246)	(-10.9402,0.1441,598.9980)	(-11.2084,11.4189,590.0382)	(-54.3104,-20.3650,617.1596)	(-29.6860,-18.0240,613.0326)	(10.5152,-17.8089,609.8029)	(35.1439,-19.9533,612.6548)	(-36.0614,49.1712,603.3422)	(-11.1511,39.3880,595.1438)	(11.8189,48.1930,600.0861)	(-13.3517,58.6240,591.2640)	
(-21.1818,-41.6818,601.8785)	(2.7703,-39.4526,600.7562)	(-10.9402,0.1441,598.9866)	(-11.1850,11.4250,590.0438)	(-54.3104,-20.3650,617.1596)	(-29.6784,-17.9926,612.0326)	(10.5215,-19.9260,609.8016)	(36.2129,-20.9840,613.6672)	(-36.0614,49.1712,602.3446)	(-11.1744,39.3273,594.1634)	(11.8189,48.1930,600.0861)	(-11.3024,58.6210,591.2344)	
(-21.1818,-41.6818,601.8886)	(2.7242,-39.3850,599.7652)	(-10.9667,0.1473,598.9908)	(-11.2084,11.4110,589.0650)	(-54.3104,-20.3650,617.1596)	(-29.6860,-18.0240,612.0340)	(10.5247,-17.8089,609.8118)	(35.1376,-19.9501,612.6490)	(-36.0890,49.2410,603.3465)	(-11.1806,41.3890,594.1620)	(13.9672,48.2771,601.0630)	(-13.3517,58.6179,591.2556)	
(-21.1818,-41.6818,601.8843)	(2.7766,-41.5354,600.7462)	(-10.9636,0.1461,598.0066)	(-11.1850,11.4250,590.0495)	(-54.3104,-20.3650,617.1625)	(-29.6860,-18.0240,613.0310)	(10.5733,-17.8401,610.8068)	(36.2097,-20.9840,614.6416)	(-38.2138,49.2410,605.3504)	(-13.2403,41.3828,594.1833)	(11.8220,48.1930,601.0603)	(-13.3517,58.6179,591.2682)	
(-21.1944,-39.5246,600.9059)	(2.7242,-39.3850,599.7652)	(-10.9402,0.1441,599.0023)	(-11.2084,11.4079,589.0496)	(-54.3136,-20.4000,617.1640)	(-29.6860,-18.0240,613.0295)	(10.5247,-17.8089,609.8134)	(36.1133,-18.9520,612.6386)	(-36.0890,49.2441,603.3465)	(-13.2403,41.3828,594.1848)	(11.8158,48.1930,600.0718)	(-13.3320,58.7145,592.2572)	
(-21.1818,-41.6818,601.8886)	(2.7641,-39.3850,600.7504)	(-10.9667,0.1441,598.9951)	(-11.2084,11.4189,590.0382)	(-54.3104,-20.3650,617.1596)	(-29.6860,-18.0240,613.0326)	(10.5247,-17.8089,609.8118)	(35.1471,-19.9565,612.6563)	(-38.2138,49.2441,605.3548)	(-13.2403,41.3890,594.1932)	(11.8220,48.1930,601.0603)	(-13.3517,58.6240,591.2682)	
(-21.1881,-39.5924,601.8971)	(2.7242,-39.3850,599.7752)	(-10.9667,0.1441,598.9966)	(-11.2084,11.4110,589.0552)	(-54.3104,-20.3650,617.1596)	(-29.6860,-18.0240,613.0310)	(10.5215,-17.8089,609.8103)	(35.1503,-19.9597,612.6753)	(-38.1704,49.1680,603.3538)	(-13.2403,41.3828,594.1734)	(11.8833,48.2708,601.0788)	(-13.3517,58.6179,591.2626)	
(-21.1818,-41.6818,601.8886)	(2.7242,-39.3850,599.7638)	(-10.9667,0.1473,598.9923)	(-11.1850,11.4250,590.0495)	(-54.3104,-20.3650,617.1596)	(-29.6860,-18.0240,613.0295)	(10.5184,-17.8089,609.8029)	(35.1376,-19.9533,611.6861)	(-36.0890,49.2441,603.3465)	(-13.2403,41.3828,594.1890)	(11.8251,48.2708,600.0861)	(-13.3517,58.6210,591.2640)	
(-21.1881,-39.5924,601.8943)	(2.7242,-39.3850,599.7796)	(-10.9402,0.1441,598.9923)	(-11.1850,11.4250,590.0438)	(-54.3104,-20.3650,617.1596)	(-29.6860,-17.9958,612.0400)	(10.5215,-17.8089,609.8103)	(35.1439,-19.9533,612.6592)	(-38.2138,49.2441,605.3504)	(-13.2205,41.4439,594.2031)	(11.8251,48.2708,601.0703)	(-13.3517,58.6179,591.2598)	
(-21.1818,-41.6818,601.8886)	(2.7672,-39.3850,599.7768)	(-10.9433,0.1441,599.0080)	(-13.2109,11.4298,591.0453)	(-54.3168,-18.2236,617.1712)	(-29.6860,-18.0240,612.0356)	(10.5215,-17.8089,609.8103)	(35.2354,-17.8601,613.6731)	(-38.2138,49.2441,605.3548)	(-13.2403,41.3828,594.1848)	(11.8220,48.1930,601.0646)	(-13.3517,58.6179,591.2598)	
(-21.1818,-41.6818,601.8886)	(2.7242,-39.3850,599.7680)	(-10.9402,0.1441,599.0023)	(-11.2084,11.4189,590.0382)	(-54.3104,-20.3650,617.1596)	(-29.6860,-17.9958,612.0400)	(10.5215,-17.8089,609.8088)	(36.2129,-18.9520,613.6380)	(-36.0890,49.2441,603.3465)	(-13.2403,41.3828,594.1833)	(11.8833,48.2708,601.0733)	(-13.3517,58.6240,591.2738)	
(-23.2754,-39.5986,601.9086)	(2.7242,-39.3850,599.7680)	(-10.9667,0.1441,598.9980)	(-13.2308,11.4250,590.0608)	(-54.3104,-20.3650,617.1568)	(-29.6860,-18.0240,613.0326)	(10.4697,-17.7777,608.8106)	(35.1376,-17.8848,612.6942)	(-38.1704,49.1649,603.3538)	(-13.2403,41.3828,594.1818)	(11.8833,48.2708,602.0618)	(-13.3714,58.5274,591.2470)	
(-25.3565,-41.6944,601.9132)	(0.6438,-39.3913,599.7768)	(-15.0941,0.1317,599.0153)	(-17.3226,10.3918,590.0778)	(-56.5511,-20.4414,619.1718)	(-31.8050,-20.1579,613.0356)	(8.4002,-17.8152,609.8146)	(33.0154,-17.8386,612.6958)	(-42.4030,47.1386,605.3694)	(-17.3535,39.3087,594.2060)	(8.7574,49.2204,601.0891)	(-17.4632,57.5860,591.2738)	
(-25.3565,-41.6944,601.9116)	(-1.4366,-39.3975,599.7898)	(-17.1842,0.1274,598.0426)	(-19.3685,10.3826,590.0906)	(-58.6908,-22.5961,619.1748)	(-33.9448,-20.1992,614.0457)	(6.2435,-19.9040,608.8254)	(30.7959,-19.9283,611.6687)	(-44.4366,47.1261,603.3800)	(-19.4132,38.3399,594.2232)	(6.6735,49.2141,601.0964)	(-19.4997,57.5768,591.2882)	
(-27.4478,-41.7718,602.9229)	(-3.5233,-39.4038,599.7984)	(-19.2578,0.1211,598.0384)	(-21.3990,9.3464,590.0962)	(-60.9586,-20.5244,621.1959)	(-36.0736,-20.2056,614.0590)	(4.1703,-16.7726,608.8414)	(29.9038,-15.7175,612.6914)	(-44.4460,47.1229,603.3842)	(-21.4789,38.2716,593.2160)	(4.5343,49.0489,600.1021)	(-22.5676,56.5388,591.2997)	
(-27.4478,-41.7718,602.9229)	(-3.5109,-41.4863,599.7985)	(-21.3189,-1.9662,599.0613)	(-21.3990,9.3433,590.0906)	(-60.8881,-24.7928,620.1752)	(-36.0736,-20.2056,614.0590)	(4.1703,-16.8021,608.8399)	(28.5897,-17.7891,610.7204)	(-47.6473,46.2182,605.3969)	(-22.5174,39.2295,593.2202)	(2.4144,49.0427,599.1220)	(-24.6169,56.5326,591.3123)	
(-27.4416,-43.8647,602.9143)	(-3.5109,-41.4863,599.8012)	(-21.3189,-1.9662,599.0570)	(-22.4312,9.3433,590.1090)	(-58.6908,-22.5961,619.1778)	(-36.0915,-20.2405,615.0575)	(4.1766,-17.8311,609.8454)	(27.6035,-16.7320,611.7022)	(-48.7351,47.2681,606.4047)	(-24.5633,39.2295,593.2570)	(0.3343,49.0364,599.1308)	(-26.6690,56.6257,592.3354)	
(-27.4416,-43.8647,602.9143)	(-1.3912,-41.5511,600.7792)	(-21.3127,-1.9716,600.0412)	(-22.4312,9.3433,590.1132)	(-58.6844,-24.7444,619.1632)	(-36.0494,-22.2981,613.0578)	(4.1703,-16.8053,608.8430)	(29.7318,-15.6899,611.6979)	(-46.6434,47.3438,605.3969)	(-24.5625,39.2839,594.2234)	(2.4507,51.2046,600.1508)	(-24.6216,58.7772,593.3074)	
(-25.3503,-43.7838,602.8826)	(-3.5171,-39.4038,599.7998)	(-19.2323,-1.9653,600.0398)	(-21.3898,9.3525,591.0822)	(-58.6844,-24.7444,619.1661)	(-36.0494,-22.2981,613.0534)	(4.1734,-18.8472,609.8454)	(29.8146,-16.7487,611.7226)	(-48.7741,47.4164,607.4054)	(-23.5295,39.2870,594.2318)	(0.3312,51.1155,599.1478)	(-24.6216,58.7772,593.3330)	
(-27.4353,-45.9576,602.9086)	(-1.3943,-41.4863,600.7707)	(-19.2323,-1.9653,600.0240)	(-21.3990,9.3569,590.1118)	(-58.6844,-24.7444,619.1661)	(-36.0494,-22.2981,613.0578)	(4.1797,-17.8216,609.8410)	(30.7991,-17.8075,611.6920)	(-44.5101,47.1261,603.3842)	(-23.5239,39.2901,594.2162)	(2.4144,51.1217,599.1564)	(-24.6202,58.9704,595.3125)	
(-25.3508,-43.8584,602.9028)	(-1.3912,-41.5511,600.7835)	(-19.2226,-1.9708,601.0296)	(-21.3929,9.3600,591.1076)	(-58.7450,-22.6346,620.1750)	(-33.9448,-20.1992,614.0472)	(4.2180,-17.8624,610.8435)	(29.8146,-16.7717,612.7002)	(-46.6695,47.3501,607.3937)	(-23.5326,38.2654,594.2375)	(2.4113,51.1217,599.1364)	(-24.6288,61.2295,597.3118)	
(-25.3508,-43.8584,602.9028)	(0.6896,-41.4738,600.7592)	(-17.1842,0.1274,598.0426)	(-19.3654,11.3974,590.0891)	(-58.7386,-24.7863,620.1662)	(-33.9384,-22.3301,614.0312)	(6.2467,-17.7904,608.8356)	(30.8022,-17.8171,611.7080)	(-44.5007,47.1292,605.3810)	(-23.5295,39.2870,594.2318)	(2.4144,51.1217,599.1564)	(-23.6010,64.1335,595.3294)	
(-25.3508,-43.8584,602.9028)	(0.6927,-41.4800,600.7534)	(-17.1842,0.1274,598.0526)	(-19.3654,11.3864,589.0835)	(-58.6844,-24.7444,619.1661)	(-33.9593,-20.2340,614.0457)	(6.2884,-17.8216,609.8322)	(30.7896,-17.8043,610.7188)	(-42.3552,47.1292,603.3727)	(-21.4729,38.2716,594.2190)	(4.5405,51.2109,600.1408)	(-22.5735,63.0035,594.3205)	
(-25.3570,-41.7655,602.9113)	(-1.4366,-39.3975,599.7898)	(-19.2578,0.1211,598.0683)	(-19.3528,8.3492,591.0822)	(-58.7514,-20.4829,620.1838)	(-33.9448,-20.1992,614.0457)	(4.1797,-17.8624,609.8454)	(29.8146,-16.7519,612.6958)	(-46.6695,47.4227,607.3937)	(-21.4729,38.3337,594.2346)	(4.5896,49.2078,601.1164)	(-22.5674,60.8478,594.3106)	
(-27.4385,-43.7901,602.9058)	(-1.4304,-41.4863,600.7677)	(-19.2323,-1.9653,600.0340)	(-19.3528,8.3523,591.0864)	(-58.7450,-22.6346,620.1750)	(-36.0736,-20.2056,614.0606)	(6.2852,-17.8216,609.8307)	(30.8022,-17.8139,611.7038)	(-46.6695,47.3501,607.3937)	(-21.4729,38.2716,594.2190)	(6.6797,47.1281,601.0921)	(-21.5373,57.8584,593.3144)	
(-27.4416,-43.8647,602.9158)	(-1.4304,-41.4800,599.7870)	(-19.2481,0.1192,599.0384)	(-20.4180,11.3772,589.0849)	(-58.6908,-22.5961,619.1748)	(-36.0736,-20.2056,614.0606)	(6.2467,-17.7904,608.8356)	(30.7991,-17.8139,611.7038)	(-45.5834,46.2985,606.3830)	(-21.4791,40.3334,594.2289)	(6.6303,47.0521,600.1006)	(-21.5191,56.7312,593.2918)	
(-27.4478,-41.7718,602.9229)	(-3.4751,-41.5574,600.7880)	(-19.2323,-1.9653,600.0498)	(-19.3528,8.3611,592.0766)	(-58.6908,-22.5961,620.1722)	(-33.9448,-20.1992,613.0502)	(4.1351,-18.8472,608.8473)	(30.7991,-17.8139,611.7080)	(-45.5834,46.2985,607.3808)	(-21.4729,38.3337,595.2008)	(4.4976,46.9699,599.1078)	(-22.5592,56.7251,593.3003)	
(-27.4416,-43.8647,602.9116)	(-3.5109,-41.4863,599.8012)	(-19.2481,0.1192,599.0440)	(-20.4210,11.3864,589.0948)	(-58.6908,-22.5961,619.1748)	(-33.9304,-20.1642,613.0458)	(4.1703,-16.7726,608.8399)	(30.8022,-17.8171,611.7140)	(-49.9015,44.3942,609.3992)	(-22.5132,39.2325,593.2357)	(4.4945,46.9699,599.0978)	(-24.6101,54.5709,592.3030)	
(-27.4478,-41.7718,602.9244)	(-3.4814,-39.4714,600.7978)	(-19.2481,0.1192,599.0541)	(-21.4021,11.3943,590.0962)	(-58.6908,-22.5961,619.1778)	(-33.9448,-20.1992,613.0502)	(4.1829,-17.8624,609.8454)	(30.7991,-17.8139,611.7080)	(-49.9015,44.3942,609.3992)	(-22.5132,39.2356,593.2456)	(2.3354,46.8117,598.1034)	(-24.5978,50.4612,592.2875)	
(-27.4478,-41.7718,602.9229)	(-3.4845,-39.4651,600.7850)	(-19.2481,0.1192,599.0484)	(-21.3960,11.3974,590.1061)	(-58.6908,-22.5961,619.1748)	(-36.0736,-20.2056,614.0590)	(4.1351,-18.8472,608.8473)	(30.7991,-17.8171,611.7096)	(-49.8671,46.4370,609.4051)	(-23.5265,39.2870,594.2219)	(6.5776,46.9761,599.1106)	(-24.6047,52.4298,591.2928)	
(-27.4478,-41.7718,602.9229)	(-3.5171,-39.4038,599.7998)	(-19.2481,0.1192,599.0484)	(-19.3685,10.3826,590.0906)	(-58.6908,-22.5961,619.1778)	(-36.0557,-20.2024,614.0575)	(4.1703,-18.8472,609.8438)	(30.8022,-17.8139,611.6994)	(-47.7218,46.3662,607.3980)	(-21.4729,38.2716,594.2162)	(4.4945,46.9699,599.0935)	(-22.5531,54.6606,592.2986)	
(-27.4478,-41.7718,602.9229)	(-3.5047,-41.4863,600.7750)	(-19.2481,0.1192,599.0541)	(-19.3654,11.3864,590.0849)	(-60.9522,-22.6796,620.1885)	(-36.0557,-20.2024,614.0575)	(4.1734,-17.8624,609.8454)	(30.8022,-17.8171,611.7080)	(-43.3912,46.0859,603.3698)	(-21.4729,38.2716,594.2204)	(4.4484,46.8939,598.1162)	(-22.5676,56.5388,591.3010)	
(-27.4478,-41.7718,602.9229)	(-1.3974,-39.4651,600.7850)	(-19.2481,0.1192,599.0484)	(-19.3685,10.3980,591.0808)	(-58.7514,-20.4829,620.1810)	(-33.9656,-18.0996,615.0544)	(6.2852,-17.8216,608.8356)	(29.7318,-16.7519,612.6856)	(-45.5834,46.2985,606.3858)	(-21.4729,38.2716,594.2120)	(6.6209,49.1346,600.1006)	(-20.5182,56.5480,591.2911)	
(-27.4478,-41.7718,602.9229)	(-1.4304,-41.4832,599.7898)	(-19.2481,0.1192,599.0583)	(-21.3898,11.4004,590.1004)	(-58.6908,-22.5961,619.1778)	(-33.9304,-20.1642,613.0474)	(6.2884,-17.8216,609.8279)	(33.0122,-17.8386,612.6958)	(-44.5422,47.4259,606.3902)	(-21.4729,38.2716,593.2342)	(4.4852,51.1280,599.1291)	(-22.5654,58.7834,593.3060)	
(-27.4478,-41.7718,602.9229)	(-1.4304,-41.4863,600.7677)	(-19.2481,0.1192,599.0541)	(-21.3898,11.4144,591.1104)	(-58.6908,-22.5961,619.1748)	(-36.0736,-20.2056,614.0532)	(4.2180,-17.8624,610.8435)	(30.8022,-17.8139,611.7080)	(-45.7343,51.8873,610.4040)	(-23.5332,41.4160,595.2306)	(0.2797,55.1838,598.1762)	(-24.6318,63.2012,596.3356)	
(-25.3565,-41.6944,601.9144)	(-1.4366,-39.3975,599.7882)	(-17.1711,0.1254,599.0310)	(-19.3493,10.4316,592.0949)	(-56.5004,-20.4064,618.1745)	(-33.9512,-18.0682,614.0529)	(5.2772,-16.7630,609.8438)	(32.0358,-16.7979,613.7038)	(-45.8083,54.1799,613.4143)	(-24.5724,43.6225,596.2635)	(4.6692,57.7383,603.1710)	(-24.6291,64.5607,601.3390)	
(-23.2754,-39.5986,601.9086)	(-1.4366,-39.3975,599.7898)	(-17.1904,2.2030,598.0496)	(-19.3746,12.4589,591.0877)	(-58.6908,-22.5961,619.1748)	(-33.9304,-20.1642,613.0443)	(6.2916,-17.8216,609.8322)	(33.0122,-17.8354,612.6856)	(-43.6560,54.0969,611.4070)	(-19.4315,47.7016,595.2516)	(7.9745,54.9672,607.1296)	(-21.5116,63.5305,599.3211)	
(-25.3565,-41.6944,601.9159)	(-1.4366,-39.3975,599.7998)	(-17.1904,2.2030,598.0396)	(-17.3418,12.4432,590.0820)	(-56.4940,-22.5512,618.1628)	(-33.9448,-20.1992,613.0488)	(6.2884,-17.8216,609.8337)	(33.0154,-17.8386,612.7016)	(-45.8019,52.0494,612.4078)	(-19.4377,49.6986,595.2558)	(10.1303,52.8668,607.1109)	(-19.4405,63.5243,599.3066)	
(-25.3570,-41.7655,602.9086)	(-1.4366,-39.3975,599.7912)	(-17.1904,2.2030,598.0411)	(-17.3287,12.4555,591.0764)	(-56.5004,-20.4064,618.1745)	(-33.9512,-18.0682,614.0544)	(6.2435,-17.7904,608.8371)	(33.0090,-17.8322,612.6650)	(-45.8083,54.1767,612.4166)	(-19.4315,47.6334,595.2431)	(10.0820,52.8668,607.0977)	(-20.4776,64.5638,599.3182)	
(-25.3565,-41.6944,602.9028)	(-1.3974,-39.4651,600.7878)	(-17.2035,2.2014,598.0296)	(-17.3287,12.4432,590.0876)	(-58.7514,-20.4829,620.1838)	(-33.9304,-20.1642,613.0458)	(6.2467,-17.7904,608.8356)	(30.8022,-17.8139,611.7080)	(-45.7681,51.9732,611.4073)	(-19.4409,47.6271,594.2555)	(12.2350,53.9201,607.0934)	(-20.4896,64.3626,598.3162)	
(-25.3565,-41.6944,601.9116)	(-1.4366,-39.3975,599.7855)	(-17.1711,0.1254,599.0254)	(-17.3287,12.4494,590.0805)	(-58.6908,-22.5961,619.1748)	(-33.9448,-20.1992,613.0458)	(6.2916,-17.8216,609.8352)	(33.0090,-17.8322,612.6753)	(-45.7744,54.0937,611.4160)	(-18.3907,46.5249,594.2257)	(12.1863,51.6443,606.0832)	(-18.4161,64.3657,597.3002)	
(-25.3565,-41.6944,601.9159)	(-1.4366,-39.3975,599.7956)	(-15.0941,0.1317,599.0210)	(-17.3287,12.4432,590.0820)	(-58.6908,-22.5961,619.1748)	(-33.9448,-20.1706,613.0591)	(6.2852,-17.8216,608.8356)	(32.9210,-19.9283,611.6774)	(-43.5586,51.7283,608.3940)	(-18.4018,46.5249,594.2329)	(12.1219,51.4785,605.0948)	(-17.4018,63.2292,596.2956)	
(-25.3565,-41.6944,601.9132)	(-1.4335,-39.4038,600.7720)	(-15.0941,0.1317,599.0196)	(-17.3226,11.4035,590.0891)	(-58.7514,-20.4829,620.1838)	(-33.9512,-18.0682,614.0544)	(6.2884,-17.8216,609.8337)	(32.1253,-16.8043,614.6812)	(-44.6032,49.5421,608.3912)	(-16.3360,44.4693,594.2058)	(12.0057,50.6039,605.0790)	(-17.4181,60.9603,594.2863)	
(-25.3565,-41.6944,601.9144)	(-1.4335,-39.4651,599.7912)	(-15.0941,0.1317,599.0196)	(-17.3226,11.4035,591.0736)	(-58.6908,-22.5961,620.1722)	(-33.9448,-20.1992,614.0457)	(6.2467,-17.7904,609.8307)	(30.8022,-17.8171,611.7080)	(-44.5711,49.5358,607.3907)	(-17.3818,43.3677,594.2004)	(9.9055,50.4352,603.0962)	(-17.4181,58.8924,594.2779)	
(-25.3565,-41.6944,602.9070)	(-1.4366,-39.3975,599.7898)	(-15.0941,0.1317,599.0210)	(-17.3226,11.4035,591.0680)	(-58.6908,-22.5961,619.1748)	(-33.9304,-20.1642,613.0458)	(6.2916,-17.8216,609.8322)	(33.0090,-17.8322,612.6694)	(-44.5711,49.5390,608.3912)	(-17.3818,43.3646,594.1989)	(9.8571,50.4352,603.0904)	(-17.4248,57.7758,593.2776)	
(-25.3565,-41.6944,601.9144)	(0.6438,-39.3913,599.7796)	(-15.0941,0.1317,599.0254)	(-17.3226,11.4035,590.0891)	(-58.6908,-22.5961,619.1748)	(-33.9448,-20.1992,614.0442)	(8.3582,-17.7840,609.8146)	(35.1439,-17.8633,613.6790)	(-44.6064,47.4985,608.3869)	(-17.3726,41.2970,593.1944)	(9.8571,48.2645,602.0776)	(-19.4842,55.6199,592.2745)	
(-25.3570,-41.7655,602.9113)	(-1.3912,-41.5511,600.7878)	(-17.1711,0.1254,599.0468)	(-17.3226,10.3888,590.0680)	(-58.6908,-22.5961,619.1748)	(-33.9448,-20.1992,614.0442)	(6.2467,-17.7904,608.8356)	(32.9273,-19.9315,611.6833)	(-44.6064,47.4291,607.3864)	(-17.3535,39.3025,594.1778)	(11.8957,46.1814,601.0776)	(-19.4720,51.5102,592.2576)	
(-25.3570,-41.7655,602.9113)	(-1.4366,-39.3975,599.7984)	(-17.1711,0.1254,599.0426)	(-17.3226,10.3918,590.0793)	(-58.6908,-22.5961,620.1722)	(-33.9448,-20.1992,614.0398)	(6.2884,-17.8216,609.8337)	(32.9305,-19.9315,611.6892)	(-42.4030,47.1386,605.3694)	(-17.3535,39.3087,594.2060)	(8.7107,47.0584,600.0848)	(-19.4781,53.5651,592.2718)	
(-25.3570,-41.7655,602.9113)	(0.6927,-41.5448,600.7692)	(-17.1711,0.1254,599.0310)	(-17.3226,11.4035,591.0680)	(-58.7450,-22.6346,620.1750)	(-33.9448,-20.1992,614.0398)	(6.2884,-17.8216,609.8337)	(32.9241,-19.9315,611.6818)	(-44.5648,47.3565,607.3820)	(-17.3535,39.3087,594.1976)	(8.7574,47.1344,601.0648)	(-19.4842,55.6168,592.2787)	
(-25.3570,-41.7655,602.9113)	(0.6865,-39.4588,600.7762)	(-15.1107,0.1336,599.0096)	(-17.3226,10.3888,590.0778)	(-58.7450,-22.6346,620.1750)	(-33.9448,-20.1992,614.0457)	(8.4002,-17.8152,609.8162)	(32.9305,-19.9315,611.6892)	(-42.4030,47.1386,605.3694)	(-17.3406,39.3663,594.2132)	(8.7138,47.0584,600.0991)	(-19.4842,55.6137,592.2774)	
(-25.3570,-41.7655,602.9113)	(-1.3974,-39.4651,600.7778)	(-15.0941,0.1317,599.0254)	(-17.3226,10.3918,590.0793)	(-58.7450,-22.6346,620.1750)	(-33.9448,-20.1992,614.0442)	(6.2435,-17.7904,608.8356)	(33.0154,-17.8386,612.6972)	(-44.5648,47.3565,607.3820)	(-17.3535,39.3087,594.2060)	(8.7574,49.2204,601.0834)	(-19.4904,55.5285,591.2812)	
(-25.3565,-41.6944,601.9202)	(-1.4366,-39.3975,599.7926)	(-15.0941,0.1317,599.0153)	(-17.3226,10.3918,590.0722)	(-58.6908,-22.5961,619.1748)	(-33.9593,-20.2056,614.0547)	(6.2852,-17.8216,609.8322)	(32.9241,-19.9283,611.6774)	(-40.3209,49.4629,605.3708)	(-17.3535,39.3087,594.2075)	(8.7605,49.2204,601.0934)	(-19.4842,55.6168,592.2660)	
(-23.2662,-41.7561,602.8954)	(-1.3974,-39.4651,600.7820)	(-17.1711,0.1254,599.0310)	(-17.3226,10.4041,590.0778)	(-56.5447,-22.5897,619.1630)	(-33.9448,-20.1992,614.0398)	(6.2852,-17.8216,609.8279)	(32.9273,-19.9315,611.6833)	(-42.4410,47.3565,606.3714)	(-19.4132,38.3399,594.2147)	(8.7605,49.2204,601.1034)	(-19.4842,55.6137,592.2718)	
(-25.3565,-41.6944,601.9144)	(-1.4366,-39.3975,599.7882)	(-17.1711,0.1254,599.0426)	(-17.3226,10.3918,590.0793)	(-58.7450,-22.6346,619.1778)	(-33.9448,-20.1706,613.0504)	(6.2852,-17.8216,609.8322)	(33.0122,-17.8354,612.6812)	(-42.4030,47.1386,605.3694)	(-19.4132,38.3399,595.1936)	(8.7045,49.1409,600.1076)	(-19.4842,55.6137,592.2802)	
(-25.3570,-41.7655,602.9113)	(-1.4366,-39.3975,599.7926)	(-17.1711,0.1254,599.0568)	(-17.3356,10.3918,590.0736)	(-58.7514,-20.4829,620.1838)	(-33.9512,-18.0682,614.0544)	(6.2852,-17.8216,609.8307)	(32.0326,-16.7717,613.6774)	(-44.5648,47.3565,607.3777)	(-17.3406,39.3663,595.1780)	(8.7574,49.2204,601.0876)	(-19.4842,55.6168,592.2802)	
(-25.3570,-41.7655,602.9113)	(0.6865,-39.4588,600.7720)	(-17.1842,0.1274,598.0526)	(-17.3096,11.4127,591.0680)	(-56.4940,-22.5512,618.1657)	(-33.9448,-20.1992,613.0504)	(6.2916,-17.8216,609.8337)	(30.8805,-17.8354,611.7183)	(-42.4124,47.3565,605.3780)	(-19.4132,39.2994,594.2232)	(6.5683,49.0552,599.1048)	(-19.4842,55.6168,592.2660)	
(-25.3565,-41.6944,602.9070)	(-1.3974,-39.4651,600.7792)	(-17.1711,0.1254,599.0310)	(-17.3226,11.4035,591.0680)	(-56.4940,-22.5512,618.1628)	(-33.9448,-20.1992,613.0502)	(6.2884,-17.8216,609.8264)	(33.1002,-17.8633,613.6746)	(-42.4093,49.3868,606.3785)	(-19.4132,39.2994,595.1936)	(8.7045,49.1409,600.0976)	(-19.4936,55.5285,591.2840)	
(-25.3565,-41.6944,601.9144)	(0.6438,-39.3944,599.7854)	(-15.0941,0.1317,599.0196)	(-17.3096,11.4035,591.0778)	(-56.4940,-22.5512,619.1601)	(-33.9304,-20.1642,613.0458)	(6.2947,-17.8216,609.8337)	(33.0154,-17.8354,612.6856)	(-42.3489,47.1324,603.3712)	(-19.4132,39.3025,595.1894)	(8.7574,49.2204,601.0919)	(-19.4904,55.5285,591.2812)	
(-25.3565,-41.6944,601.9132)	(0.6865,-39.4557,600.7690)	(-15.0941,0.1317,599.0310)	(-17.3226,11.3956,590.0778)	(-56.4940,-22.5512,618.1628)	(-31.8050,-20.1579,612.0371)	(6.2884,-17.8216,609.8322)	(33.0122,-17.8290,612.6753)	(-40.2643,47.1386,603.3611)	(-17.3535,39.3149,594.2075)	(8.7045,49.1409,600.0934)	(-19.4875,55.6137,591.2741)	
(-23.2692,-41.6881,601.9001)	(0.6438,-39.3944,599.7868)	(-15.0941,0.1317,599.0096)	(-17.3226,11.4035,590.0891)	(-56.4940,-22.5512,618.1628)	(-31.8113,-18.0304,613.0443)	(8.4066,-17.8152,609.8205)	(33.0090,-17.8290,612.6694)	(-42.4030,47.1386,605.3694)	(-17.3535,39.3087,594.2060)	(8.7574,49.2204,601.0876)	(-19.4936,55.5285,591.2812)	
(-25.3570,-41.7655,602.9113)	(0.6865,-39.4588,600.7735)	(-15.0941,0.1317,599.0354)	(-17.3226,10.4041,590.0834)	(-56.4432,-22.5127,618.1613)	(-31.8050,-20.1579,612.0371)	(8.3551,-17.7840,608.8254)	(33.1034,-17.8633,613.6746)	(-42.3521,49.2284,605.3780)	(-17.3535,39.3087,594.2018)	(8.7636,49.2204,601.1078)	(-19.4936,55.5285,591.2798)	
(-25.3565,-41.6944,601.9116)	(-1.4366,-39.3975,599.7940)	(-17.1711,0.1254,599.0368)	(-19.3685,10.3887,590.0906)	(-58.6908,-22.5961,619.1748)	(-33.9448,-20.1706,613.0458)	(6.2852,-17.8216,608.8371)	(30.7959,-17.8107,611.6920)	(-44.5007,47.1324,605.3810)	(-19.4132,38.2778,594.2033)	(6.6178,49.0552,600.0948)	(-20.5152,56.6412,592.2774)	
(-27.4478,-41.7718,602.9229)	(-3.5171,-39.4038,599.8028)	(-19.2481,0.1192,599.0384)	(-21.4021,11.3943,589.1159)	(-60.9010,-20.4894,620.1958)	(-36.0736,-20.2056,614.0590)	(6.2404,-17.7904,608.8312)	(29.8146,-15.7111,611.7124)	(-42.3266,47.0535,602.3722)	(-21.4789,38.2716,593.2286)	(6.6704,49.1346,601.0964)	(-22.5634,56.6350,592.2972)	
(-27.4541,-39.6789,602.9314)	(-5.5944,-39.4100,599.8186)	(-21.3251,0.1129,599.0656)	(-22.4373,11.3974,590.1272)	(-60.9010,-20.4894,620.1958)	(-36.0800,-18.0746,614.0678)	(1.0403,-16.7789,610.8596)	(27.6067,-16.7320,611.7183)	(-48.7741,47.4164,607.4054)	(-23.5265,39.2295,593.2456)	(2.4082,49.0427,599.1078)	(-24.6162,56.6257,592.3086)	
(-27.4541,-39.6789,602.9314)	(-3.4876,-39.4069,600.7850)	(-19.2481,0.1192,599.0484)	(-21.4021,11.3943,590.1061)	(-60.9010,-20.4894,620.1958)	(-36.0736,-20.2056,614.0575)	(4.1351,-18.8472,608.8458)	(29.7349,-16.7519,612.6899)	(-50.9211,47.4890,609.4181)	(-23.5239,39.2901,594.2204)	(2.3718,48.9632,598.1419)	(-24.6155,56.7189,592.3128)	
(-27.4541,-39.6789,602.9314)	(-3.4876,-39.4651,599.8070)	(-19.2481,0.1192,599.0683)	(-21.4052,11.3974,590.1004)	(-60.8945,-22.6411,620.1870)	(-36.0736,-20.2056,614.0590)	(4.1703,-16.8053,608.8414)	(29.8146,-15.7111,611.7124)	(-46.6434,47.3438,606.3974)	(-23.5295,39.2870,594.2204)	(2.3718,48.9632,598.1419)	(-24.6162,56.6257,592.3086)	
(-27.4478,-41.7718,602.9229)	(-3.4814,-39.4714,600.7950)	(-19.2481,0.1192,599.0641)	(-21.4052,11.4082,591.1005)	(-58.6972,-20.4479,619.1836)	(-36.0800,-18.0746,614.0678)	(3.1556,-17.7904,609.8556)	(27.6035,-14.6310,611.7388)	(-47.6473,46.2182,605.3969)	(-24.5625,39.2870,594.2290)	(2.4113,51.1217,599.1521)	(-26.6717,56.7189,593.3203)	
(-27.4478,-41.7718,602.9229)	(-3.4876,-37.3823,600.7993)	(-21.3251,0.1129,599.0798)	(-22.4403,11.4082,591.0963)	(-60.8945,-22.6411,620.1841)	(-36.0557,-20.1706,613.0666)	(3.1191,-14.6555,608.8427)	(27.5972,-13.5512,610.7290)	(-48.7835,47.4132,607.4068)	(-24.5686,41.3519,594.2616)	(2.5452,51.3704,602.1281)	(-26.6923,61.1325,596.3328)	
(-25.3690,-37.5155,601.9288)	(-3.5233,-35.2387,599.8169)	(-21.3251,0.1129,599.0756)	(-22.4447,11.3912,590.1118)	(-58.6430,-20.4129,618.1864)	(-33.9512,-18.0682,613.0635)	(0.9978,-15.6830,609.8760)	(28.5739,-12.4845,610.7362)	(-50.8787,47.4101,607.4170)	(-24.5748,43.4105,594.2460)	(2.5421,53.4599,602.1596)	(-26.6985,63.1950,596.3442)	
(-23.2845,-37.4449,600.9217)	(-4.5697,-34.1975,599.8269)	(-19.2639,2.1967,598.0726)	(-20.4271,13.4217,589.1088)	(-56.4432,-22.5127,617.1627)	(-33.9367,-18.0368,613.0532)	(0.9978,-15.6830,609.8760)	(26.2811,-11.3715,609.7325)	(-50.8819,46.2827,607.4170)	(-24.5686,41.3488,594.2318)	(2.5846,55.6391,603.1682)	(-27.7304,64.1304,595.3607)	
(-23.2816,-37.5092,601.9172)	(-1.4553,-35.2387,599.8068)	(-19.2639,2.1967,598.0668)	(-20.4271,13.4217,589.1088)	(-58.6844,-24.7444,619.1661)	(-33.9448,-20.1992,614.0442)	(5.2709,-14.6459,609.8526)	(30.8614,-10.3956,612.7074)	(-50.8394,46.2827,606.4192)	(-24.5686,41.3488,594.2502)	(2.5846,55.6391,603.1698)	(-27.7259,64.0251,594.3588)	
(-23.2692,-41.6200,601.8916)	(0.6376,-37.3087,599.7854)	(-19.2351,2.2012,602.0367)	(-21.3960,13.5068,594.1248)	(-58.6302,-24.7024,618.1660)	(-33.9159,-20.1008,611.0548)	(5.2278,-16.7335,609.8350)	(30.6891,-12.4813,610.7289)	(-48.8131,47.4921,608.4044)	(-23.5312,40.5798,597.2369)	(4.7705,53.7252,605.1239)	(-25.6765,66.5216,598.3506)	
(-21.2198,-37.2460,598.8864)	(3.7042,-34.1104,598.7756)	(-15.0404,4.3128,603.0421)	(-17.2307,15.7006,598.1148)	(-56.3482,-20.3014,615.1712)	(-31.7736,-15.7910,609.0590)	(7.2741,-12.4773,607.8604)	(35.1058,-8.2521,612.6968)	(-45.7988,51.9763,612.4035)	(-20.4015,44.9607,601.2320)	(5.8671,55.0490,607.1327)	(-21.4952,71.6105,606.3368)	
(-14.0486,-31.8098,593.8890)	(9.7970,-28.8029,596.7876)	(-7.6936,13.7940,605.0402)	(-7.9116,27.1844,600.0916)	(-49.7217,-15.8450,609.1552)	(-26.4867,-12.4650,603.0414)	(14.4632,-8.2003,604.8438)	(37.1204,-6.1037,611.6988)	(-38.4441,59.7903,614.4026)	(-8.9304,57.6943,603.2262)	(14.5115,62.6542,610.1252)	(-12.0098,77.1521,608.3271)	
(0.3447,-23.5225,593.8446)	(22.3536,-19.5070,598.7375)	(6.7545,22.1026,601.0138)	(6.3980,35.3134,595.0454)	(-39.1398,-8.3836,607.1242)	(-13.9120,-5.1307,606.9943)	(26.7468,0.2256,614.7822)	(50.9335,-0.7879,620.6750)	(-26.7491,68.0435,613.3679)	(1.5895,65.0603,605.1972)	(24.4171,67.6740,617.0694)	(1.8364,83.9315,611.2782)	
(6.6858,-23.6350,597.7913)	(27.7241,-20.5973,600.7090)	(12.0256,21.2393,602.9674)	(12.5813,35.4460,596.0210)	(-34.9373,-10.4970,608.0966)	(-9.6309,-6.2129,608.9752)	(30.8456,-1.8992,614.7734)	(53.2216,-2.9363,622.6322)	(-22.5053,68.0499,612.3440)	(5.8927,65.4914,607.1758)	(27.0478,69.1805,621.0738)	(2.9883,84.0599,613.2597)	
(2.5948,-25.7584,597.8230)	(25.7274,-22.7293,601.7142)	(8.7260,20.0166,600.9710)	(8.3551,33.1473,593.0440)	(-37.0588,-13.6592,610.0954)	(-11.7020,-6.2438,610.9792)	(29.0635,-1.9128,616.7724)	(51.1839,-2.9496,624.6367)	(-26.7428,65.8174,612.3587)	(3.6903,63.1744,605.1770)	(27.2118,69.3984,623.0531)	(2.8221,82.7350,610.2707)	
(0.5732,-29.9679,598.8141)	(23.8849,-26.9208,602.7038)	(6.6738,13.7111,598.9515)	(6.2119,26.8799,591.0246)	(-38.1082,-16.8308,609.0910)	(-13.8110,-10.4913,610.9736)	(26.6884,-6.1655,613.7667)	(48.9216,-7.2527,624.6264)	(-29.8812,60.2072,608.3528)	(0.2735,55.1838,598.1590)	(24.4298,62.3207,615.0784)	(0.4282,75.5154,603.2354)	
(-7.7130,-36.2332,598.8260)	(17.3389,-33.1476,600.6896)	(-0.5677,5.3762,597.9763)	(-0.0418,18.6035,588.0096)	(-43.4345,-20.1231,611.1001)	(-18.0403,-14.7484,609.9712)	(20.1642,-11.4705,611.7666)	(47.6290,-10.5403,622.6386)	(-30.8586,53.3626,602.3301)	(-5.0138,45.6147,594.1546)	(20.9441,56.4118,611.0349)	(-6.0160,66.3664,596.2496)	
(-9.7838,-40.3882,598.8347)	(14.2255,-37.3321,600.7113)	(-2.6012,3.2908,598.9691)	(-1.9067,15.5486,590.0210)	(-45.5466,-22.2501,611.1032)	(-21.2096,-17.8666,608.9758)	(16.9972,-17.8146,612.7692)	(41.7237,-14.7125,616.6385)	(-30.8620,51.3496,603.3219)	(-5.9706,42.5766,596.1421)	(20.6660,51.8387,607.0425)	(-6.0324,64.1924,595.2450)	
(-5.6330,-37.2634,598.8217)	(17.4123,-36.3327,601.6846)	(1.5155,3.3033,598.9404)	(2.1010,14.5878,590.9826)	(-43.4345,-20.1231,611.1001)	(-18.0340,-18.9138,609.9683)	(21.3822,-14.6793,613.7538)	(47.7426,-12.6543,620.6103)	(-27.7169,50.2316,601.3065)	(-2.9108,43.6264,595.1376)	(22.8523,51.9280,608.0410)	(-2.9694,63.2789,596.1983)	
(-9.7776,-42.4672,598.8262)	(16.3156,-39.4118,600.6898)	(0.4770,2.2576,598.9576)	(0.0128,14.5369,589.9927)	(-45.5800,-22.2885,612.1032)	(-19.0886,-20.0214,609.9655)	(19.1191,-17.8082,612.7530)	(44.0793,-14.7384,618.6134)	(-30.8524,51.2763,602.3243)	(-4.9740,43.5494,595.1391)	(20.7316,54.0319,608.0512)	(-3.9979,62.1334,595.2182)	
(-7.7068,-42.3944,598.8132)	(18.4653,-37.3774,601.6776)	(-0.5615,3.2938,597.9636)	(0.0128,14.5369,589.9927)	(-43.4281,-22.2437,611.0914)	(-20.1442,-18.9533,609.9800)	(19.1254,-17.8362,612.7530)	(44.1878,-14.7416,618.6384)	(-27.7138,50.2316,601.3038)	(-4.9342,41.5515,596.1264)	(20.7285,54.0319,608.0367)	(-3.9979,62.1334,595.2168)	
(-9.7776,-42.4672,598.8262)	(16.3156,-39.4056,600.6754)	(0.4770,2.2576,598.9576)	(0.0551,14.5593,589.9998)	(-43.4281,-22.2437,611.0914)	(-20.1395,-18.9533,610.9798)	(19.1222,-17.8114,611.7668)	(44.2962,-14.7642,619.6230)	(-28.7650,51.2731,602.3100)	(-4.9342,41.5515,596.1264)	(22.9999,54.2112,610.0496)	(-5.0264,61.2040,595.2267)	
(-9.7776,-42.4672,598.8262)	(14.2317,-39.4181,600.7028)	(0.4770,2.2576,598.9519)	(-1.0959,15.5276,589.0098)	(-45.5466,-22.2501,611.1032)	(-20.1442,-18.9533,609.9844)	(17.0003,-17.8178,611.7814)	(41.7301,-16.8571,616.6385)	(-30.8524,51.2763,602.3216)	(-4.9342,41.5515,595.1462)	(20.6692,51.8387,607.0484)	(-3.9979,62.1334,595.2195)	
(-9.7776,-42.3944,598.8262)	(16.3094,-37.3321,600.7141)	(0.4770,2.2576,598.9591)	(0.0128,14.5369,589.9900)	(-43.4345,-20.1231,611.1001)	(-20.1427,-18.9533,609.9816)	(19.1846,-15.7122,612.7736)	(44.1910,-14.7642,619.6126)	(-29.7993,49.1107,602.3072)	(-4.9342,41.5515,596.1307)	(20.6692,51.8387,607.0584)	(-5.0264,61.2040,596.2055)	
(-9.7776,-42.4672,598.8262)	(16.3156,-39.4181,600.6940)	(0.4770,2.2576,598.9534)	(0.0128,14.5369,589.9927)	(-43.4281,-22.2437,611.0914)	(-20.1364,-21.0307,609.9683)	(19.1878,-17.8114,612.7589)	(41.9433,-16.8635,617.6275)	(-29.7993,49.1107,602.3072)	(-4.9342,41.5515,596.1307)	(20.6660,51.8387,607.0338)	(-3.9979,62.1334,595.2182)	
(-9.7776,-42.4672,598.8262)	(16.3156,-39.4118,600.6898)	(0.4770,2.2576,598.9491)	(0.0128,14.5593,589.9942)	(-45.5800,-22.2885,612.1032)	(-20.1427,-18.9170,609.9770)	(19.1878,-17.8146,612.7589)	(44.1974,-16.9125,619.6038)	(-29.7993,49.1806,602.3072)	(-4.9342,41.5515,596.1322)	(20.6660,51.8387,607.0338)	(-3.9948,62.1334,595.2168)	
(-9.7838,-40.3882,598.8347)	(16.3094,-37.3290,600.7068)	(0.4770,2.2576,598.9519)	(0.0128,14.5369,589.9927)	(-45.5466,-22.2501,611.1032)	(-20.1427,-18.9533,609.9859)	(19.1878,-17.8114,612.7692)	(44.1878,-16.8832,618.6045)	(-29.7993,49.1806,602.3072)	(-2.8676,41.5578,596.1192)	(20.5878,51.7557,606.0426)	(-3.9948,62.1334,595.2138)	
(-7.7068,-40.3819,598.8232)	(16.3094,-37.3196,600.6925)	(1.5155,3.3033,598.9489)	(0.0128,14.5369,589.9927)	(-43.4281,-22.2437,611.0914)	(-20.1427,-18.9170,609.9785)	(19.1910,-17.8362,612.7648)	(44.1974,-16.9125,619.6038)	(-29.7915,49.1107,602.3072)	(-2.8676,41.5578,596.1136)	(20.5941,51.7557,606.0584)	(-3.9948,62.1334,595.2068)	
(-7.7295,-40.3188,598.8217)	(16.3094,-37.3290,600.7068)	(1.5155,3.3033,598.9432)	(0.0551,14.5593,590.0040)	(-43.3982,-22.2053,610.0914)	(-19.0949,-17.8697,608.9802)	(19.1878,-17.8114,612.7589)	(44.0793,-16.8538,617.6112)	(-29.7993,49.1837,602.3072)	(-2.8305,41.6251,596.1307)	(20.5941,51.7557,606.0526)	(-3.9948,62.1334,595.2124)	
(-7.7068,-39.3518,598.8232)	(16.3094,-37.3196,600.6968)	(-0.5615,3.2971,598.9462)	(0.0128,14.5369,589.9884)	(-43.4345,-20.1231,611.1001)	(-20.1473,-16.8362,610.9870)	(19.1878,-15.7122,612.7750)	(45.3629,-12.6160,618.6428)	(-29.7993,49.1806,602.3072)	(-4.9006,41.6188,597.1266)	(20.6597,51.8387,607.0338)	(-4.0301,62.1334,595.2053)	
(-9.7807,-40.3882,598.8347)	(16.3094,-37.3259,600.7011)	(0.4770,2.2576,598.9491)	(0.0551,14.5593,590.0096)	(-43.4281,-22.2437,611.0914)	(-20.1427,-18.9202,609.9816)	(19.1878,-17.8362,612.7633)	(41.9401,-14.7222,617.6303)	(-29.7993,49.1806,602.3072)	(-4.9342,41.5515,596.1208)	(20.6660,51.8387,607.0484)	(-3.9948,62.1334,595.2053)	
(-7.7068,-39.3518,598.8232)	(16.3094,-37.3259,600.6968)	(1.5155,3.3033,598.9519)	(-0.0296,14.5369,588.9943)	(-43.4281,-22.2437,611.0914)	(-20.1458,-18.9533,609.9785)	(19.1910,-17.8114,612.7648)	(44.1846,-14.7869,618.6384)	(-28.7650,51.2794,602.3100)	(-2.8738,43.6264,596.1178)	(20.6629,51.8387,607.0367)	(-4.0010,62.1303,595.2224)	
(-7.7068,-38.3122,598.8202)	(16.3094,-37.3290,600.7056)	(1.5597,3.3033,598.9446)	(0.0582,15.5276,587.9972)	(-43.4281,-22.2437,611.0914)	(-20.1410,-17.8947,609.9742)	(19.1910,-14.7053,611.7610)	(44.0793,-13.6901,617.6303)	(-28.7650,51.2731,602.3100)	(-4.9342,41.5515,595.1348)	(20.5941,51.7557,606.0584)	(-3.9979,62.1334,595.2096)	
(-7.7130,-40.3188,598.8217)	(15.2643,-36.2860,600.7141)	(-0.5615,3.2971,598.9546)	(0.0551,14.5593,590.9884)	(-43.4281,-22.2437,611.0914)	(-20.1427,-18.9533,609.9816)	(19.2534,-15.7399,613.7671)	(44.1846,-14.7384,618.6340)	(-28.7650,51.2794,602.3100)	(-4.9342,41.6188,596.1421)	(20.6629,51.8387,607.0338)	(-3.9948,62.1334,595.2168)	
(-7.7068,-38.3122,598.8175)	(16.3125,-37.3290,600.7141)	(-0.5615,3.2971,597.9720)	(0.0551,14.5593,589.0083)	(-43.4281,-22.2437,611.0914)	(-19.0915,-17.8979,609.9712)	(19.2566,-12.5808,612.7574)	(44.2962,-13.6934,617.6510)	(-27.7214,49.1107,601.3010)	(-4.9342,41.5515,595.1391)	(20.5910,51.7557,606.0426)	(-3.9948,62.1334,595.2080)	
(-7.7130,-37.2727,598.8332)	(15.3249,-36.2892,601.6947)	(1.5155,3.3033,598.9404)	(0.0551,14.5593,590.9884)	(-43.4281,-22.2437,611.0914)	(-19.0949,-17.9043,609.9757)	(19.2534,-15.7186,613.7715)	(44.1814,-14.7384,618.6134)	(-29.7993,49.1806,602.3072)	(-4.9342,41.6188,596.1379)	(20.6629,51.8387,607.0354)	(-3.9979,62.1334,595.2168)	
(-7.7130,-37.2696,598.8318)	(15.2674,-36.2892,601.6862)	(1.5597,3.3033,598.9561)	(0.0551,14.5593,590.0096)	(-43.4281,-22.2437,611.0914)	(-19.0947,-17.9011,609.9742)	(19.1846,-15.7122,613.7656)	(44.2930,-14.7642,619.6126)	(-29.7993,49.1107,602.3072)	(-2.8676,41.6251,597.1094)	(20.6629,53.9455,607.0613)	(-3.9948,62.1334,595.2124)	
(-7.7130,-37.2727,598.8332)	(15.2581,-36.2268,600.6910)	(1.5597,3.3067,599.9387)	(0.0551,14.5593,590.0096)	(-43.4281,-22.2437,611.0914)	(-20.1427,-18.9533,609.9816)	(19.2566,-15.7399,613.7790)	(44.2930,-14.7642,619.6126)	(-29.7993,49.1837,602.3072)	(-4.9342,41.5515,596.1307)	(20.6503,53.9455,607.0324)	(-3.9979,62.1334,595.2124)	
(-7.7130,-37.3306,598.8360)	(15.3312,-36.3421,601.7020)	(1.5597,3.3033,599.9329)	(0.0551,14.5593,590.0040)	(-43.4281,-22.2437,611.0914)	(-19.0915,-17.9043,609.9757)	(19.1846,-15.7122,612.7794)	(44.0793,-14.7189,617.6244)	(-28.7650,51.2763,602.3100)	(-4.9006,41.6157,596.1421)	(20.6629,53.9455,607.0671)	(-3.9948,62.1334,595.2068)	
(-7.7130,-37.2696,598.8332)	(15.2674,-36.2892,600.7184)	(1.5597,3.3067,599.9372)	(0.0551,14.5593,590.0040)	(-43.4281,-22.2437,611.0914)	(-19.0915,-17.9011,609.9742)	(19.2534,-15.7122,613.7671)	(44.2930,-14.7384,619.6126)	(-28.7650,51.2794,602.3100)	(-4.9342,41.6188,596.1379)	(20.6534,53.9455,607.0367)	(-3.9948,62.1334,595.2138)	
(-7.7099,-37.3306,599.8214)	(15.2674,-36.2892,600.7184)	(1.5597,3.3067,599.9417)	(0.0551,14.5369,589.9998)	(-43.3982,-22.2053,611.0899)	(-19.0918,-17.9011,609.9712)	(19.2534,-15.7122,613.7671)	(44.1846,-14.7384,618.6192)	(-29.7993,49.1806,602.3072)	(-2.8305,41.6251,597.1178)	(20.6503,53.9455,607.0266)	(-4.0301,62.0315,594.2192)	
(-7.7068,-38.3122,598.8175)	(17.4216,-35.2942,601.6862)	(-0.5615,3.2969,597.9620)	(0.0128,14.5369,588.0140)	(-43.4345,-20.1231,611.1001)	(-19.0947,-17.8697,608.9802)	(19.1846,-12.5582,611.7755)	(44.0793,-13.6660,616.6473)	(-28.7650,51.2731,602.3100)	(-2.8676,41.5578,595.1249)	(20.5910,51.7557,606.0426)	(-4.0301,62.0315,594.2093)	
(-7.7130,-38.3029,598.8318)	(15.2674,-36.2860,600.7168)	(1.5155,3.3033,598.9476)	(0.0128,14.5593,589.9998)	(-43.4281,-22.2437,611.0914)	(-19.0981,-17.8697,608.9802)	(21.3822,-15.7335,613.7538)	(44.1878,-14.7416,618.6192)	(-27.7214,48.1452,602.2998)	(-2.8676,41.6251,596.1234)	(20.6534,53.9455,607.0367)	(-2.9632,61.1007,595.1983)	
(-7.7130,-38.3029,598.8318)	(17.4216,-36.3389,601.6932)	(1.5155,3.3033,598.9462)	(0.0551,14.5369,589.9942)	(-43.4345,-20.1231,611.1001)	(-19.0949,-17.8697,608.9802)	(21.3822,-14.6793,613.7538)	(44.0793,-14.7384,618.6192)	(-28.7650,51.2794,602.3100)	(-2.8676,41.6251,597.1094)	(20.5910,51.7557,606.0382)	(-3.9948,62.0315,594.2249)	
(-7.7192,-38.2432,598.8318)	(15.2674,-36.3389,601.6920)	(1.5597,3.3033,599.9329)	(0.0128,14.5369,589.9884)	(-43.3982,-22.2053,610.0914)	(-19.0981,-17.8697,608.9758)	(19.2534,-15.7122,613.7656)	(44.1878,-14.7416,618.6236)	(-29.7993,49.1107,602.3072)	(-4.9740,43.5494,595.1462)	(20.6566,53.9455,607.0410)	(-4.0301,62.0315,594.2264)	
(-7.7161,-38.3029,598.8318)	(17.3513,-36.2829,601.6789)	(1.5155,3.3033,598.9561)	(0.0128,14.5369,589.9900)	(-43.4345,-20.1231,611.1001)	(-19.0949,-17.8697,608.9774)	(19.2534,-15.7218,613.7715)	(44.0729,-14.7836,618.6134)	(-28.7650,51.2763,602.3100)	(-4.9342,41.6188,596.1379)	(20.6566,53.9455,607.0468)	(-3.9948,62.0315,594.2264)	
(-7.7192,-38.2370,598.8318)	(17.4216,-36.3358,601.6890)	(1.5155,3.3033,598.9419)	(0.0128,14.5369,589.9942)	(-43.4281,-22.2437,611.0914)	(-19.0949,-17.9043,609.9726)	(19.1846,-15.7186,612.7838)	(44.1846,-14.7384,618.6192)	(-29.7993,49.1806,602.3072)	(-4.9740,43.6202,595.1532)	(20.6566,53.9455,607.0425)	(-3.9948,62.1334,595.2080)	
(-7.7130,-38.3029,598.8318)	(17.4216,-36.3358,601.6890)	(1.5155,3.3033,598.9404)	(0.0975,14.5593,590.9940)	(-43.4281,-22.2437,611.0914)	(-20.1442,-18.9170,609.9726)	(19.1878,-15.7122,612.7838)	(44.1846,-14.7189,618.6236)	(-29.7993,49.1806,602.3072)	(-2.8305,41.6251,597.1151)	(22.8429,54.0382,608.0453)	(-3.9948,62.0315,594.2249)	
(-7.7130,-36.2332,598.8275)	(17.3482,-35.2336,600.6810)	(1.5155,3.3033,598.9404)	(0.0551,14.5562,589.9884)	(-43.4345,-20.1231,611.1001)	(-19.0949,-17.8979,608.9774)	(19.1846,-12.5582,611.7755)	(44.1846,-13.6692,617.6303)	(-27.7169,49.1107,601.3010)	(-2.9108,43.6264,595.1262)	(20.6503,53.9455,607.0324)	(-3.9948,62.0315,594.2135)	
(-7.7130,-38.3029,598.8318)	(15.3343,-36.3452,601.7020)	(1.5597,3.3067,599.9359)	(0.0551,14.5369,589.9927)	(-43.3982,-22.2053,610.0930)	(-19.0949,-17.8697,608.9774)	(19.1846,-15.7122,612.7794)	(44.0793,-14.7384,618.6134)	(-29.7993,49.1107,602.3072)	(-2.8676,41.6251,596.1307)	(20.6534,53.9455,607.0410)	(-4.0301,62.0315,594.2192)	
(-7.7130,-38.3029,598.8332)	(17.4154,-36.3327,601.6890)	(1.5155,3.3033,598.9404)	(0.0551,14.5593,590.9884)	(-43.4281,-22.2437,611.0914)	(-19.0918,-17.8729,608.9802)	(19.1846,-15.7122,612.7794)	(44.1846,-14.7384,618.6236)	(-26.6812,51.0405,601.3008)	(-2.8676,41.5578,596.1150)	(20.6566,53.9455,607.0425)	(-2.9632,61.1007,595.1968)	
(-7.7130,-38.3029,598.8318)	(15.2674,-36.2892,600.7184)	(1.5155,3.3033,598.9462)	(0.0551,14.5369,589.9998)	(-43.4281,-22.2437,611.0914)	(-20.1427,-18.9170,609.9800)	(19.1846,-15.7122,612.7736)	(44.0793,-14.7189,617.6391)	(-27.7214,50.2347,602.3042)	(-2.8676,41.6251,596.1264)	(20.6597,53.9455,607.0468)	(-1.9316,60.0774,595.1954)	
(-7.7130,-38.3029,598.8318)	(17.4154,-36.3327,601.6874)	(1.5597,3.3033,599.9344)	(0.0551,14.5369,589.9998)	(-43.4281,-22.2437,611.0914)	(-19.0915,-17.9043,609.9757)	(19.2534,-15.7399,613.7656)	(44.1846,-14.7836,618.6384)	(-29.7993,49.1107,602.3072)	(-2.8676,41.6251,596.1264)	(20.6566,53.9455,607.0468)	(-3.9948,62.0377,594.2306)	
(-7.7130,-36.2332,598.8275)	(15.2674,-35.2462,600.7184)	(1.5155,3.3033,597.9606)	(0.0551,14.5369,589.0140)	(-43.4281,-22.2437,611.0914)	(-19.0949,-17.8666,608.9758)	(19.2534,-12.5808,612.7648)	(44.2930,-13.6901,617.6466)	(-27.7214,49.1837,602.2971)	(-3.9870,44.5003,594.1432)	(20.6566,53.9455,607.0512)	(-2.9632,61.1007,595.1968)	
(-7.7130,-36.2332,598.8260)	(17.3513,-35.2399,600.7054)	(1.5597,3.3067,598.9432)	(0.0551,14.5593,589.9927)	(-43.4281,-22.2437,611.0914)	(-19.0915,-17.8979,609.9712)	(19.1878,-12.5582,612.7574)	(44.2930,-13.6901,617.6466)	(-26.6750,50.1537,601.2952)	(-2.8676,41.5578,595.1292)	(20.5847,53.8590,606.0570)	(-3.9948,62.0315,594.2222)	
(-7.7130,-38.3029,598.8318)	(17.4216,-36.3389,601.6904)	(1.5155,3.3033,598.9504)	(0.0128,14.5593,589.9942)	(-43.4281,-22.2437,611.0914)	(-20.1427,-18.9170,609.9785)	(19.1815,-15.7122,612.7720)	(44.1846,-14.7384,618.6192)	(-28.7650,51.2794,602.3100)	(-2.8305,41.6251,597.1094)	(20.6503,53.9455,607.0324)	(-4.0301,62.0315,594.2192)	
(-7.7192,-38.2370,598.8302)	(17.4185,-36.3358,601.6904)	(1.5597,3.3067,599.9359)	(0.0551,14.5369,589.9998)	(-43.4281,-22.2437,611.0914)	(-19.0949,-17.8697,608.9802)	(19.1878,-15.7122,612.7750)	(44.1814,-14.7189,617.6451)	(-29.7993,49.1107,602.3072)	(-2.8676,41.5578,596.1150)	(20.5847,53.8590,606.0512)	(-3.9948,62.0315,595.1996)	
(-7.7130,-37.2727,598.8332)	(15.2674,-36.2892,600.7226)	(1.5597,3.3033,599.9344)	(0.0128,14.5593,589.9998)	(-43.4708,-18.0340,612.1089)	(-20.1505,-15.7872,609.9887)	(19.1846,-15.7122,612.7736)	(45.2591,-12.5968,618.6178)	(-28.7712,51.3527,603.3075)	(-4.9342,41.5515,596.1307)	(20.6597,53.9455,607.0570)	(-3.9948,62.0315,594.2249)	
(-7.7130,-36.2332,598.8275)	(17.3513,-35.2336,600.6983)	(1.5155,3.3033,598.9462)	(0.0551,14.5369,589.0083)	(-43.4281,-22.2437,611.0914)	(-19.0918,-17.8979,608.9817)	(21.3854,-13.6303,612.7633)	(44.1846,-13.6692,617.6303)	(-27.7214,49.1806,602.2998)	(-2.8676,41.6251,595.1292)	(20.6534,53.9455,607.0324)	(-3.9948,62.1334,595.2038)	
(-7.7130,-36.2332,598.8275)	(17.3513,-35.2399,600.6968)	(1.5597,3.3067,598.9546)	(0.0551,14.5369,589.9884)	(-43.4345,-20.1231,611.1001)	(-19.0915,-17.8979,609.9698)	(19.1846,-12.5776,612.7530)	(44.1846,-13.6901,617.6303)	(-26.6750,50.2316,601.2980)	(-2.8738,43.6264,595.1304)	(20.5878,53.8590,607.0266)	(-3.9948,62.1334,595.1996)	
(-7.7130,-38.3029,598.8318)	(15.2674,-36.2860,600.7141)	(1.5597,3.3067,599.9344)	(0.0551,14.5593,590.9926)	(-43.4281,-22.2437,611.0914)	(-19.0947,-17.8666,608.9758)	(19.1846,-15.7122,612.7794)	(44.0793,-14.7189,617.6347)	(-29.7993,49.1806,602.3072)	(-2.8676,41.5578,596.1136)	(20.6629,53.9455,607.0671)	(-4.0301,62.0315,594.2192)	
(-7.7130,-36.2956,598.8260)	(17.4216,-35.2942,601.6862)	(1.5155,3.3033,598.9462)	(0.0551,14.5369,589.0140)	(-43.3982,-22.2053,611.0899)	(-19.0949,-17.8666,608.9743)	(19.1846,-12.5776,612.7530)	(44.1846,-13.6724,617.6347)	(-28.7650,51.2700,602.3072)	(-2.8305,41.6251,596.1136)	(20.6503,53.9455,607.0324)	(-3.9948,62.0315,594.2207)	
(-7.7130,-37.2727,598.8318)	(17.3513,-36.3327,601.6846)	(1.5597,3.3033,599.9329)	(0.0551,14.5369,589.9942)	(-43.4281,-22.2437,611.0914)	(-20.1410,-18.9170,609.9800)	(19.1846,-15.7122,612.7794)	(44.0729,-14.7836,617.6391)	(-28.7650,51.2731,602.3100)	(-2.8676,41.5578,596.1208)	(20.5847,53.8590,606.0570)	(-3.9948,62.1334,595.2152)	
(-7.7130,-36.2956,598.8275)	(17.4185,-35.2911,601.6804)	(1.5155,3.3033,598.9432)	(0.0128,14.5369,588.9970)	(-43.3982,-22.2053,610.0914)	(-19.0949,-17.8666,608.9774)	(19.1910,-12.5582,612.7618)	(44.0793,-13.6660,616.6458)	(-26.6750,50.2316,601.2980)	(-4.9342,41.6188,595.1462)	(20.6597,53.9455,607.0425)	(-3.9948,62.0315,594.2150)	
(-7.7192,-36.2332,598.8260)	(15.2674,-35.2462,600.7083)	(1.5597,3.3033,598.9404)	(0.0551,14.5593,589.9984)	(-43.4345,-20.1231,611.1001)	(-20.1473,-15.7776,609.9828)	(21.3100,-12.5519,611.7578)	(47.6354,-12.6352,620.6043)	(-27.7214,49.1138,602.2998)	(-3.9870,44.5727,595.1292)	(20.5878,53.8590,607.0266)	(-3.9948,62.0315,594.2164)	
(-7.7130,-36.2332,598.8260)	(17.3513,-35.2368,600.6983)	(1.5155,3.3033,598.9446)	(0.0551,14.5593,589.9927)	(-43.4345,-20.1231,611.1001)	(-19.0947,-17.8729,608.9817)	(21.3822,-12.5744,612.7516)	(44.0793,-13.6660,616.6458)	(-28.7650,51.2763,602.3100)	(-2.8676,41.6251,595.1292)	(20.5878,53.8590,606.0613)	(-3.9948,62.0315,594.2135)	
(-7.7130,-38.3029,598.8318)	(15.2674,-36.2860,600.7141)	(1.5597,3.3033,599.9344)	(0.0551,14.5531,589.9984)	(-43.3982,-22.2053,610.0914)	(-19.0981,-17.8729,608.9802)	(19.1846,-15.7122,612.7794)	(44.2930,-14.7416,618.6444)	(-27.7214,50.2316,602.3042)	(-2.8676,41.5578,596.1192)	(20.6597,53.9455,607.0425)	(-4.0301,62.0315,594.2180)	
(-7.7130,-37.2727,598.8332)	(17.4154,-36.3327,601.6846)	(1.5597,3.3067,599.9430)	(0.0551,14.5593,590.0040)	(-43.4281,-22.2437,611.0914)	(-19.0949,-17.8697,608.9802)	(19.2534,-15.7122,612.7779)	(44.0793,-14.7384,618.6134)	(-29.7993,49.1837,602.3072)	(-2.8305,41.6251,597.1094)	(20.5878,53.8590,606.0613)	(-3.9948,62.0315,594.2222)	
(-7.7130,-36.2956,598.8275)	(17.4216,-35.2911,601.6862)	(1.5597,3.3067,598.9561)	(0.0551,14.5593,588.0140)	(-43.4345,-20.1231,611.1001)	(-20.1473,-15.7776,609.9785)	(19.1846,-12.5582,611.7712)	(47.7426,-12.6543,620.6103)	(-28.7650,51.2794,602.3100)	(-4.9342,41.5515,595.1364)	(20.5878,53.8590,606.0613)	(-3.9948,62.1272,594.2207)	
(-7.7130,-36.2332,598.8260)	(17.3513,-35.2879,600.7068)	(1.5597,3.3033,598.9446)	(0.0551,14.5593,589.9969)	(-43.4345,-20.1231,611.1001)	(-19.0949,-17.8666,608.9774)	(21.3132,-12.5519,612.7412)	(44.0793,-13.6660,616.6458)	(-28.7650,51.2763,602.3100)	(-2.8676,41.5578,595.1334)	(20.5847,53.8590,606.0512)	(-4.0301,62.0315,594.2122)	
(-7.7130,-37.2727,598.8318)	(15.2674,-36.2860,600.7141)	(1.5155,3.3033,598.9561)	(0.0551,14.5593,590.0096)	(-43.4408,-18.0026,611.1088)	(-20.1490,-15.7872,609.9887)	(19.1878,-15.7122,612.7750)	(47.6290,-12.6319,619.6302)	(-29.7993,49.1806,602.3072)	(-2.8676,41.6251,596.1208)	(22.8429,54.0382,608.0453)	(-4.0301,62.0315,594.2222)	
(-7.7192,-38.2370,598.8318)	(15.1944,-34.1443,600.6996)	(1.5597,3.3067,599.9387)	(0.0551,14.5369,589.9998)	(-41.2692,-17.9332,610.0942)	(-18.0403,-16.8002,609.9754)	(20.1737,-13.5882,612.7764)	(42.9970,-10.4395,616.6707)	(-26.6722,51.1170,600.2948)	(-2.8676,41.5578,596.1093)	(20.6503,53.9455,607.0266)	(-4.0301,62.0315,594.2192)	
(-7.7192,-34.1541,598.8346)	(8.9940,-30.0469,599.7476)	(-2.6385,3.2908,598.9519)	(-1.9487,15.5214,589.0211)	(-45.5593,-18.0089,611.1206)	(-19.0981,-15.7808,609.9844)	(18.0518,-13.5914,610.7818)	(42.9970,-12.5744,616.6414)	(-28.7589,51.1935,601.3123)	(-4.9678,41.5515,595.1321)	(18.4151,51.6664,605.0542)	(-6.0580,62.1241,595.2182)	
(-12.9055,-37.2852,598.8604)	(8.9562,-34.1599,599.7277)	(-4.7154,3.2846,597.9950)	(-3.0570,17.5659,589.0295)	(-49.8769,-18.0847,613.1414)	(-25.4403,-15.8246,611.0104)	(15.9267,-13.5798,610.7877)	(39.7914,-12.6000,614.6560)	(-30.8586,53.3626,602.3301)	(-6.0056,44.5727,595.1475)	(16.3048,53.7599,605.0788)	(-8.1211,62.1210,595.2224)	
(-17.0656,-35.2186,598.8920)	(5.8231,-33.0677,598.7626)	(-10.9229,3.2660,600.0093)	(-10.0707,15.5449,591.0592)	(-51.9648,-15.9355,613.1632)	(-26.5090,-13.7136,611.0324)	(11.4468,-13.5197,606.8128)	(36.5889,-11.5819,616.6974)	(-34.9775,51.0124,599.3460)	(-10.1069,44.6328,595.1932)	(14.3364,53.9265,607.0673)	(-12.2689,62.0067,594.2620)	
(-30.5752,-34.2851,599.9666)	(-9.8439,-34.1014,596.8525)	(-23.4145,4.2648,599.0998)	(-22.4617,17.5624,591.1356)	(-61.8199,-12.9222,617.2290)	(-37.0981,-12.7340,611.0938)	(-0.1916,-13.5059,605.8758)	(23.3534,-13.5607,610.7671)	(-45.4976,51.3056,603.4029)	(-24.5740,43.5612,595.2476)	(2.5846,53.5462,603.1396)	(-22.5694,63.1070,595.3180)	
(-33.7390,-36.4896,602.9834)	(-13.9317,-34.2225,599.8758)	(-28.6544,5.3383,606.1306)	(-26.5606,16.6302,596.1463)	(-67.9813,-14.2758,629.2577)	(-42.4194,-14.8416,613.1147)	(-4.3394,-12.5316,608.9228)	(22.0548,-13.4912,608.7680)	(-47.8929,54.0874,611.4306)	(-27.6850,44.7185,598.2714)	(0.3219,53.1945,599.1506)	(-26.7012,63.3016,597.3474)	
(-21.2039,-37.3744,599.9077)	(-0.4436,-35.1687,598.7943)	(-13.0957,4.2798,597.0368)	(-15.3219,14.4908,588.0832)	(-56.5004,-20.4064,618.1716)	(-31.8003,-17.9989,612.0384)	(7.3491,-15.6981,609.8248)	(34.0622,-13.5982,612.6868)	(-41.2891,51.2417,602.3821)	(-17.3689,43.4291,594.2286)	(7.9108,54.8791,605.1252)	(-17.4499,61.7906,592.2884)	
(-19.1105,-39.5184,600.8830)	(1.6716,-35.2168,598.7900)	(-15.1169,2.2092,598.0439)	(-17.3418,12.4494,589.0862)	(-56.4940,-22.5512,618.1628)	(-29.6784,-17.9926,612.0326)	(7.3957,-13.6053,610.8330)	(35.2163,-10.4050,613.7096)	(-44.4460,47.1198,603.3842)	(-19.4255,42.4703,594.2188)	(6.8714,53.7316,605.1080)	(-20.5290,60.7508,592.3126)	
(-19.1043,-41.6044,600.8772)	(4.7984,-37.2962,599.7638)	(-15.1169,2.2092,598.0338)	(-17.3287,12.4555,591.0764)	(-54.2031,-24.5638,615.1447)	(-31.7940,-20.1230,612.0356)	(9.5078,-14.6332,609.8307)	(35.2163,-12.5264,613.6846)	(-47.5728,46.0733,603.3958)	(-21.4791,40.3989,595.2093)	(4.6692,53.5525,603.1236)	(-22.5654,58.7834,593.3060)	
(-21.1882,-41.6106,600.8860)	(4.7489,-37.2352,598.7743)	(-15.1003,2.2107,599.0324)	(-17.3157,12.4931,591.0990)	(-56.3290,-26.7046,615.1449)	(-31.7940,-20.1230,612.0326)	(7.3364,-14.6135,608.8412)	(32.9083,-12.4974,611.7240)	(-48.6962,47.1198,605.4042)	(-21.4671,40.4644,596.2209)	(2.5421,53.4599,602.1654)	(-24.6209,58.8738,594.3178)	
(-25.3560,-41.6232,600.9146)	(0.5949,-37.2446,598.7800)	(-21.3375,4.2710,599.0726)	(-22.4600,15.5110,591.1173)	(-60.7793,-22.5641,618.1894)	(-36.0621,-18.0432,613.0678)	(3.1430,-10.4404,607.8692)	(30.9523,-10.4114,613.7066)	(-48.6276,46.4243,603.4117)	(-25.0414,43.5487,596.2650)	(0.5782,53.7126,605.1529)	(-28.7527,61.0232,595.3453)	
(-30.5749,-38.5822,600.9536)	(-9.7962,-34.1604,598.8460)	(-26.5299,3.2190,599.0956)	(-28.5902,15.4894,591.1528)	(-66.2684,-21.6614,620.2166)	(-41.4020,-17.0613,614.0972)	(-2.2152,-13.5853,607.8868)	(22.1319,-11.4401,609.7516)	(-54.1466,49.7416,609.4486)	(-29.7507,44.6399,596.3036)	(-3.6235,55.7998,605.1790)	(-32.8790,61.0108,595.3724)	
(-28.4938,-38.5759,601.9348)	(-7.7130,-37.2665,599.8228)	(-25.0414,3.2253,598.1140)	(-26.5412,15.4747,590.1568)	(-65.2646,-20.5373,621.2226)	(-39.3027,-17.1176,615.0870)	(-0.0660,-11.4862,609.8816)	(26.5362,-10.3925,611.7620)	(-52.0351,48.7605,609.4341)	(-28.7064,43.5363,596.2680)	(-1.6326,53.4473,602.1598)	(-30.8093,60.9231,595.3525)	
(-27.4438,-41.7006,601.9232)	(-3.5233,-37.3181,599.8041)	(-23.4083,2.1857,599.0856)	(-24.4893,13.4391,590.1470)	(-60.8369,-22.6026,619.1867)	(-38.2302,-18.0842,614.0826)	(0.9946,-17.7967,609.8658)	(27.6035,-14.6342,611.7388)	(-50.8850,49.5200,607.4284)	(-26.6371,43.4688,595.2505)	(0.4125,53.3672,601.1666)	(-28.7465,60.9169,594.3462)	
(-27.4438,-41.7006,601.9204)	(-3.5529,-37.2571,599.7882)	(-21.3375,2.1905,598.0882)	(-22.4478,13.4186,589.1201)	(-60.7729,-24.7089,618.1778)	(-36.0557,-20.1706,613.0576)	(3.1159,-17.7904,609.8556)	(27.6035,-16.7320,611.7022)	(-50.9211,47.4132,608.4176)	(-24.5678,41.4160,595.2348)	(2.5390,51.2875,602.1223)	(-26.6806,58.8676,594.3277)	
(-25.3565,-41.6944,601.9116)	(-1.4790,-37.2509,598.8030)	(-19.2639,2.1967,598.0726)	(-20.4271,13.4278,589.1088)	(-60.9010,-20.4894,620.1958)	(-36.0621,-18.0432,613.0694)	(3.1588,-14.6815,608.8427)	(30.9651,-12.5488,613.7287)	(-46.6789,47.4196,607.3952)	(-23.5332,41.4160,595.2306)	(2.5452,51.3704,602.1281)	(-24.6271,60.9386,594.3290)	
(-25.3560,-41.6232,600.9176)	(-1.4366,-39.3944,599.7854)	(-19.2385,0.1172,600.0326)	(-21.3990,11.4144,592.0964)	(-60.7793,-22.5641,618.1866)	(-36.0378,-20.1357,612.0606)	(3.1588,-17.7904,609.8556)	(29.8146,-16.7551,612.7060)	(-48.8194,49.5295,608.4146)	(-23.5332,41.4160,595.2406)	(2.5327,53.4599,602.1308)	(-24.6264,61.0387,595.3324)	
(-25.3565,-41.6944,601.9116)	(-1.4366,-39.3975,599.7855)	(-19.2385,0.1172,600.0584)	(-21.3929,11.4175,592.1062)	(-58.5824,-22.5192,617.1774)	(-36.0557,-20.1706,613.0591)	(3.1619,-17.7904,610.8552)	(29.8975,-14.6538,613.7038)	(-46.6758,49.4534,607.3980)	(-22.5254,43.4167,594.2472)	(2.5327,53.4599,602.1294)	(-22.5694,63.1070,595.3280)	
(-25.3503,-43.7838,601.9002)	(0.6438,-39.3913,599.7854)	(-17.1711,0.1254,600.0268)	(-19.3589,10.4133,592.0794)	(-58.5760,-24.6605,617.1658)	(-36.0557,-20.1706,613.0576)	(5.2341,-16.7630,609.8438)	(29.9038,-16.7717,612.7016)	(-46.6758,49.4534,607.4023)	(-21.4852,42.4641,595.2220)	(2.5358,53.4599,602.1394)	(-23.5955,63.2043,596.3256)	
(-25.3565,-41.6944,601.9116)	(-1.4366,-39.3975,599.7940)	(-17.1711,0.1254,599.0526)	(-19.3589,10.4194,591.1005)	(-58.5760,-24.6605,617.1658)	(-33.9159,-20.1293,612.0458)	(5.2741,-16.7630,609.8498)	(29.9038,-16.7717,612.7060)	(-46.7113,49.5326,608.3986)	(-21.4852,42.4641,595.2177)	(2.5390,53.4599,602.1452)	(-23.5961,62.2811,597.3260)	
(-25.3565,-41.6944,601.9116)	(0.6438,-39.3913,599.7868)	(-17.1711,0.1254,599.0326)	(-17.2965,11.4346,592.0736)	(-58.6302,-24.7024,618.1660)	(-33.9159,-20.1293,612.0474)	(5.2741,-15.7291,609.8380)	(29.8178,-15.7175,611.7183)	(-42.3614,49.3805,603.3855)	(-19.4099,40.4613,595.2135)	(6.8776,51.6317,605.1037)	(-22.5694,63.1163,594.3203)	
(-23.2721,-41.6169,600.9018)	(0.5949,-37.2446,598.7943)	(-17.1904,2.2030,598.0454)	(-17.3418,12.4367,590.0763)	(-58.6366,-22.5576,618.1719)	(-33.9159,-20.1293,612.0415)	(5.2772,-16.7630,609.8454)	(29.7318,-16.7487,611.7168)	(-44.5070,49.3805,606.3902)	(-19.4255,42.4703,595.2120)	(6.7787,51.4659,603.1136)	(-21.5437,61.9819,594.3176)	
(-23.2721,-41.6169,600.9032)	(0.6376,-37.3087,599.7854)	(-17.1904,2.2030,598.0611)	(-17.3548,12.4367,589.0933)	(-58.6430,-20.4129,618.1864)	(-33.9367,-18.0368,613.0530)	(5.2772,-16.7630,609.8438)	(32.1221,-14.6733,614.6900)	(-46.6758,49.4566,607.4023)	(-19.4161,42.4703,595.2148)	(6.7756,51.4659,603.1078)	(-21.5375,60.0092,594.3119)	
(-23.2721,-41.6169,600.9004)	(0.6011,-39.3237,599.7725)	(-15.1169,2.2092,598.0396)	(-17.3548,12.4367,589.0820)	(-58.6366,-22.5576,618.1748)	(-33.9159,-20.1293,612.0458)	(7.3925,-16.7567,609.8307)	(32.0358,-16.7781,613.6877)	(-44.5070,49.3805,605.3924)	(-19.4255,42.4703,595.2063)	(6.7725,51.4659,603.0992)	(-21.5375,59.9202,594.3077)	
(-23.2692,-41.6881,601.8973)	(2.6781,-39.3174,598.7800)	(-15.0941,0.1317,599.0354)	(-17.3418,12.4367,588.0960)	(-58.6302,-24.7024,618.1660)	(-33.9159,-20.1293,612.0458)	(8.4034,-17.8152,609.8146)	(32.0358,-15.7356,612.7060)	(-42.3552,47.1261,602.3722)	(-19.4099,40.4051,595.2120)	(6.7662,51.4659,603.0977)	(-21.5314,60.8447,593.3114)	
(-23.2721,-41.6169,600.9004)	(2.7242,-39.3850,599.7738)	(-15.1169,2.2092,598.0338)	(-17.3548,12.4367,589.0820)	(-58.6366,-22.5576,618.1748)	(-33.9159,-20.1293,612.0458)	(5.2309,-16.7630,609.8424)	(31.9463,-16.7717,612.7060)	(-44.5007,47.1292,605.3810)	(-19.4099,40.4051,595.2192)	(6.7261,51.3830,602.1236)	(-20.5290,60.8447,593.3072)	
(-23.2692,-41.6881,600.9018)	(2.7242,-39.3850,599.7710)	(-15.0776,0.1297,600.0052)	(-17.3418,12.4432,589.0862)	(-56.4432,-22.5127,617.1627)	(-33.9159,-20.1293,612.0489)	(7.3957,-15.7259,609.8264)	(32.0326,-15.7324,612.7104)	(-42.4187,49.3805,605.3795)	(-19.4099,40.4051,595.1979)	(6.7230,51.3830,602.1136)	(-20.5153,60.8416,593.2889)	
(-23.2754,-39.5986,601.9001)	(0.6376,-37.3087,599.7854)	(-15.0941,0.1317,599.0411)	(-17.3418,12.4367,588.1016)	(-56.4432,-22.5127,617.1627)	(-31.7940,-20.1230,612.0356)	(5.2772,-15.7323,609.8438)	(31.9463,-15.7143,612.6942)	(-42.3552,47.1324,603.3727)	(-19.4099,40.4051,595.1979)	(6.7230,51.3830,602.1092)	(-20.5229,60.7508,592.3069)	
(-23.2721,-41.6169,600.9004)	(2.7242,-39.3850,599.7680)	(-15.0941,0.1317,599.0296)	(-17.3096,11.4175,591.0736)	(-56.4369,-24.6541,617.1540)	(-31.7940,-20.1230,612.0340)	(8.4034,-17.8152,609.8220)	(32.0326,-15.7356,612.6958)	(-42.3552,47.1261,603.3727)	(-19.4194,40.3396,594.2118)	(6.6735,51.3001,602.0934)	(-20.5168,58.6929,592.2957)	
(-23.2692,-41.6881,601.9001)	(2.7242,-39.3850,599.7668)	(-15.0941,0.1317,599.0153)	(-15.2767,11.4066,590.0622)	(-56.4369,-24.6541,617.1510)	(-31.7940,-20.1230,612.0340)	(8.3582,-17.7840,608.8254)	(33.0090,-17.8322,612.6650)	(-42.3552,47.1261,603.3727)	(-19.4038,39.3087,595.1936)	(6.6735,49.2141,601.1049)	(-19.4842,55.6199,592.2688)	
(-23.2692,-41.6881,601.9001)	(2.7242,-39.3850,599.7652)	(-15.0941,0.1317,599.0053)	(-15.2932,11.3847,589.0666)	(-56.4432,-22.5127,617.1627)	(-31.7940,-20.1230,612.0297)	(7.3957,-15.6981,609.8248)	(34.1678,-15.7356,613.6818)	(-42.3552,47.1324,603.3727)	(-17.3535,39.3087,594.1991)	(6.6735,49.2141,601.1049)	(-19.4997,57.5768,591.2824)	
(-23.2659,-43.7029,601.8714)	(2.7641,-39.3850,600.7446)	(-13.0572,0.1418,598.0024)	(-15.3097,10.3734,588.0722)	(-56.4369,-24.6541,617.1540)	(-31.7767,-22.2087,611.0270)	(8.4097,-17.8152,609.8220)	(35.2322,-17.8601,613.6731)	(-42.3172,46.9840,602.3679)	(-17.3535,39.2418,593.2130)	(6.6209,49.1346,600.1049)	(-18.4941,56.3678,589.2931)	
(-21.1820,-43.6966,600.8960)	(2.7242,-39.3850,599.7696)	(-13.0372,0.1398,598.0254)	(-15.2932,11.4066,590.0622)	(-56.4369,-24.6541,617.1540)	(-31.7767,-22.2087,611.0284)	(8.4129,-17.8152,609.8220)	(35.2354,-17.8569,613.6672)	(-42.3458,47.0629,603.3684)	(-17.3535,39.3087,594.1892)	(6.6209,49.1346,600.1049)	(-19.4905,56.5449,591.2714)	
(-21.1882,-41.6106,600.8903)	(2.7641,-37.3635,600.7705)	(-13.0171,0.1379,599.0038)	(-15.2767,11.4237,591.0566)	(-56.4432,-22.5127,617.1627)	(-29.6646,-20.0817,611.0240)	(7.3957,-16.7567,610.8229)	(34.2512,-14.6864,614.6884)	(-42.3489,47.1324,603.3712)	(-17.3597,41.3705,594.2018)	(6.6735,51.3001,601.1278)	(-17.4376,57.7758,592.2799)	
(-21.1849,-41.6818,600.8903)	(2.7180,-37.3025,599.7723)	(-13.0171,0.1379,600.0022)	(-15.2602,11.4360,591.0877)	(-54.2095,-22.4294,615.1506)	(-29.6646,-20.0817,611.0240)	(9.5141,-16.7503,610.8170)	(34.1646,-16.7717,613.6818)	(-42.4030,47.1355,605.3651)	(-17.3597,41.3705,594.2018)	(6.7168,51.3001,602.1035)	(-19.4810,57.8646,594.2737)	
(-19.1105,-39.5184,600.8858)	(4.7984,-37.3025,599.7766)	(-13.0433,2.2154,598.0124)	(-13.2768,13.4401,589.0538)	(-54.2158,-20.2950,615.1594)	(-29.6784,-17.9926,612.0310)	(9.5173,-15.7195,609.8146)	(35.3173,-12.5905,613.6862)	(-40.2706,49.3837,603.3697)	(-17.3597,41.3705,594.2004)	(7.7698,50.4289,603.0919)	(-17.4181,59.9325,594.2749)	
(-19.1105,-39.5184,600.8858)	(4.7984,-37.3025,599.7766)	(-10.9464,2.2232,598.0266)	(-13.2569,13.4463,589.0749)	(-54.2095,-22.4294,615.1506)	(-29.6784,-17.9926,612.0266)	(9.5141,-14.6592,610.8288)	(36.3803,-13.5950,614.6986)	(-42.3521,49.2284,605.3780)	(-17.3689,43.4291,594.2146)	(6.7600,53.5588,602.1422)	(-19.4778,59.9263,594.2779)	
(-17.0399,-39.4444,599.8762)	(5.8899,-35.2074,599.7550)	(-10.9464,2.2232,598.9994)	(-13.2369,13.4668,590.0692)	(-52.0836,-20.2886,615.1476)	(-27.5565,-17.9830,612.0134)	(9.5141,-13.5990,610.8214)	(35.2132,-10.4018,613.6934)	(-42.4124,47.2807,605.3709)	(-19.4255,42.4641,594.2259)	(6.7631,53.5588,603.1121)	(-19.4778,59.9263,593.3015)	
(-14.9564,-39.5027,600.8542)	(4.8449,-34.2314,600.7502)	(-10.9698,2.2217,598.0124)	(-13.2569,13.4463,589.0692)	(-52.0772,-22.4230,615.1360)	(-27.5565,-17.9862,612.0178)	(11.6797,-11.4720,610.8183)	(36.3771,-9.3817,614.6913)	(-42.4124,47.2807,605.3709)	(-17.3689,43.4384,595.1949)	(6.7631,53.5588,603.1121)	(-19.4778,59.9263,594.2779)	
(-14.9595,-39.4382,599.8646)	(5.8806,-35.2043,599.7550)	(-10.9464,2.2232,598.0309)	(-13.2369,13.4637,590.0594)	(-52.0270,-24.5155,614.1328)	(-27.5461,-20.0753,611.0122)	(11.6326,-13.5926,610.8096)	(36.3835,-11.5198,614.6766)	(-40.2392,47.1324,602.3650)	(-17.3689,43.4291,594.2188)	(6.7631,53.5588,603.1121)	(-19.4778,59.9263,594.2836)	
(-17.0298,-39.5121,600.8742)	(6.9319,-37.3447,600.7544)	(-10.9698,2.2217,598.0166)	(-13.2569,13.4432,589.0692)	(-52.0708,-24.5574,615.1272)	(-27.5461,-20.0753,611.0180)	(11.6829,-14.6529,610.8229)	(36.3803,-13.5741,614.6884)	(-42.3489,47.1324,603.3712)	(-17.3689,43.4260,594.2060)	(6.7662,53.5588,603.1164)	(-19.4778,59.9263,594.2978)	
(-17.0267,-39.5121,600.8700)	(5.8899,-36.3142,600.7416)	(-10.9698,2.2217,598.0124)	(-13.2768,13.4257,588.0692)	(-52.0270,-24.5155,614.1300)	(-27.5461,-20.0753,611.0138)	(11.6326,-15.7131,609.8088)	(35.2227,-12.5520,613.6641)	(-40.2454,49.2284,602.3692)	(-17.3689,43.4291,594.2202)	(4.6232,55.5556,602.1523)	(-19.4840,62.0899,594.3089)	
(-19.1105,-39.5184,600.8858)	(6.9288,-37.2962,599.7708)	(-10.9698,2.2217,598.0110)	(-13.2569,13.4432,589.0636)	(-52.0270,-24.5155,614.1300)	(-29.6646,-20.0817,611.0254)	(9.5141,-16.7503,609.8264)	(34.1583,-14.6637,614.6738)	(-42.4379,49.3868,606.3785)	(-17.3849,43.3646,594.2004)	(4.6201,55.5556,602.1422)	(-19.4653,62.2843,596.3112)	
(-19.1043,-41.6044,600.8800)	(4.7984,-37.2994,599.7723)	(-10.9698,0.1485,599.0066)	(-13.2308,11.4250,590.0608)	(-54.3104,-20.3650,617.1596)	(-29.6784,-17.9926,612.0326)	(9.5141,-15.6918,609.8131)	(35.3205,-12.6129,614.6694)	(-38.1581,49.2347,602.3620)	(-15.2999,41.3767,594.1989)	(7.8054,52.6911,603.1063)	(-18.4210,64.3626,597.2844)	
(-21.1944,-39.5246,600.8974)	(2.7180,-37.3025,599.7738)	(-10.9667,0.1441,598.9980)	(-13.2308,11.4250,590.0608)	(-54.3040,-22.5063,617.1509)	(-31.8003,-17.9989,612.0428)	(10.5733,-17.8401,609.8177)	(34.1710,-17.8601,614.6870)	(-40.3367,49.3932,606.3696)	(-15.2836,41.4377,595.1792)	(8.8103,51.3032,602.1164)	(-15.3159,63.2354,596.2912)	
(-21.1882,-41.6106,600.8888)	(4.8542,-39.4494,600.7590)	(-10.9698,2.2217,598.0152)	(-11.2379,13.4318,588.0523)	(-54.2095,-22.4294,615.1506)	(-29.6646,-20.0817,611.0240)	(10.5733,-17.8401,610.8040)	(34.2639,-18.8992,614.6562)	(-37.1344,51.3370,605.3604)	(-13.2403,41.3890,594.1974)	(9.9055,50.4352,603.0948)	(-14.3168,64.1614,594.2960)	
(-19.1074,-39.5861,601.8770)	(4.8078,-39.3850,599.7696)	(-9.8986,1.1839,598.0009)	(-11.2379,13.4349,588.0636)	(-54.3104,-20.3650,617.1596)	(-29.6721,-20.1166,612.0238)	(10.5797,-17.8401,610.8083)	(36.3125,-19.0145,613.6687)	(-35.0436,51.3370,603.3450)	(-11.1806,41.4501,595.1564)	(14.0997,48.5104,603.0746)	(-12.2689,62.0067,594.2549)	
(-19.1105,-39.5184,600.8858)	(4.8542,-39.4432,600.7489)	(-9.8986,0.1441,598.9923)	(-11.2145,13.4524,589.0636)	(-54.3104,-20.3650,617.1596)	(-27.5565,-17.9862,612.0208)	(10.5765,-17.8401,610.8083)	(36.3125,-21.0534,614.6519)	(-36.0796,49.2410,603.3422)	(-11.1806,41.3952,594.1917)	(14.0997,48.5104,605.0529)	(-10.2092,62.0129,594.2534)	
(-21.1882,-41.6106,600.8888)	(4.8542,-39.4432,600.7474)	(-9.9017,-0.8860,598.9908)	(-9.1989,13.4380,588.0579)	(-54.2095,-22.4294,615.1506)	(-27.5565,-17.9862,612.0208)	(10.5733,-17.8401,610.8024)	(36.3093,-21.0203,614.6519)	(-36.0614,49.1712,603.3422)	(-9.1209,41.3983,594.1746)	(16.3205,49.5603,605.0486)	(-9.1824,60.8818,594.2308)	
(-19.1043,-41.6044,600.8816)	(4.8542,-39.4463,600.7532)	(-9.9017,-0.8897,599.9850)	(-11.1850,11.4391,591.0382)	(-52.0900,-18.1542,615.1534)	(-27.5565,-17.9862,612.0193)	(10.5765,-17.8401,610.8083)	(35.3301,-17.8569,616.6622)	(-36.0614,49.1712,602.3446)	(-11.1806,41.3890,594.1875)	(14.0381,48.3548,603.0572)	(-11.2622,60.8757,593.2590)	
(-19.1043,-41.6044,600.8772)	(4.8542,-39.4494,600.7590)	(-9.8734,0.1441,599.0066)	(-9.1720,13.4586,589.0354)	(-54.3104,-20.3650,617.1596)	(-27.5461,-20.0753,611.0180)	(12.6950,-17.8337,610.7966)	(36.3930,-18.9224,614.6768)	(-36.0614,49.1712,603.3422)	(-11.1573,41.4563,595.1636)	(14.0318,48.3548,603.0486)	(-11.2622,60.8757,593.2560)	
(-19.1043,-41.6044,600.8772)	(4.8542,-39.4463,600.7532)	(-9.8986,0.1441,598.9966)	(-9.1720,13.4586,589.0354)	(-52.0772,-22.4230,615.1388)	(-27.5502,-20.1102,612.0091)	(12.6429,-17.8305,610.7922)	(36.3930,-18.9224,614.6666)	(-38.2138,49.2441,605.3504)	(-11.1806,41.4532,595.1606)	(14.0318,48.3548,603.0502)	(-11.2622,60.8757,593.2533)	
(-19.1043,-41.6044,600.8772)	(5.8962,-40.4799,600.7432)	(-8.9563,2.2279,598.0094)	(-9.1720,13.4586,589.0523)	(-54.3104,-20.3650,617.1596)	(-27.5565,-17.9862,612.0208)	(12.6397,-17.8025,609.8029)	(36.3930,-18.9224,614.6709)	(-36.0796,49.2410,603.3422)	(-11.1573,41.4563,595.1678)	(11.9445,48.3486,602.0789)	(-11.2622,60.8757,593.2518)	
(-19.0945,-41.6755,601.8626)	(4.8047,-39.4400,600.7474)	(-9.9048,2.2232,598.9951)	(-11.2145,13.4524,589.0523)	(-52.0836,-20.2886,615.1447)	(-27.5565,-17.9862,612.0178)	(12.6366,-17.8025,609.7986)	(35.2290,-17.8569,613.6526)	(-37.1344,51.3338,603.3594)	(-12.1889,42.4889,595.1664)	(14.0965,48.3548,603.0587)	(-11.2622,60.8757,593.2446)	
(-19.1043,-41.6044,600.8772)	(4.8047,-39.4400,600.7331)	(-8.9294,2.2279,597.9952)	(-11.2379,13.4463,589.0466)	(-54.3104,-20.3650,617.1596)	(-29.6860,-17.9958,612.0356)	(12.6429,-17.8025,610.7907)	(36.3962,-16.8240,614.6562)	(-36.0890,49.2441,603.3465)	(-11.1573,41.4563,595.1636)	(11.9445,48.3486,602.0746)	(-13.3184,60.8695,593.2674)	
(-19.1105,-39.5184,600.8858)	(4.8047,-39.3819,599.7696)	(-8.9563,2.2279,597.9937)	(-11.2379,13.4493,589.0466)	(-54.3104,-20.3650,617.1596)	(-27.5565,-17.9862,612.0208)	(10.5733,-17.8401,610.8040)	(36.3930,-16.8731,614.6519)	(-36.0890,49.2410,603.3465)	(-11.1806,41.3890,594.1818)	(14.0934,50.4477,603.0645)	(-13.3184,60.8695,593.2575)	
(-19.1043,-41.6044,600.8788)	(4.8480,-39.4400,600.7502)	(-9.9017,2.2248,598.0194)	(-11.2379,13.4349,588.0734)	(-54.3040,-22.5063,617.1509)	(-27.5565,-17.9862,612.0208)	(10.5765,-17.8401,610.8083)	(36.3930,-18.9224,614.6650)	(-38.2138,49.2410,605.3504)	(-11.1806,41.3952,594.1917)	(11.9445,48.2708,602.0718)	(-11.2853,60.7755,592.2629)	
(-19.1043,-41.6044,600.8772)	(4.8542,-39.4463,600.7532)	(-8.9563,2.2279,598.0094)	(-9.1720,13.4586,589.0579)	(-54.2095,-22.4294,617.1493)	(-27.5565,-17.9862,612.0178)	(10.5733,-17.8401,610.8024)	(36.2998,-18.9224,614.6562)	(-38.2138,49.2410,605.3504)	(-11.1573,41.4532,595.1579)	(14.0965,48.5104,603.0731)	(-11.2853,60.7755,592.2558)	
(-19.1105,-39.5184,600.8858)	(5.9024,-39.4400,600.7331)	(-8.9563,2.2279,597.9922)	(-9.1720,13.4586,589.0466)	(-54.3040,-22.5063,617.1509)	(-27.5565,-17.9862,611.0240)	(12.6366,-17.8025,609.7986)	(36.3030,-18.9224,614.6591)	(-38.2138,49.2410,605.3504)	(-11.1573,41.4563,595.1664)	(11.9445,48.3486,602.0846)	(-11.2622,60.8726,593.2419)	
(-19.1043,-41.6044,600.8788)	(4.8047,-39.3850,600.7416)	(-8.9563,2.2279,597.9994)	(-11.2379,13.4349,588.0734)	(-54.3104,-20.3650,617.1596)	(-27.5565,-17.9862,612.0208)	(10.5733,-17.8401,610.8083)	(36.3994,-18.9520,616.6490)	(-38.2138,49.2410,605.3504)	(-11.1806,41.3890,594.1860)	(11.9445,48.2708,602.0718)	(-11.2560,58.8174,593.2491)	
(-19.1043,-41.6044,601.8626)	(4.8511,-39.3850,600.7459)	(-9.9017,1.1837,598.9908)	(-11.1850,11.4281,590.0453)	(-54.3040,-22.5063,617.1509)	(-27.5565,-17.9862,612.0208)	(10.5797,-17.8401,610.8098)	(36.3930,-16.8240,614.6504)	(-36.0890,49.2441,603.3465)	(-11.1806,41.3890,594.1761)	(11.9414,48.3486,602.0660)	(-13.2926,58.9017,594.2352)	
(-19.1043,-41.6044,600.8745)	(4.8047,-39.3850,600.7374)	(-9.9017,1.1837,598.9951)	(-11.2379,13.4349,588.0636)	(-54.2095,-22.4294,615.1534)	(-27.5565,-17.9862,612.0208)	(10.5733,-17.8401,609.8177)	(36.3930,-16.8731,614.6519)	(-36.0890,49.2410,603.3465)	(-11.1806,41.3890,594.1833)	(11.9445,48.3486,602.0761)	(-11.2560,58.8174,593.2448)	
(-19.1105,-39.5184,600.8858)	(4.8542,-39.4494,600.7560)	(-8.9563,2.2279,597.9922)	(-11.2379,13.4493,589.0481)	(-54.3168,-18.2236,617.1684)	(-27.5565,-17.9862,612.0193)	(11.6389,-15.7131,610.8010)	(35.3301,-14.7350,614.6591)	(-36.0707,49.2378,602.3504)	(-11.1573,41.4532,595.1564)	(11.9445,48.3486,602.0703)	(-13.3123,58.8112,593.2562)	
(-19.1043,-41.6044,600.8657)	(6.9381,-39.3787,600.7331)	(-9.8986,1.1837,598.9893)	(-11.2379,13.4380,588.0734)	(-54.3104,-20.3650,617.1596)	(-27.5565,-17.9862,612.0193)	(12.6397,-17.8025,609.8044)	(36.3930,-16.8731,614.6504)	(-36.0890,49.2410,603.3465)	(-11.1573,41.4563,595.1706)	(11.9414,48.3486,602.0660)	(-13.3123,58.8112,593.2604)	
(-19.1043,-41.6012,600.8657)	(5.8962,-40.4799,600.7474)	(-8.9532,2.2264,597.0053)	(-11.2613,13.4143,587.0734)	(-52.0772,-22.4230,615.1388)	(-27.5565,-17.9862,612.0208)	(12.6429,-17.8025,609.8016)	(36.3930,-18.9224,614.6650)	(-38.1704,49.1680,603.3496)	(-11.1806,41.4501,595.1564)	(11.9445,48.3486,602.0862)	(-11.2792,58.7238,592.2629)	
(-19.1043,-41.6044,600.8788)	(4.8542,-39.4463,600.7517)	(-9.8734,0.1441,599.0066)	(-11.2379,13.4463,589.0466)	(-54.2095,-22.4294,615.1506)	(-27.5565,-17.9862,612.0178)	(12.6366,-17.8025,609.8029)	(36.3962,-18.9256,614.6709)	(-38.2138,49.2410,605.3504)	(-11.1573,41.4563,595.1720)	(11.9445,48.3486,602.0904)	(-13.2926,58.9017,594.2352)	
(-19.1043,-41.6044,600.8772)	(5.8962,-40.4799,600.7432)	(-9.9017,-0.8933,599.9922)	(-11.2379,13.4349,588.0636)	(-52.0772,-22.4230,615.1388)	(-27.5524,-17.9548,611.0240)	(12.6429,-17.8025,609.8016)	(36.4026,-18.9520,616.6578)	(-38.1704,49.2410,603.3566)	(-11.1806,41.3890,594.1719)	(11.9445,48.3486,602.0819)	(-13.2926,58.9079,594.2409)	
(-19.1204,-39.4507,600.8715)	(6.8851,-39.3725,599.7480)	(-9.9017,2.2248,597.9937)	(-9.1989,13.4380,588.0523)	(-52.0772,-22.4230,615.1388)	(-27.5565,-17.9862,612.0208)	(12.6918,-17.8337,610.7966)	(36.3030,-16.8208,613.6774)	(-36.0707,49.2410,602.3504)	(-11.1806,41.3890,594.1734)	(11.9445,48.3486,602.0789)	(-11.2792,58.7207,592.2586)	
(-19.1043,-41.6044,600.8772)	(5.8993,-38.4002,600.7316)	(-9.9017,1.1837,598.9908)	(-11.2379,13.4493,589.0523)	(-52.0772,-22.4230,615.1388)	(-27.5565,-17.9862,612.0150)	(12.6366,-17.8025,609.8001)	(36.3930,-16.8731,614.6504)	(-36.0707,49.1680,602.3476)	(-11.1806,41.3890,594.1734)	(11.9445,48.2708,602.0703)	(-13.3123,58.8112,593.2448)	
(-19.1105,-39.5184,600.8858)	(4.8047,-39.3850,600.7416)	(-9.9017,2.2248,598.0110)	(-11.2379,13.4463,589.0466)	(-54.2095,-22.4294,615.1506)	(-27.5565,-17.9862,612.0178)	(12.6429,-17.8025,609.8001)	(36.3030,-18.8928,614.6562)	(-38.1704,49.2378,603.3538)	(-11.1806,41.3890,594.1917)	(11.9414,48.2708,602.0718)	(-13.3123,58.8081,593.2464)	
(-19.1105,-39.5184,600.8858)	(4.8047,-39.4400,600.7432)	(-9.9017,2.2248,598.0110)	(-11.2379,13.4463,589.0466)	(-54.2158,-20.2950,615.1594)	(-27.5565,-17.9862,612.0150)	(9.5673,-16.7798,610.8200)	(35.3237,-17.8569,614.6797)	(-38.1704,49.2378,603.3538)	(-11.1806,41.3890,594.1833)	(11.9445,48.3486,603.0560)	(-13.3123,58.9017,594.2352)	
(-19.1199,-37.4324,600.8944)	(4.8015,-37.3572,600.7590)	(-9.9017,2.2248,598.0110)	(-11.2145,13.4524,589.0538)	(-52.0900,-18.1542,615.1563)	(-27.5565,-17.9862,612.0150)	(11.6357,-16.7734,610.8068)	(35.3205,-15.7260,614.6944)	(-38.1704,49.1680,603.3538)	(-11.1806,41.3890,594.1704)	(11.9414,50.4415,603.0688)	(-13.3123,58.8112,593.2533)	
(-19.1105,-39.5184,600.8830)	(5.9024,-39.4432,600.7446)	(-9.9017,2.2232,597.9994)	(-11.2613,13.4143,587.0734)	(-54.3104,-20.3650,617.1596)	(-29.6784,-17.9675,611.0443)	(11.6389,-16.7734,610.8083)	(35.3301,-17.8569,614.6856)	(-38.1487,49.1617,602.3562)	(-13.2205,41.4563,595.1877)	(11.9445,48.3486,602.0819)	(-13.3320,58.8050,593.2349)	
(-19.1105,-39.5184,600.8858)	(6.9350,-39.4400,600.7459)	(-9.9017,2.2248,598.0152)	(-9.1989,13.4380,588.0523)	(-54.2095,-22.4294,615.1506)	(-27.5524,-17.9580,611.0268)	(11.6357,-16.7703,610.8083)	(36.3930,-18.9224,614.6650)	(-38.1704,49.2378,603.3538)	(-11.1806,41.4532,595.1606)	(11.9445,48.3486,603.0602)	(-13.3320,58.7176,592.2686)	
(-19.1204,-39.4507,599.8889)	(4.9038,-39.5139,601.7426)	(-9.9017,1.1837,598.9951)	(-9.1720,13.4586,589.0410)	(-54.2095,-22.4294,617.1493)	(-27.5565,-17.9862,612.0178)	(12.6429,-17.8025,610.7950)	(36.3930,-16.8240,614.6504)	(-36.0707,49.1649,602.3462)	(-11.1573,41.4563,595.1636)	(11.9445,48.2708,602.0676)	(-11.2792,58.7238,592.2629)	
(-19.1105,-39.5184,600.8858)	(6.9319,-37.2962,599.7622)	(-9.9017,2.2248,598.0110)	(-11.2379,13.4463,589.0466)	(-52.0772,-22.4230,615.1388)	(-27.5565,-17.9862,612.0178)	(12.6397,-17.8025,609.8001)	(36.3030,-18.8928,614.6591)	(-38.1704,49.2378,603.3538)	(-13.2205,41.4501,595.1850)	(11.9445,48.3486,603.0617)	(-13.3381,60.7724,592.2713)	
(-19.1204,-39.4507,599.8804)	(4.7984,-37.2962,599.7680)	(-9.9079,1.1929,599.9892)	(-11.1443,13.5172,592.0578)	(-52.0836,-20.2886,615.1447)	(-27.5524,-17.9548,611.0150)	(11.6326,-16.7440,610.7994)	(36.1070,-18.8536,612.6562)	(-38.2232,49.2441,605.3634)	(-13.1808,41.5846,597.1739)	(12.0026,50.6851,605.0762)	(-13.2987,60.9758,594.2663)	
(-17.0656,-35.2186,598.8878)	(3.7042,-34.1135,598.7713)	(-10.8588,4.3317,603.0102)	(-11.0397,17.7612,597.0804)	(-52.0086,-15.9636,613.1648)	(-28.6063,-14.7477,611.0324)	(11.5003,-12.4646,608.8176)	(38.2099,-13.5193,612.6618)	(-37.2743,54.0299,610.3599)	(-14.1380,45.0550,602.2004)	(12.5378,56.4762,612.0936)	(-14.1941,64.9047,602.2818)	
(-17.0975,-27.8933,597.9250)	(2.5948,-25.7615,597.8258)	(-10.9743,11.5790,599.0462)	(-14.2723,24.7669,591.1042)	(-55.3992,-12.8245,617.1962)	(-30.7491,-10.5521,612.0630)	(10.4836,-6.1647,609.8522)	(36.1621,-5.0537,614.7028)	(-41.5565,60.4650,611.4186)	(-15.2524,53.1477,599.2340)	(10.3328,62.7417,611.1196)	(-17.3818,73.0054,600.3324)	
(-16.0514,-33.9958,596.8881)	(7.6330,-31.8002,594.7688)	(-10.2222,7.2844,585.0372)	(-10.5378,19.1926,577.0636)	(-52.0054,-15.9636,613.1604)	(-26.4876,-14.6365,606.0342)	(12.1775,-8.1660,602.8430)	(38.8267,-6.0548,607.6910)	(-41.1339,51.8582,596.3874)	(-15.5081,45.6264,582.2129)	(8.2721,58.8761,592.1310)	(-17.5672,64.8128,583.3002)	
(-9.0375,-40.6488,587.8265)	(12.2961,-36.4383,586.7239)	(-3.3034,0.2030,580.9598)	(-5.5788,9.1357,572.0146)	(-45.2121,-21.8659,601.1026)	(-21.2756,-19.5685,596.9750)	(17.0021,-14.2698,596.7870)	(42.0507,-10.0950,598.6708)	(-36.7395,45.6355,584.3269)	(-10.6754,39.9855,573.1628)	(11.7108,50.7590,582.0799)	(-12.7773,56.5910,570.2462)	
(-8.9500,-42.9134,590.8154)	(13.5804,-39.6932,590.7074)	(-3.2601,-1.8222,582.9440)	(-5.6831,8.1625,571.0106)	(-45.1996,-26.0379,601.0828)	(-21.2537,-21.7235,598.9734)	(17.2127,-16.4009,598.7790)	(42.9564,-15.4828,607.6302)	(-34.6979,45.6415,583.3194)	(-8.6539,38.0602,574.1438)	(15.9750,50.0038,586.0366)	(-10.7756,56.6936,571.2301)	
(-12.8604,-47.7620,599.8160)	(9.9661,-44.4963,598.6970)	(-5.0231,-7.9961,588.9417)	(-7.4604,1.2996,576.9909)	(-47.6893,-26.5429,612.0948)	(-23.3079,-24.1430,606.9822)	(14.5628,-19.8093,606.7768)	(39.0677,-14.5895,608.6573)	(-35.8120,42.0640,589.3123)	(-10.5075,32.3466,579.1405)	(14.1487,46.1646,588.0367)	(-12.6522,51.0892,575.2206)	
(-8.6234,-52.0882,601.7721)	(14.3187,-47.8403,601.6650)	(-2.8534,-13.1742,591.9030)	(-1.3641,-1.7971,578.9464)	(-46.6413,-32.9086,613.0612)	(-22.2290,-30.5090,608.9325)	(21.0401,-24.0869,608.7248)	(44.8246,-22.0932,613.5924)	(-32.7292,40.9211,588.2866)	(-5.4758,30.3488,579.1018)	(17.3595,44.2811,590.0392)	(-6.6612,47.1122,575.1711)	
(-10.6870,-51.1364,602.7787)	(12.3024,-50.0240,602.6773)	(-2.5421,-15.3960,597.8942)	(0.0000,0.0000,-1.0000)	(-44.4938,-31.8466,612.0554)	(-20.1048,-29.5420,608.9224)	(19.0005,-26.2519,608.7324)	(40.8833,-20.0755,616.6240)	(-33.7218,35.8124,587.2806)	(-7.3507,26.4953,583.0784)	(16.4856,39.4202,592.0083)	(-10.5565,42.4020,577.1840)	
(-16.9296,-55.5252,604.8171)	(7.2441,-52.3123,604.6980)	(-9.8995,-16.3638,594.9394)	(-11.3739,-4.8572,580.9726)	(-52.0422,-34.1622,615.0907)	(-28.5585,-32.7924,610.9542)	(12.7235,-26.2773,609.7784)	(36.1197,-25.1888,612.6358)	(-39.8975,34.8870,590.3045)	(-13.4525,26.3449,580.1020)	(11.2250,40.1729,589.0608)	(-15.6001,43.1655,576.1922)	
(-10.6096,-53.4934,605.7614)	(13.6111,-51.3301,606.6299)	(-1.5801,-17.4685,597.8684)	(0.0000,0.0000,-1.0000)	(-45.6422,-34.0855,615.0509)	(-22.2273,-31.5514,606.9462)	(17.8917,-27.3540,608.7352)	(42.8090,-22.1440,614.6283)	(-34.7378,32.7007,588.2588)	(-8.4036,22.3063,579.0716)	(17.9635,36.7504,583.9952)	(-8.6314,40.1170,575.1424)	
(-0.0533,-56.7151,605.7208)	(25.4403,-53.7489,609.5707)	(10.0629,-18.7293,601.8036)	(0.0000,0.0000,-1.0000)	(-35.9158,-37.9971,607.9900)	(-12.6991,-33.6967,608.8626)	(26.6710,-28.4921,612.6831)	(51.1392,-23.5727,621.5726)	(-22.5254,30.5032,584.1764)	(5.7466,20.4637,582.0046)	(27.9660,37.3832,593.9468)	(2.3892,38.1600,575.0984)	
(-5.3567,-55.5935,605.7456)	(17.8203,-52.4510,606.6299)	(2.5209,-17.4217,596.8502)	(2.1314,-7.8835,582.9038)	(-41.2686,-36.0210,611.0247)	(-19.0347,-35.8838,609.9048)	(22.3400,-29.5120,611.7013)	(45.1873,-26.4930,617.5672)	(-28.6148,32.6626,586.2328)	(-1.3518,21.3854,581.0424)	(21.5574,36.2811,592.9586)	(-3.6834,39.1430,575.1134)	
(-7.4578,-55.5967,605.7542)	(15.7220,-54.5641,606.6357)	(2.4749,-17.3935,595.8578)	(1.8066,-11.0204,587.8842)	(-43.4169,-36.0883,612.0321)	(-21.1465,-35.8934,610.9162)	(20.2180,-29.5184,611.7130)	(45.2975,-26.5347,617.6026)	(-30.6469,32.6596,586.2455)	(-3.4410,21.3104,579.0411)	(21.5482,36.2223,590.9814)	(-5.7046,39.0058,573.1449)	
(-9.5273,-57.8033,606.7552)	(13.6871,-55.7109,607.6119)	(-1.6521,-19.4746,595.8778)	(-3.1926,-9.8618,579.9187)	(-43.4233,-33.9643,612.0436)	(-21.1433,-32.7797,610.9002)	(18.0322,-29.4841,610.7108)	(43.1517,-26.5412,617.5938)	(-31.6568,29.6443,586.2386)	(-5.4428,19.2945,579.0648)	(19.4390,32.0546,589.9536)	(-6.6982,38.0023,573.1408)	
(-11.6319,-57.8065,606.7612)	(12.5619,-55.6364,606.6562)	(-3.6056,-21.6704,598.8842)	(-4.1027,-12.1437,590.9146)	(-47.7344,-36.2229,614.0556)	(-24.3209,-34.9066,610.9366)	(15.9233,-32.6650,610.7198)	(40.9089,-28.6408,616.5890)	(-34.7511,30.7567,589.2550)	(-7.3296,19.3844,582.0718)	(17.3184,34.0998,589.9860)	(-9.5333,36.3030,578.1334)	
(-15.8625,-54.5735,605.8065)	(9.4081,-53.5265,606.6532)	(-5.7272,-17.4778,597.9014)	(-7.1933,-7.9769,586.9590)	(-49.8696,-34.0983,614.0818)	(-24.3273,-31.7258,610.9350)	(14.7958,-30.4988,609.7406)	(40.9025,-28.6408,616.5814)	(-34.7767,32.8545,590.2678)	(-9.3305,21.4644,584.0912)	(16.4340,37.1677,591.0113)	(-9.5215,39.4528,579.1541)	
(-19.0143,-55.6219,605.8240)	(5.0933,-53.3623,604.7080)	(-9.9057,-16.4525,597.9286)	(-10.1575,-5.9147,584.9775)	(-53.1083,-33.0950,615.1010)	(-28.5737,-30.7272,611.9730)	(12.6745,-28.3881,609.7552)	(36.3284,-29.5302,614.6066)	(-38.9508,34.1380,593.3084)	(-12.3250,22.5110,586.0801)	(14.3724,37.1010,590.9986)	(-13.4977,41.4449,580.1639)	
(-17.9847,-51.3287,604.8171)	(5.1429,-51.2561,604.6964)	(-8.8104,-14.3738,597.9157)	(-9.2010,-3.8929,585.9815)	(-50.9856,-32.0278,615.0907)	(-26.4639,-29.6684,610.9746)	(14.7895,-28.3817,609.7450)	(38.5571,-25.4352,614.6139)	(-36.8946,37.1279,593.2970)	(-12.3310,24.5782,585.1177)	(14.4389,37.1615,592.0028)	(-12.4963,42.5374,580.1860)	
(-17.9879,-49.0655,602.8292)	(6.0300,-48.9995,602.7050)	(-9.9181,-11.2363,596.9430)	(-9.1263,-1.8773,588.9894)	(-50.9920,-29.8934,615.0994)	(-27.5208,-28.5576,610.9774)	(12.6618,-26.2710,609.7639)	(36.2320,-25.3553,613.6176)	(-36.9207,39.2529,594.3086)	(-12.2939,26.6554,587.1052)	(14.5688,39.4047,594.0266)	(-13.4792,45.7023,583.1963)	
(-19.0659,-48.0254,602.8509)	(3.9330,-48.9964,602.7236)	(-9.8645,-10.2257,597.9427)	(-11.2217,0.1672,587.0192)	(-52.0645,-28.8262,615.1170)	(-27.5312,-26.4823,611.9845)	(12.6618,-26.2710,609.7639)	(36.3157,-25.2721,614.6242)	(-36.9406,39.3104,595.3064)	(-11.2835,28.7394,588.1320)	(14.5718,41.4634,595.0251)	(-13.4594,46.8755,585.1911)	
(-19.0659,-48.0254,602.8509)	(6.0175,-46.8972,602.7148)	(-8.9524,-8.1313,596.9514)	(-11.2513,2.2032,586.0122)	(-52.0645,-26.6918,615.1214)	(-27.5366,-24.3197,610.9964)	(12.6618,-24.1538,609.7756)	(36.4058,-23.1478,614.6475)	(-36.9468,41.3818,595.3176)	(-13.3286,30.7682,588.1516)	(13.5359,42.4912,596.0277)	(-13.4852,48.7440,583.2240)	
(-19.0659,-48.0254,602.8509)	(6.0238,-48.9901,602.7090)	(-9.8707,-8.1532,597.9569)	(-9.1923,2.2109,586.9896)	(-53.1211,-28.8262,615.1184)	(-27.5271,-26.4371,610.9876)	(12.6587,-24.1538,609.7726)	(36.2224,-25.2320,613.6497)	(-36.9667,41.4428,596.3152)	(-11.2663,30.8273,589.1151)	(12.5659,41.6718,597.0234)	(-13.4260,48.9842,586.2053)	
(-16.9947,-45.8481,601.8626)	(6.0175,-46.8972,602.7206)	(-9.8738,-8.1564,597.9726)	(-10.1597,3.2297,587.0050)	(-52.0645,-26.6918,615.1198)	(-27.5334,-24.3165,611.0022)	(12.7045,-22.0749,610.7777)	(36.3093,-23.1446,614.6432)	(-36.9928,43.5820,597.3214)	(-11.2724,32.8749,589.1417)	(12.6227,41.6718,597.0362)	(-13.4518,51.0153,585.2370)	
(-16.9947,-45.8481,601.8484)	(5.9599,-44.7375,602.7090)	(-9.8548,-6.0930,598.9810)	(-10.1155,5.2874,590.0243)	(-52.0207,-26.6464,614.1212)	(-27.5334,-24.2779,610.9874)	(12.5908,-21.9986,608.7817)	(36.2097,-23.1048,613.6336)	(-38.0929,44.7659,600.3311)	(-11.2087,35.0900,592.1505)	(10.6783,43.8794,599.0561)	(-13.3986,53.3073,588.2323)	
(-19.1043,-41.6044,600.8614)	(4.8047,-39.3787,599.7595)	(-9.8765,1.1837,599.0066)	(-11.0852,9.4317,594.0466)	(-54.1686,-20.2600,614.1592)	(-27.5524,-17.9548,611.0178)	(11.5727,-15.6854,608.8018)	(35.1280,-14.6573,611.6831)	(-37.1344,51.3338,603.3566)	(-11.1573,41.4563,595.1762)	(11.9995,50.6039,603.0846)	(-13.2987,60.9696,594.2608)	
(-19.1364,-37.3040,598.8950)	(3.7104,-35.1530,598.7670)	(-10.8995,3.2659,599.0094)	(-11.1504,15.5720,592.0720)	(-54.1749,-18.1290,615.1653)	(-29.6772,-15.8406,611.0398)	(11.5633,-13.5503,608.8178)	(37.4496,-12.5840,613.6685)	(-37.2069,55.7917,607.3730)	(-14.2040,44.6928,597.1923)	(12.1737,54.9799,606.0976)	(-14.2988,64.2729,596.2726)	
