-116.413902	65.735672	898.828857	0.354970	0.849618	-1.329830
-116.584656	69.870049	893.096985	0.386927	0.817363	-1.290432
-113.618790	69.686668	895.609314	0.282376	0.825875	-1.382105
-114.762695	70.929016	897.064148	0.296851	0.816815	-1.362728
-115.536652	69.518112	898.475769	0.286213	0.842512	-1.369848
-114.183052	69.902130	898.399048	0.247636	0.840977	-1.396030
-112.478378	72.427971	900.529114	0.275745	0.843777	-1.372428
-111.238274	73.884430	898.639832	0.253798	0.844920	-1.389053
-110.547928	74.148872	898.392151	0.246439	0.840619	-1.382152
-112.779182	71.904976	898.963379	0.267011	0.850843	-1.364913
-116.904495	71.838303	896.448853	0.379359	0.805061	-1.274388
-115.983429	72.124275	896.412781	0.356812	0.804838	-1.291779
-113.063232	73.112915	900.712646	0.307746	0.847427	-1.335412
-103.512680	77.483734	893.088196	0.365472	0.816940	-1.319257
-94.897293	79.863281	895.358032	0.301054	0.821729	-1.406166
-101.638626	80.780716	897.643311	0.295626	0.826932	-1.382448
-109.344620	79.444633	895.308472	0.302350	0.819215	-1.354784
-99.964996	78.093040	894.159851	0.357504	0.836307	-1.331978
-90.669220	84.011871	899.710205	0.290230	0.792367	-1.355877
-83.281944	80.722961	901.021484	0.244649	0.853347	-1.379809
-79.835243	87.797272	892.427979	0.262767	0.804351	-1.385854
-70.700790	88.578918	906.479248	0.186009	0.880453	-1.445077
-60.541191	95.139908	906.721069	0.186146	0.845687	-1.424304
-47.551773	100.613052	905.695557	0.208306	0.828134	-1.421260
					
-33.828506	101.278336	894.999146	0.216774	0.814718	-1.403107
-32.500114	100.680054	895.920105	0.200181	0.796149	-1.405745
-29.395576	98.083313	894.817139	0.180110	0.812988	-1.406774
-18.729362	86.589684	906.483704	0.270698	0.885393	-1.403660
-10.346220	80.530891	939.314209	0.295326	0.882889	-1.398175
0.671927	79.786797	892.154602	0.157040	0.805933	-1.453729
13.025526	76.165192	888.947815	0.134712	0.822440	-1.517017
17.360325	53.505199	898.215881	0.194744	0.888027	-1.482844
11.649258	44.666981	898.526917	0.115786	0.936020	-1.562950
6.117249	38.445065	884.948853	0.179008	0.827532	-1.528846
13.060284	20.416504	890.190735	0.184712	0.933165	-1.487457
15.568181	15.920723	884.693115	0.235228	0.865232	-1.458936
14.722149	-0.853210	890.611084	0.215898	0.947356	-1.451329
13.614214	-6.139317	890.313110	0.211767	0.941367	-1.466293
9.772600	-14.106274	891.922424	0.180282	0.977449	-1.500626
8.197325	-15.484394	890.862915	0.179581	0.954641	-1.503703
8.129524	-15.268230	888.839966	0.184308	0.953601	-1.502334
8.150223	-15.397396	885.937866	0.201645	0.934548	-1.478268
5.653521	-14.392429	885.040405	0.251409	0.916832	-1.428607
8.812712	-19.927341	885.136414	0.213499	0.961342	-1.455431
8.970177	-19.564827	884.996094	0.211807	0.958316	-1.492704
7.534625	-21.104568	885.078186	0.212517	0.959965	-1.492175
2.103801	-20.612629	884.649414	0.214988	0.950545	-1.468092
5.394779	-17.342445	882.636292	0.155517	0.950149	-1.540968
1.258920	-18.426891	882.144958	0.204190	0.939354	-1.477139
-0.854765	-21.539780	883.485474	0.217611	0.967295	-1.464954
-3.159874	-15.661072	882.345215	0.212576	0.942933	-1.474360
-3.460536	-15.940605	882.429749	0.216056	0.945155	-1.444359
-0.717666	-16.478622	884.784058	0.189077	0.952581	-1.465504
-3.746329	-16.811501	880.235352	0.151573	0.939968	-1.496581
-9.320173	-20.920986	882.779663	0.210839	0.951995	-1.433786
-6.657696	-18.906471	884.776306	0.211734	0.952930	-1.495244
-8.737068	-18.563240	885.191467	0.224564	0.960962	-1.447610
-16.720615	-20.870277	884.877747	0.209131	0.953296	-1.460927
-19.364391	-20.636707	883.713074	0.233961	0.928095	-1.468945
-20.445993	-19.627392	885.018677	0.243370	0.956528	-1.472325
-21.342903	-20.311382	886.272095	0.235407	0.941046	-1.454751
-21.496948	-20.942871	884.879089	0.236490	0.953218	-1.449412
-26.507713	-23.558670	885.605469	0.275317	0.969558	-1.430180
-29.865814	-27.161392	887.819214	0.249007	0.974082	-1.417461
-31.101330	-24.015827	887.624146	0.217827	0.927086	-1.436398
-27.870529	-21.983849	887.375305	0.303519	0.964712	-1.432013
-26.155245	-21.860954	891.944031	0.235335	0.933905	-1.443949
-27.218472	-22.387478	892.239563	0.229123	0.939722	-1.450844
-29.903727	-22.470680	892.949097	0.272043	0.913179	-1.429049
-26.510937	-22.405373	891.110962	0.301119	0.916012	-1.409836
-24.227997	-21.736198	892.619141	0.239798	0.907517	-1.457472
-30.855293	-24.620209	892.414001	0.261469	0.902688	-1.440546
-30.340534	-27.070885	893.276245	0.243756	0.919871	-1.453501
-30.401258	-27.418587	897.206177	0.239528	0.919051	-1.452368
-30.617737	-23.821156	891.809143	0.257627	0.890476	-1.447197
-30.753120	-24.358356	892.247192	0.260795	0.898756	-1.443263
-30.495783	-25.615433	895.232666	0.230410	0.919386	-1.450353
-31.272350	-24.653870	893.649414	0.205739	0.927609	-1.458187
-28.656574	-19.478920	891.388733	0.200615	0.921912	-1.483565
-28.593206	-17.630882	891.077637	0.221543	0.915605	-1.485578
-29.096745	-18.748886	891.641785	0.323346	0.926809	-1.413457
-25.299751	-18.150757	888.703918	0.258875	0.949803	-1.460375
-28.435034	-19.164997	883.575806	0.257646	0.966561	-1.419265
-30.189545	-18.214306	882.128235	0.217838	0.935099	-1.419948
-27.705200	-17.130787	883.332642	0.223583	0.961631	-1.437625
-23.729401	-9.551014	876.381592	0.255580	0.984088	-1.427309
-23.647640	-8.402393	874.684448	0.222819	0.990000	-1.428302
-22.401533	-8.926121	873.193665	0.175285	1.002206	-1.455673
-16.806517	-4.145607	866.298767	0.140703	0.981085	-1.494436
-19.300068	-5.531185	866.212280	0.175391	1.000993	-1.466242
-20.148018	-4.026402	862.353027	0.144773	1.003797	-1.479477
-19.354677	-6.073391	861.622009	0.219199	1.034927	-1.460973
-17.342667	-6.230686	860.652405	0.154942	1.061139	-1.508233
-19.244801	-3.816116	858.045776	0.183412	1.045658	-1.463026
-22.620890	-1.894176	856.332642	0.286057	1.051734	-1.376617
-18.998648	3.840302	850.820496	0.213468	1.037648	-1.439569
-18.940327	4.032475	849.724304	0.158986	1.059726	-1.505036
-20.817715	7.748714	847.886841	0.228262	1.063460	-1.457380
-18.457226	7.217072	848.003784	0.215128	1.092285	-1.478563
-17.262188	7.738094	846.295349	0.286515	1.100150	-1.401399
-15.591189	8.969015	845.184814	0.228355	1.124670	-1.441668
-19.765121	9.107800	842.597717	0.308914	1.135831	-1.354298
-17.451838	10.846952	840.641235	0.230344	1.137284	-1.425150
-16.562403	13.120693	840.255615	0.222178	1.126043	-1.454677
-18.823826	13.852575	837.874207	0.246747	1.115330	-1.430441
-20.730501	8.621008	838.645874	0.248026	1.167305	-1.396463
-24.559456	11.766212	835.656372	0.306442	1.137002	-1.332902
-21.217335	12.511215	834.261292	0.239882	1.154328	-1.429510
-19.605249	14.055099	834.166870	0.211175	1.151941	-1.439403
-22.231741	16.460167	831.746521	0.205430	1.137904	-1.444559
-25.784756	14.699270	828.180237	0.247878	1.181826	-1.445119
-27.564348	12.783216	828.339966	0.325975	1.220967	-1.365900
-29.411568	16.117229	826.490051	0.325876	1.227428	-1.341755
-29.386185	17.237457	823.163086	0.320090	1.213785	-1.352223
-28.732447	19.341274	822.882935	0.290266	1.205063	-1.380739
-24.269279	21.217613	821.221436	0.291898	1.216564	-1.396694
-21.411572	22.039278	819.913269	0.292752	1.240560	-1.395150
-24.247475	22.815531	818.633057	0.288281	1.229990	-1.391143
-27.030277	22.236038	816.612366	0.386179	1.229382	-1.285727
-26.007893	22.696293	815.906921	0.413005	1.239155	-1.267852
-23.751350	22.835535	816.437500	0.333522	1.261341	-1.341294
-24.563686	22.802099	814.410645	0.369464	1.259300	-1.308470
-20.754498	22.628859	813.021973	0.280272	1.285425	-1.402870
-24.418728	25.510212	811.432922	0.371349	1.258328	-1.317955
-22.492441	25.151016	810.334534	0.358925	1.297416	-1.314559
-23.062082	23.512928	810.576965	0.458487	1.310458	-1.208188
-22.132450	25.484612	809.534546	0.400683	1.305902	-1.261700
-20.778139	27.747494	809.366089	0.343330	1.298269	-1.335818
-22.210083	28.208405	807.583252	0.357648	1.307759	-1.321135
-25.087856	24.581741	807.038757	0.461011	1.330537	-1.208056
-21.771799	27.167023	804.974182	0.252335	1.325497	-1.392856
-19.495514	26.588856	805.141479	0.250038	1.334895	-1.440550
-22.865562	27.024954	805.294495	0.263245	1.343638	-1.389464
-24.575384	24.944672	805.444824	0.321069	1.352749	-1.355332
-24.884781	28.198074	803.303162	0.306112	1.342578	-1.348410
-20.723494	29.885529	803.215637	0.291111	1.338332	-1.372621
-22.726746	30.133232	802.478027	0.271457	1.352095	-1.390831
-24.243118	28.678627	800.998596	0.419299	1.380857	-1.263581
-25.903687	29.656115	800.640808	0.488417	1.361882	-1.186449
-25.645267	26.378712	800.285461	0.579811	1.401231	-1.113332
-23.473473	28.559589	799.872864	0.527842	1.374499	-1.156962
-22.331635	33.486748	797.423096	0.460801	1.344957	-1.206586
-23.059893	33.428055	797.436218	0.464322	1.347916	-1.232974
-26.244108	30.005526	797.480286	0.585807	1.349260	-1.111817
-19.761637	33.069695	797.559692	0.403360	1.355589	-1.270967
-18.069513	32.650997	797.691284	0.376119	1.362381	-1.288171
-24.566481	30.142853	797.710144	0.601473	1.364424	-1.105379
-25.401199	29.971874	797.782104	0.572651	1.368595	-1.122953
-23.963305	33.078659	797.062500	0.505562	1.326850	-1.143004
-18.016651	27.243965	800.255005	0.362622	1.402741	-1.320207
-23.661373	26.819237	800.015686	0.467785	1.385125	-1.206595
-23.073715	27.099476	799.773010	0.427904	1.369083	-1.275515
-22.505159	28.286217	800.273865	0.301209	1.340813	-1.342817
-20.460636	26.051041	802.506042	0.278781	1.355454	-1.374268
-21.972956	23.471464	805.098267	0.339890	1.335992	-1.306185
-23.133770	24.041172	804.423401	0.267078	1.300542	-1.404688
-22.902189	20.323402	806.696960	0.271372	1.316069	-1.405305
-24.259232	19.745020	806.899292	0.425262	1.279062	-1.251281
-21.484596	17.819139	809.321472	0.256810	1.299382	-1.420754
-19.929499	13.117435	812.530212	0.171835	1.312587	-1.489291
-19.891861	14.272429	812.225281	0.186543	1.297709	-1.495388
-19.546219	16.234077	812.637878	0.145989	1.272016	-1.515374
-21.793674	14.287595	814.813171	0.205334	1.279177	-1.470626
-26.362000	12.369255	816.074707	0.277805	1.250066	-1.398245
-25.002937	8.455427	817.067383	0.273586	1.250616	-1.400940
-27.839104	4.418369	820.352051	0.305829	1.263917	-1.326741
-28.611282	7.055307	820.538635	0.285265	1.195949	-1.387902
-27.754578	1.730757	822.596741	0.264042	1.199103	-1.415813
-27.368294	-4.509300	827.909912	0.194836	1.212550	-1.469855
-28.476761	-5.378923	831.515564	0.211476	1.166454	-1.445426
-29.301060	-13.040096	837.268738	0.253472	1.192852	-1.408319
-27.607016	-13.155983	839.758301	0.199140	1.177233	-1.470047
-28.443592	-12.300644	840.646118	0.221413	1.142046	-1.411980
-26.665159	-14.672924	843.294434	0.261147	1.133297	-1.387671
-26.597977	-17.719124	847.325195	0.262224	1.134550	-1.387161
-24.608040	-18.922119	849.735107	0.146236	1.118110	-1.528331
-29.908504	-21.085171	851.183838	0.256811	1.102991	-1.419754
-28.229660	-18.699100	851.203125	0.224155	1.051231	-1.441960
-25.577307	-20.844971	856.417297	0.157898	1.057836	-1.507785
-23.755621	-27.964077	863.003906	0.160582	1.074329	-1.516950
-25.890638	-26.014847	863.718079	0.183086	1.041523	-1.466794
-22.372244	-28.134312	867.168396	0.116946	1.029326	-1.520208
-23.073050	-29.332710	869.879089	0.117144	1.022842	-1.536872
-25.346325	-31.709000	870.351868	0.156212	1.032392	-1.480521
-24.911722	-30.807201	871.015259	0.147741	1.002156	-1.494875
-27.608404	-31.769974	874.194336	0.188622	0.982716	-1.435662
-25.899498	-35.159622	879.367615	0.136638	1.010713	-1.502524
-25.109440	-34.897118	881.990417	0.112886	0.980403	-1.523235
-24.345829	-37.251923	883.630615	0.141291	0.972819	-1.509165
-23.968250	-42.223392	891.264465	0.189979	0.965793	-1.485578
-22.538324	-43.299625	892.949829	0.131439	0.959250	-1.548579
-22.716539	-43.921558	897.837036	0.124911	0.936126	-1.544874
-27.695652	-47.281830	899.820435	0.185803	0.935897	-1.470121
-26.874048	-44.003151	897.684326	0.204641	0.932704	-1.457509
-25.384508	-44.301777	896.946411	0.163750	0.916993	-1.490370
-23.642349	-49.291946	899.891418	0.136234	0.897087	-1.497849
-19.324108	-48.362335	902.369263	0.071496	0.907246	-1.554701
-20.342337	-48.287457	902.604370	0.135154	0.873248	-1.505828
-20.668409	-49.462978	901.757080	0.140385	0.895943	-1.498267
-21.207825	-53.218857	904.353577	0.086599	0.906944	-1.545068
-20.383760	-50.661064	905.219788	0.083433	0.885258	-1.533919
-19.955786	-50.671165	905.197571	0.124041	0.884747	-1.513080
-24.964527	-49.085392	903.841736	0.119757	0.858221	-1.502314
-25.223692	-50.186745	903.598999	0.106711	0.852944	-1.525433
-26.586351	-50.366890	903.676880	0.107445	0.854881	-1.499334
-24.341274	-50.590122	905.611450	0.144306	0.853610	-1.485445
-22.493389	-54.859478	913.472290	0.081251	0.833434	-1.521795
-26.887213	-54.027267	906.326294	0.080663	0.830121	-1.523437
-27.847311	-56.283386	908.963745	0.130786	0.842286	-1.504716
-25.855791	-55.052872	909.524048	0.126826	0.815880	-1.488219
-26.203876	-57.728683	914.996948	0.138174	0.824373	-1.480374
-28.503796	-61.200371	920.271118	0.108511	0.849220	-1.491228
-28.451981	-58.585976	912.660645	0.083198	0.819113	-1.495173
-26.304108	-60.599129	917.798401	0.121707	0.840107	-1.505064
-23.307243	-58.704369	916.484253	0.078769	0.814675	-1.561151
-25.469982	-57.344830	917.712158	0.080205	0.801632	-1.522240
-21.835592	-59.128319	921.999939	0.114595	0.807255	-1.533916
-24.232006	-58.728268	916.662659	0.104563	0.819335	-1.545183
-30.434887	-61.750607	916.158081	0.165737	0.810302	-1.466020
-31.425362	-66.441605	921.174194	0.148020	0.829598	-1.466547
-29.056044	-63.473854	916.439331	0.164212	0.815929	-1.484327
-26.746157	-60.307896	910.379150	0.105008	0.832358	-1.553242
-27.586121	-60.964180	907.826050	0.138216	0.822097	-1.517179
-26.371445	-59.840965	908.256714	0.101918	0.829080	-1.539268
-30.361412	-62.887260	909.185974	0.142889	0.847680	-1.484416
-27.761806	-62.594845	904.051453	0.142819	0.863312	-1.511254
-25.292814	-59.140610	903.648865	0.082402	0.855991	-1.552259
-25.531950	-58.105404	902.800354	0.100341	0.838899	-1.554632
-26.407415	-60.044258	903.109619	0.096990	0.883896	-1.536499
-27.564148	-58.799095	899.482727	0.134695	0.890711	-1.513193
-27.233835	-57.978867	898.013000	0.140417	0.900999	-1.519108
-28.257839	-58.448334	899.439636	0.137934	0.889755	-1.521849
-28.845900	-57.582397	895.823853	0.139175	0.897353	-1.486960
-30.381256	-56.500004	894.187744	0.183995	0.904832	-1.454940
-26.688551	-54.749039	890.646667	0.140660	0.912839	-1.529478
-27.300522	-52.924511	889.574036	0.149637	0.932582	-1.515530
-26.108414	-55.412872	889.558044	0.105833	0.931652	-1.540604
-27.600025	-55.096943	886.308838	0.164451	0.947671	-1.507948
-28.118345	-54.542637	884.113892	0.149139	0.942573	-1.497341
-27.390345	-54.529137	883.497742	0.111423	0.972507	-1.510337
-25.053032	-52.112072	881.004822	0.108940	0.961743	-1.524888
-29.329060	-53.071606	879.685120	0.172937	0.976658	-1.459840
-25.807102	-53.121994	878.817810	0.163645	1.003382	-1.471922
-24.192211	-51.236694	876.788513	0.115221	1.001807	-1.510024
-24.419113	-50.230133	875.201416	0.121816	1.011099	-1.504044
-25.888081	-47.779888	872.710266	0.116511	0.998869	-1.503800
-26.270302	-46.262131	868.985474	0.144665	1.004629	-1.526968
-26.797859	-46.390720	869.163025	0.147533	1.009654	-1.514318
-25.408344	-44.067528	865.688965	0.149045	0.997605	-1.515525
-27.617680	-43.351425	862.515442	0.147691	1.016851	-1.500644
-29.288551	-41.948753	860.526428	0.147401	1.016949	-1.520122
-27.295948	-40.873989	858.593140	0.168488	1.067229	-1.502665
-26.614208	-37.331234	856.318359	0.133630	1.058880	-1.514616
-27.556934	-39.973427	857.597595	0.216380	1.093659	-1.447641
-23.188990	-36.243484	852.567017	0.098923	1.090204	-1.567661
-27.369379	-37.495640	853.715576	0.222516	1.123257	-1.446493
-23.689777	-31.750820	847.104065	0.144979	1.132800	-1.514132
-23.034952	-31.190674	843.260132	0.115564	1.165939	-1.531415
-23.264322	-28.107597	841.100647	0.152080	1.161588	-1.483074
-24.468533	-25.931480	838.821960	0.146949	1.152485	-1.488759
-24.005817	-24.334679	833.924194	0.129731	1.154618	-1.503171
-21.451977	-24.692238	832.662659	0.184194	1.177923	-1.453727
-20.793346	-22.961075	830.929626	0.214343	1.154520	-1.440004
-20.297726	-24.564554	829.633850	0.245372	1.176515	-1.406011
-18.283384	-24.264915	829.438843	0.245881	1.171196	-1.387714
-16.270382	-22.641968	827.040161	0.356811	1.158995	-1.288198
-11.970825	-23.758797	826.148560	0.281691	1.163717	-1.343733
-8.217835	-23.934177	826.061646	0.354508	1.161263	-1.296948
-3.680249	-21.633862	821.701660	0.353710	1.149811	-1.283289
-3.427774	-24.212776	821.123779	0.407300	1.163130	-1.238961
-3.907119	-22.366768	819.180054	0.417470	1.165283	-1.182739
1.760380	-26.551798	820.883789	0.484371	1.157403	-1.119231
8.606146	-26.211834	821.270752	0.383175	1.169223	-1.209011
8.747310	-25.532269	821.266357	0.433488	1.170050	-1.161526
10.351454	-25.747063	820.381104	0.463054	1.142708	-1.106780
12.178387	-27.696457	820.760376	0.472467	1.154652	-1.115925
14.737305	-28.138155	820.633118	0.516565	1.151661	-1.072460
17.794666	-28.466803	817.742493	0.525183	1.126174	-1.023994
18.946423	-31.214226	818.043091	0.577631	1.134764	-0.972977
22.524616	-32.881950	820.440186	0.553288	1.118641	-0.984545
23.835772	-31.693470	821.789185	0.529627	1.101344	-1.001423
27.755371	-33.741062	824.324158	0.507772	1.116413	-1.019516
28.966116	-40.189110	825.342712	0.584821	1.118896	-0.968100
29.324810	-42.160137	829.389465	0.570158	1.119986	-0.958146
31.997288	-39.596153	830.350403	0.513571	1.065827	-1.005842
34.008438	-41.461491	832.154907	0.501034	1.061300	-1.040726
30.984413	-42.087238	833.669800	0.535187	1.049494	-0.987416
31.877300	-43.633274	835.016968	0.525848	1.057873	-1.004998
33.023804	-48.696777	838.236755	0.502093	1.090230	-1.002644
34.034698	-48.104420	842.585815	0.440741	1.074320	-1.070724
29.989870	-50.041447	839.907166	0.509942	1.008032	-0.983283
30.493938	-54.712631	845.723511	0.463052	1.027977	-1.033008
31.329058	-52.239056	846.275513	0.438900	0.994387	-1.067781
32.816753	-56.202419	853.457153	0.430387	1.000165	-1.065945
32.102043	-58.572823	854.938477	0.480360	0.988417	-1.062729
28.184746	-59.737644	858.700134	0.496752	0.983446	-1.020583
28.811398	-61.486206	860.954468	0.442952	0.990162	-1.097896
28.881727	-61.160748	860.494446	0.376579	0.978753	-1.167335
25.938526	-61.401588	861.893005	0.410316	0.965870	-1.113195
25.752075	-59.225952	864.518066	0.360237	0.978691	-1.215842
23.267788	-63.606167	869.337097	0.357036	1.022432	-1.229278
					
					
15.928209	-61.286106	873.249756	0.312483	0.930555	-1.260828
9.344641	-61.326569	872.677368	0.360895	0.918845	-1.214166
8.667598	-62.014778	872.908997	0.333389	0.922781	-1.256487
3.395386	-58.667500	871.921387	0.381692	0.901866	-1.212856
-0.206822	-58.694576	873.936401	0.361159	0.902564	-1.247496
-2.688881	-59.297829	878.334534	0.365297	0.910723	-1.276752
					
-6.754610	-56.676247	877.387878	0.277670	0.930994	-1.339104
-8.068307	-54.332775	876.769958	0.269154	0.918066	-1.351638
-7.013071	-54.266792	877.091919	0.205919	0.924344	-1.400598
-9.368086	-53.456284	876.597046	0.226473	0.913671	-1.386212
-13.338877	-54.075550	877.822815	0.252640	0.937332	-1.384752
-20.415785	-52.319340	877.835388	0.295300	0.981618	-1.369104
-16.210264	-47.673313	877.993103	0.189591	0.940343	-1.501347
-19.414137	-45.390789	876.553223	0.182717	0.951880	-1.495515
-21.080521	-43.832947	873.747559	0.184081	0.977705	-1.486984
-21.256147	-40.337646	868.734070	0.142964	0.954070	-1.518059
-25.654716	-36.794159	860.849548	0.169491	0.978187	-1.511874
-28.987194	-37.233250	856.426636	0.245274	1.012548	-1.468690
-27.570171	-33.773197	854.993408	0.222061	1.026563	-1.500669
-29.446316	-30.236103	848.911255	0.183841	1.045732	-1.547504
-32.738445	-26.966812	840.768311	0.222915	1.067127	-1.495030
-32.395870	-26.494511	838.468628	0.199718	1.084809	-1.573205
-33.941895	-23.442272	832.814697	0.178041	1.120323	-1.565343
-33.588158	-22.995838	830.542358	0.209367	1.141765	-1.535288
-38.460487	-19.715656	819.856628	0.176387	1.178687	-1.538347
-38.947979	-18.873676	817.578369	0.214622	1.204543	-1.517090
-36.251499	-17.024353	813.488098	0.190760	1.236303	-1.561907
-32.937580	-11.262093	807.435730	0.111251	1.230839	-1.637203
-31.667433	-6.147055	800.591309	0.200894	1.236548	-1.540116
-25.597845	-9.143251	795.017456	0.040839	1.295948	-1.695908
-31.894175	-11.271555	792.627136	0.209515	1.326073	-1.511740
-28.242834	-6.368549	786.438599	0.168800	1.314601	-1.571666
-29.463030	-7.818121	781.822754	0.256316	1.333976	-1.440047
-25.087917	-5.423225	775.193420	0.236244	1.354860	-1.470489
-22.741987	-7.458962	771.668091	0.239032	1.382475	-1.452328
-24.088528	-8.964857	769.092773	0.445753	1.410176	-1.228400
-18.440771	-10.013723	766.635010	0.342826	1.460858	-1.317517
-22.143024	-6.002392	764.733337	0.816166	1.385780	-0.872638
-19.576496	-6.702096	762.164673	0.809047	1.416373	-0.855585
-13.401171	-6.928995	761.535583	0.702503	1.451459	-0.966608
-8.729668	-4.048386	761.532837	0.545137	1.453652	-1.102292
-7.272648	-4.859891	760.688416	0.745781	1.468002	-0.882736
-5.327265	-7.084561	761.485352	1.034698	1.451657	-0.587825
-4.271987	-6.478640	760.291138	1.189731	1.427735	-0.421976
3.169675	-6.188357	762.624023	0.911251	1.467586	-0.649858
3.060267	-0.869282	762.052185	0.798430	1.409116	-0.786701
4.392652	-2.436410	764.055725	0.935649	1.410725	-0.637200
4.010362	-0.136254	763.932739	1.009899	1.339421	-0.569083
6.593440	-1.270995	765.047729	1.027217	1.349189	-0.520680
13.717161	-0.992722	768.608459	0.793444	1.383981	-0.764262
13.703406	-4.496364	768.887756	0.917775	1.401957	-0.636438
13.081305	-1.027260	770.151428	0.821289	1.355603	-0.738578
17.361576	1.504560	771.097107	0.601393	1.354678	-0.957897
18.906345	-0.428582	771.159851	0.746026	1.357346	-0.796220
16.873436	-2.225697	774.580750	0.732579	1.329142	-0.823764
23.712547	-2.844108	776.708984	0.555810	1.333711	-1.011866
26.377724	-4.782160	779.522583	0.537787	1.327295	-1.026142
26.075352	-8.097008	779.896790	0.549122	1.298544	-1.000314
25.754522	-7.944925	780.459412	0.541884	1.280059	-1.018569
24.156483	-11.472952	784.860291	0.532517	1.257505	-1.030783
23.783607	-12.245174	784.799988	0.509167	1.254897	-1.054566
19.373821	-11.770195	787.152527	0.583861	1.195499	-1.006159
26.285835	-12.493763	789.282104	0.431182	1.200293	-1.167929
26.679813	-13.520092	790.454163	0.453405	1.207389	-1.127152
26.402668	-17.502651	793.488770	0.467298	1.210928	-1.143111
22.968184	-19.045679	794.997925	0.483370	1.192378	-1.129821
22.090006	-17.067230	794.527954	0.514325	1.176822	-1.106391
22.492403	-20.625126	797.660339	0.454290	1.182165	-1.166642
19.879429	-17.905371	797.282104	0.465424	1.138957	-1.157653
18.777004	-21.106447	799.648804	0.440600	1.148930	-1.181655
18.556295	-22.626318	802.489990	0.370611	1.146887	-1.258407
15.125786	-22.507193	804.363037	0.368019	1.141721	-1.260125
10.623184	-23.221874	804.438110	0.352768	1.114839	-1.257754
10.024747	-26.438679	806.856262	0.322512	1.127576	-1.306569
8.776441	-28.382473	807.678223	0.290916	1.122406	-1.348323
4.156467	-29.207157	810.669739	0.281769	1.094221	-1.368814
-3.290265	-25.812569	812.060486	0.323657	1.052842	-1.317357
-3.755329	-32.311192	817.202942	0.293984	1.056200	-1.401770
-7.049625	-35.342022	822.015808	0.307114	1.052717	-1.381532
-12.042315	-34.694954	821.472717	0.343096	1.038643	-1.358258
-8.393156	-40.580605	827.869690	0.234816	1.050635	-1.475005
-11.184950	-43.221062	831.528076	0.264391	1.041535	-1.438638
-13.650837	-46.517429	835.603333	0.311019	1.020396	-1.412662
-15.908219	-50.312660	840.778320	0.343215	1.025224	-1.386037
-19.802347	-51.406349	842.072998	0.371039	1.009628	-1.326673
-17.149569	-54.773678	848.298584	0.316038	1.037975	-1.381035
-22.882769	-53.298611	848.968262	0.369961	1.006931	-1.317333
-24.089699	-54.338406	849.409424	0.408920	1.016951	-1.283363
-22.244354	-53.391266	851.276917	0.382846	1.013867	-1.295860
-20.104778	-51.919636	851.688660	0.347280	1.023795	-1.345542
-23.595335	-52.355995	851.614502	0.406768	1.022096	-1.292328
-22.792681	-47.965927	849.110413	0.365376	1.009476	-1.349805
-24.227102	-44.206764	843.516724	0.424887	0.993410	-1.294037
-21.030556	-41.877663	841.521484	0.369130	0.993762	-1.369291
-21.798681	-41.620739	838.055420	0.405827	1.029711	-1.305258
-17.430618	-35.005817	833.837158	0.351290	1.024149	-1.353463
-15.734334	-33.308819	828.869263	0.383052	1.023521	-1.333229
-12.945936	-31.123558	827.453186	0.348828	1.037892	-1.366640
-13.799616	-27.339638	821.052185	0.391710	1.025856	-1.319939
-7.583606	-21.885048	814.379028	0.359690	1.033110	-1.347051
-6.768619	-17.279217	811.803406	0.333846	1.043830	-1.365483
-4.248051	-8.717243	803.405151	0.420135	1.031030	-1.277683
-0.213865	-8.178009	798.836365	0.399992	1.067268	-1.276562
-0.524517	-5.852779	797.152466	0.372582	1.075712	-1.299360
4.613404	-3.722725	791.173645	0.326374	1.075337	-1.347606
6.738864	-1.658905	786.473633	0.271484	1.109907	-1.400532
5.996284	2.108143	780.778137	0.384695	1.118464	-1.276264
7.010190	1.057621	772.104980	0.365103	1.155310	-1.265633
7.764399	2.285088	766.856262	0.386658	1.178789	-1.286037
9.796878	1.609982	762.094482	0.379316	1.221559	-1.252048
12.030560	2.601091	758.448242	0.289322	1.234949	-1.337527
13.914967	-1.077524	757.102783	0.385573	1.262273	-1.251013
12.236058	-5.299103	751.439697	0.511343	1.275530	-1.119300
15.551504	-9.020458	746.131226	0.424789	1.308260	-1.196144
14.176636	-11.636719	742.800476	0.464162	1.294677	-1.160926
16.374723	-15.799660	740.263794	0.370797	1.316485	-1.257069
13.139941	-19.870123	739.143188	0.470691	1.315154	-1.143235
20.660086	-22.917690	738.386414	0.281469	1.327628	-1.352255
16.429131	-32.100391	736.321472	0.319062	1.327315	-1.316628
16.840708	-36.915340	736.379333	0.255644	1.334108	-1.385574
19.156330	-51.493210	740.893616	0.221644	1.370230	-1.416735
18.809782	-56.637550	740.772827	0.175763	1.363545	-1.470174
17.509888	-56.330841	741.707642	0.230384	1.310173	-1.419413
18.097656	-62.683464	742.758423	0.274111	1.314371	-1.384636
18.259823	-76.367363	748.292480	0.206571	1.350093	-1.464630
17.142986	-79.292747	750.733398	0.180255	1.321923	-1.475586
16.120106	-87.882889	753.182190	0.322637	1.347344	-1.327303
17.946020	-87.173965	757.476440	0.205998	1.269078	-1.455840
16.175846	-92.185730	761.184631	0.300848	1.259141	-1.371542
16.714470	-105.049042	767.862671	0.167970	1.292526	-1.467820
14.604843	-105.597290	770.920410	0.253595	1.254414	-1.388952
15.793713	-111.010056	774.311951	0.263060	1.271762	-1.415836
11.830070	-113.128548	777.912659	0.307229	1.255544	-1.350584
12.846266	-116.677132	781.126648	0.229865	1.264013	-1.428792
9.580043	-121.547050	789.702454	0.268531	1.249129	-1.382555
9.900858	-124.287682	795.597229	0.223735	1.247036	-1.435403
6.845292	-124.892853	800.692871	0.244893	1.214350	-1.416679
6.373973	-123.146141	805.139771	0.237455	1.194848	-1.443539
4.239085	-121.254959	808.920288	0.279883	1.187329	-1.367424
4.561749	-125.991898	824.512329	0.298458	1.207286	-1.342629
2.550090	-116.472038	824.908875	0.362937	1.152777	-1.300380
2.098655	-112.486366	830.400940	0.320116	1.136144	-1.330294
-0.014955	-107.116676	833.789307	0.376444	1.116604	-1.272794
-1.938454	-104.256760	838.080078	0.440071	1.097769	-1.224964
0.519960	-95.658348	839.418823	0.394365	1.051206	-1.280936
-2.897312	-85.660820	843.792603	0.483476	1.060172	-1.215753
-1.913263	-80.916489	846.098083	0.453264	1.065019	-1.225883
-2.503917	-75.927773	848.356445	0.464512	1.047070	-1.229481
-4.554590	-66.108109	846.261597	0.472352	1.042534	-1.211858
-2.177006	-60.269989	846.132568	0.441585	1.060655	-1.230593
-4.965149	-45.407059	840.505005	0.452982	1.018723	-1.188577
-5.145271	-37.530231	836.375305	0.461070	1.038791	-1.213341
-2.945865	-32.209217	833.808960	0.435954	1.048237	-1.236710
-4.585892	-23.673248	827.046631	0.412210	1.026680	-1.249861
-7.177958	-15.633781	817.742493	0.429254	1.065758	-1.305291
-9.134773	-10.652840	811.105896	0.414971	1.073821	-1.295872
-5.819510	-9.753910	807.092529	0.301015	1.100002	-1.416326
-7.294827	-6.963181	800.324585	0.301417	1.105033	-1.451081
-8.052244	-8.136787	789.063477	0.118288	1.187282	-1.622864
-11.781239	-8.117973	780.684326	0.029971	1.206695	-1.717354
-12.282434	-8.698133	773.798523	-0.084951	1.210448	-1.835959
-9.405089	-12.076965	767.932800	-0.274790	1.215944	-2.046241
-11.330603	-14.406765	761.358276	-0.339684	1.230711	-2.088637
-9.563400	-20.503353	750.447205	-0.438669	1.200131	-2.262356
-14.374954	-23.988976	745.872375	-0.391954	1.213969	-2.230856
-9.955627	-28.466839	741.057983	-0.508767	1.187624	-2.373738
-8.436981	-30.858133	737.970093	-0.509641	1.154262	-2.413350
-12.586088	-34.450760	735.591919	-0.397138	1.175280	-2.324130
-9.952795	-43.719017	731.236023	-0.530141	1.163593	-2.469921
-15.573614	-48.579361	729.976624	-0.389710	1.158671	-2.351481
-17.044159	-62.686852	728.360779	-0.434103	1.143127	-2.451946
-21.943108	-66.971863	729.362793	-0.368585	1.144244	-2.386545
-26.657223	-83.374840	736.072388	-0.462178	1.202677	-2.494425
-30.977007	-84.952660	738.673157	-0.253782	1.190098	-2.305975
-32.228374	-86.272614	739.421997	-0.165884	1.183084	-2.204907
-28.465101	-92.264420	746.263062	-0.200526	1.149040	-2.244574
-27.503931	-94.259384	747.572449	-0.153814	1.129715	-2.206537
-29.183437	-99.981071	755.062805	-0.136239	1.145983	-2.138655
-28.731483	-103.609741	761.642334	-0.151908	1.135691	-2.100258
-27.760777	-103.916550	764.799194	-0.017775	1.139931	-1.984863
-29.650318	-103.535324	770.185303	0.081210	1.122984	-1.841631
-27.174410	-104.080086	774.623840	0.171375	1.107992	-1.695169
-24.744249	-107.831833	788.899902	0.227460	1.090921	-1.658798
-24.755640	-108.806198	794.476685	0.253710	1.106957	-1.556467
-20.517359	-104.361572	805.041504	0.382359	1.094421	-1.355236
-16.671400	-103.429962	809.954651	0.430660	1.092133	-1.283839
-19.216349	-89.497093	808.047607	0.573205	1.040601	-1.106954
-13.799318	-84.831276	812.296753	0.604901	1.046801	-1.067763
-11.524029	-89.799644	826.630920	0.707173	1.107283	-0.919771
-6.003508	-84.467346	830.423767	0.644537	1.158831	-0.948031
-6.213949	-79.178299	832.068359	0.667168	1.116867	-0.906741
-7.002729	-69.231506	829.691772	0.629444	1.103845	-0.953287
-7.824888	-66.114929	832.971252	0.634202	1.139186	-0.962502
-8.937679	-64.985718	835.064941	0.628933	1.142447	-0.962120
-10.790567	-61.242161	835.123779	0.561597	1.142542	-1.038154
-13.587239	-63.581352	835.260437	0.611551	1.211534	-0.982220
-15.640280	-60.448830	834.381409	0.405679	1.251282	-1.231267
-17.236820	-59.653183	833.865112	0.316326	1.268311	-1.315633
-17.871027	-61.489582	834.990173	0.211506	1.319788	-1.435732
-21.584778	-57.948227	830.511230	0.133170	1.295688	-1.519713
-19.330257	-55.795452	830.585938	-0.075357	1.297793	-1.746668
-20.622122	-51.863014	830.110596	-0.071510	1.274585	-1.791467
-19.457893	-54.261292	830.642822	-0.193821	1.297818	-1.930818
-18.113573	-52.938320	830.029785	-0.235220	1.268439	-2.016238
-21.298244	-53.219650	833.418518	-0.330528	1.244622	-2.135553
-20.738415	-52.657043	833.854980	-0.364334	1.223171	-2.181792
-24.991463	-49.579865	835.573425	-0.255827	1.213207	-2.092375
-26.715450	-46.824226	834.966370	-0.129350	1.190817	-1.995684
-23.698893	-45.326954	836.222107	-0.119794	1.167068	-1.987619
-26.114109	-43.978039	837.971252	-0.016080	1.159354	-1.898848
-28.718372	-40.604122	837.836182	0.177878	1.126722	-1.758327
-26.593105	-45.461906	839.959229	0.194732	1.075665	-1.760357
-24.433033	-46.158440	839.835999	0.272538	1.073454	-1.675443
-22.324461	-46.792198	841.501282	0.293799	1.041432	-1.621885
-20.350454	-41.496845	838.960083	0.377865	1.027476	-1.570993
-15.924719	-54.140846	884.127380	0.625122	0.989099	-1.308757
-7.445668	-49.471210	847.698364	0.506512	1.024173	-1.423877
-3.239707	-49.671909	847.839478	0.487010	1.027608	-1.424721
-3.106075	-50.082020	846.823425	0.546471	1.003327	-1.339183
0.521626	-48.581047	847.257507	0.576770	1.014169	-1.291477
15.153807	-54.429241	786.624451	0.000000	-0.000000	0.000000
15.153807	-54.363777	785.649536	0.000000	-0.000000	0.000000
9.648016	-49.642059	843.542969	0.704583	0.997816	-1.058333
13.737139	-53.207577	845.419250	0.763627	1.095419	-0.957714
34.187508	-51.583458	785.631348	0.000000	-0.000000	0.000000
13.954590	-52.142052	842.549072	0.822106	1.126516	-0.881548
7.776024	-48.913521	837.697693	0.810637	1.073825	-0.837484
11.753679	-51.898888	838.326599	0.795113	1.148458	-0.862867
10.620266	-46.915359	836.277222	0.730793	1.117126	-0.890032
8.012758	-49.063244	835.071655	0.744879	1.138739	-0.905091
3.738007	-48.006065	833.040039	0.741860	1.137184	-0.943517
6.031668	-47.702271	831.463135	0.607529	1.150457	-1.070389
4.092237	-49.165001	833.286377	0.424393	1.209385	-1.266279
0.179118	-47.924294	830.005066	0.398614	1.198672	-1.287975
-3.886866	-47.586807	829.976624	0.391779	1.197808	-1.324628
-4.291692	-47.618275	830.178589	0.357669	1.204480	-1.404753
-7.256556	-47.135197	831.419617	0.309338	1.179323	-1.441875
-9.164902	-49.226116	832.200012	0.311455	1.171341	-1.464451
-6.682799	-45.630432	835.084473	0.207191	1.136640	-1.583858
-7.951959	-47.808361	839.582642	0.256118	1.122203	-1.547096
-10.129204	-47.615345	845.318481	0.277328	1.089320	-1.520277
-10.009954	-46.821026	846.788879	0.278019	1.074940	-1.523650
-11.237484	-44.451263	851.143494	0.302042	1.009216	-1.527251
-12.539870	-47.818573	855.052124	0.396540	1.032284	-1.460551
-13.715026	-46.484055	855.053650	0.393934	0.985235	-1.440140
					
-10.507286	-57.558586	903.722229	0.482992	0.937063	-1.337846
-7.351598	-51.398464	864.237061	0.504175	0.947270	-1.369679
-5.303577	-50.684982	866.185669	0.557471	0.946149	-1.320930
-1.683447	-59.405090	917.389893	0.605342	0.912586	-1.206552
-0.253347	-57.071548	872.383972	0.557724	0.951755	-1.237858
-3.146299	-57.013432	871.476135	0.631711	0.892056	-1.137505
-2.730162	-64.536987	877.146912	0.651353	0.969781	-1.128113
-6.409697	-64.560410	874.861450	0.679835	0.921252	-1.074074
-8.205042	-68.115685	876.281189	0.721347	0.951864	-1.043822
-1.758095	-77.933449	883.035400	0.666885	1.063853	-1.111669
					
-3.015484	-84.907700	882.143433	0.700402	1.094655	-1.048585
-4.304758	-81.314713	876.195251	0.669814	1.095554	-1.063961
-10.197815	-83.163116	872.895752	0.729513	1.113035	-0.990556
-9.020443	-87.766083	874.236938	0.728056	1.153584	-1.028571
-9.821882	-85.282196	868.962524	0.711091	1.145615	-1.021079
-10.034060	-87.603195	865.944153	0.719349	1.175796	-1.024450
-12.155153	-87.160736	861.567993	0.693737	1.162964	-1.070041
-14.141462	-85.360344	859.663940	0.672042	1.166357	-1.095120
-12.192456	-89.176277	854.232361	0.570559	1.219199	-1.217199
-14.499157	-85.640411	848.462708	0.634966	1.190718	-1.165770
-14.730499	-84.611511	848.034912	0.519637	1.176925	-1.310408
-16.153316	-82.853897	846.655151	0.510673	1.197226	-1.341642
-14.742806	-82.720428	844.916199	0.492093	1.142341	-1.374516
-13.639965	-77.388672	843.443359	0.439983	1.099029	-1.459538
-16.563305	-73.509399	842.377319	0.489839	1.069757	-1.387635
-16.791782	-71.167435	842.532349	0.529179	1.022793	-1.373921
-18.056456	-67.551323	844.000244	0.552192	0.988814	-1.374824
-19.321556	-64.726837	843.823730	0.579094	0.983094	-1.347099
-16.775139	-61.007751	845.957703	0.501583	0.942921	-1.384042
-15.790216	-61.320904	847.539673	0.478258	0.976554	-1.457578
					
1.722315	-72.844818	792.521301	0.000000	-0.000000	0.000000
					
-10.619823	-54.732231	845.673584	0.522817	0.977977	-1.265984
-8.435556	-56.307274	847.331421	0.560983	1.017289	-1.234922
-8.283407	-56.230766	846.721985	0.600381	1.002962	-1.179289
-6.982003	-56.385170	847.108337	0.554610	1.061077	-1.210400
-2.729136	-61.161526	847.314026	0.556685	1.094127	-1.198826
-6.440346	-63.291122	845.560364	0.677533	1.098903	-1.079800
-5.206445	-65.661140	846.829956	0.670855	1.136645	-1.081312
-3.411734	-67.573364	845.827148	0.689048	1.165757	-1.061401
-2.423151	-66.046890	843.722473	0.666975	1.161824	-1.057134
-0.042797	-65.853691	844.148743	0.705715	1.177009	-1.029180
0.016588	-76.692528	848.904724	0.677631	1.278746	-1.030398
					
-5.916514	-68.801697	841.570679	0.702091	1.190771	-1.045694
-10.458747	-73.252190	842.146179	0.726043	1.209515	-1.102867
-14.621050	-71.029274	846.920044	0.625026	1.202928	-1.198983
-16.145069	-67.296906	847.730896	0.641957	1.162374	-1.185075
-13.856648	-67.273621	850.066406	0.578643	1.174224	-1.295200
-15.088116	-62.644588	846.356445	0.633706	1.121075	-1.250495
					
-20.381672	-60.404846	847.818848	0.538364	1.105274	-1.378894
-18.511812	-59.578312	850.120361	0.582335	1.085853	-1.359539
-11.035627	-53.558128	850.374512	0.489859	1.040996	-1.427400
-14.217731	-54.331573	854.095215	0.577181	1.010605	-1.325098
-11.362382	-50.928349	853.914246	0.510945	1.006094	-1.362662
					
-11.086936	-48.255867	852.744934	0.570933	0.978691	-1.313364
-9.538067	-50.474182	856.075439	0.543883	0.964425	-1.323025
					
-7.634299	-52.063839	862.199219	0.558194	0.967485	-1.324681
-4.623202	-52.016182	861.936096	0.501522	0.962237	-1.365758
-7.197347	-47.669235	860.856262	0.472758	0.938909	-1.375092
-10.668045	-47.624767	860.134460	0.491320	0.884273	-1.344476
-13.300323	-53.417526	864.286438	0.476708	0.907830	-1.339522
-11.736923	-53.038612	862.970032	0.414551	0.881277	-1.379859
-15.016083	-53.531807	865.862732	0.384368	0.860215	-1.370824
-10.401072	-60.035522	913.453918	0.341721	0.836484	-1.414005
-8.384356	-56.066319	867.656067	0.277687	0.819550	-1.504175
-9.047750	-54.578388	862.992737	0.286704	0.843468	-1.465611
-10.861363	-50.723660	858.375305	0.289987	0.888348	-1.478249
-11.834974	-52.260399	857.393677	0.300864	0.908281	-1.428486
-10.142820	-47.832821	854.817688	0.279909	0.938454	-1.435665
-8.561923	-47.569069	851.251526	0.238629	0.967854	-1.468126
-12.053342	-44.509888	845.400391	0.259352	0.969933	-1.423883
-10.954868	-40.089149	841.586853	0.248890	0.995399	-1.443602
-13.745755	-40.571754	835.940369	0.328630	1.027132	-1.373060
-12.660469	-43.139347	835.767517	0.330397	1.072954	-1.422795
-16.832069	-42.672749	831.390991	0.366724	1.088927	-1.379920
-15.355646	-40.641331	827.124756	0.337616	1.108653	-1.417661
-15.961491	-42.613388	825.047058	0.398248	1.135133	-1.354425
-16.604782	-43.740646	825.626160	0.404292	1.152295	-1.367657
-21.275707	-44.338139	825.813599	0.406970	1.157958	-1.340434
-11.674068	-42.253101	825.814453	0.282959	1.157079	-1.479726
-12.585045	-42.155411	827.234253	0.328080	1.170944	-1.447430
-17.762730	-39.169201	830.492981	0.402971	1.117681	-1.383989
-16.014193	-34.464062	831.585083	0.356486	1.092127	-1.474126
-17.482895	-33.926601	833.802307	0.372326	1.097801	-1.468653
-18.208899	-33.526783	842.397644	0.449438	1.061041	-1.454393
-23.410870	-29.581909	844.406555	0.514683	1.012651	-1.401090
-19.190668	-31.955704	850.726013	0.457619	1.044619	-1.495698
-17.286747	-32.896591	855.337891	0.496484	0.988146	-1.453488
-14.340776	-35.170410	863.465515	0.471803	0.992007	-1.499328
-21.377899	-25.231323	858.303223	0.490455	0.922482	-1.432162
					
-17.046148	-24.756847	854.785767	0.493198	0.891395	-1.395775
-12.869298	-26.623688	898.323425	0.485663	0.902755	-1.421778
-15.325284	-22.585621	846.926086	0.511632	0.914458	-1.393082
-9.700615	-28.849518	841.632996	0.434388	0.950910	-1.429955
-13.719874	-27.199310	834.504883	0.394115	0.991342	-1.447372
-10.015468	-25.173599	834.211304	0.303790	1.030999	-1.503219
-7.431712	-22.716980	826.923401	0.308144	1.022615	-1.505091
-9.407405	-23.172615	825.118774	0.276052	1.052444	-1.516935
-9.145244	-24.083797	822.056641	0.267215	1.050893	-1.528561
-9.351870	-27.518623	819.443481	0.168101	1.086591	-1.592392
-12.184985	-32.514141	814.831665	0.102148	1.125688	-1.665024
-13.186039	-30.653320	812.244446	0.086711	1.136502	-1.715401
-13.683981	-28.932854	809.312256	0.029131	1.168421	-1.752439
-13.699268	-28.975948	808.784912	-0.013845	1.183465	-1.802044
-17.555161	-29.322880	806.968445	-0.037627	1.189382	-1.811979
-24.878536	-32.713329	807.892212	0.006696	1.220198	-1.789406
-19.926655	-28.474609	807.846741	0.053766	1.219185	-1.743732
-18.256786	-29.346769	808.064331	0.007431	1.225677	-1.802849
-22.558601	-34.230408	816.246582	0.180266	1.274221	-1.652906
-21.405865	-29.055674	816.373535	0.159388	1.237211	-1.695648
-23.976545	-31.817894	819.333130	0.162105	1.236625	-1.688932
-29.564512	-38.675026	823.736084	0.135541	1.254305	-1.731254
-23.675867	-36.041901	823.354919	0.217481	1.237983	-1.650981
-16.892487	-32.785946	830.364014	0.323740	1.203996	-1.606206
-16.334534	-29.901236	829.234253	0.434482	1.166630	-1.495680
-25.907923	-34.843071	834.084229	0.602521	1.162713	-1.356362
-19.471949	-37.973495	870.149109	0.676923	1.108298	-1.278224
-12.792052	-31.193359	841.101074	0.642938	1.078471	-1.346333
-10.850138	-34.865242	843.633545	0.696056	1.093731	-1.316788
-12.889522	-33.319672	844.924744	0.685383	1.074831	-1.306658
					
					
-6.436180	-37.822491	902.623291	0.796295	0.997028	-1.206041
-11.529446	-27.584328	854.629456	0.786326	0.972393	-1.207529
-6.441873	-27.270496	857.228455	0.677562	0.985646	-1.321118
-6.876741	-23.248837	853.148560	0.672027	0.939838	-1.270978
-0.911505	-24.960442	853.628601	0.633299	0.950430	-1.290642
-0.040346	-15.575119	847.899353	0.498622	0.933939	-1.394850
-6.894951	-15.232662	837.994324	0.442454	0.955686	-1.338956
-5.981084	-13.900246	833.620483	0.393293	0.969600	-1.390846
-5.135142	-14.944916	830.541809	0.353159	1.012574	-1.398518
-0.239596	-13.889149	827.176819	0.258884	1.028076	-1.483920
-2.262557	-15.332458	824.085999	0.166248	1.074993	-1.597510
-4.989317	-16.591194	819.235291	0.092390	1.078558	-1.636768
-6.695683	-16.948208	814.273315	0.025876	1.106759	-1.673587
-5.960810	-15.556431	805.586731	-0.071724	1.143422	-1.786271
-8.263659	-14.762707	799.836853	-0.115448	1.149086	-1.838956
-12.568567	-9.726957	793.438965	-0.344802	1.134047	-2.053888
-15.031473	-7.753607	789.955994	-0.375106	1.120497	-2.080007
-15.397741	-8.482199	787.659912	-0.395951	1.139896	-2.133708
-13.328779	-8.464041	786.382202	-0.420469	1.161423	-2.197022
-15.085106	-5.696907	783.364441	-0.327034	1.159336	-2.126879
-17.963207	-7.612312	783.160339	-0.357506	1.184954	-2.148837
-19.860565	-14.314350	785.044800	-0.338252	1.218092	-2.124813
-19.044476	-10.336119	784.233765	0.007430	1.225765	-1.821874
-17.286793	-9.116062	784.530945	0.210324	1.236571	-1.659194
-18.780909	-12.807619	787.306641	0.457590	1.231542	-1.414755
-18.981083	-12.559429	789.368896	0.591711	1.198271	-1.288599
					
-16.013618	-19.623133	794.506836	0.835644	1.172447	-1.008691
-13.386420	-24.996962	799.189026	0.873286	1.194585	-1.022606
3.790649	-16.363953	743.032471	0.000000	-0.000000	0.000000
3.905401	-16.434799	746.028198	0.000000	-0.000000	0.000000
4.020153	-16.517422	749.025879	0.000000	-0.000000	0.000000
4.173153	-17.917713	753.028931	0.000000	-0.000000	0.000000
4.287905	-18.005537	756.024719	0.000000	-0.000000	0.000000
4.402657	-18.089672	759.026917	0.000000	-0.000000	0.000000
4.479158	-18.145763	761.026245	0.000000	-0.000000	0.000000
4.746914	-18.342081	768.023804	0.000000	-0.000000	0.000000
4.854193	-18.426216	771.022766	0.000000	-0.000000	0.000000
4.938168	-18.482307	773.022034	0.000000	-0.000000	0.000000
4.938168	-18.482307	773.022034	0.000000	-0.000000	0.000000
4.938168	-18.482307	773.022034	0.000000	-0.000000	0.000000
4.938168	-18.474739	773.009460	0.000000	-0.000000	0.000000
4.865404	-18.433765	771.049255	0.000000	-0.000000	0.000000
4.827147	-18.405710	770.044983	0.000000	-0.000000	0.000000
4.823414	-18.401941	770.010559	0.000000	-0.000000	0.000000
4.823414	-18.394402	769.980774	0.000000	-0.000000	0.000000
4.746914	-18.349600	768.048828	0.000000	-0.000000	0.000000
4.746914	-18.334560	767.986206	0.000000	-0.000000	0.000000
4.670412	-18.282240	765.994873	0.000000	-0.000000	0.000000
					
1.579672	-35.200626	813.479675	0.842802	0.971074	-0.917203
-0.714363	-36.437225	812.768494	0.803528	1.001009	-0.975315
25.354456	-40.300598	755.770142	0.000000	-0.000000	0.000000
-2.094639	-40.990742	809.081238	0.703395	1.055577	-1.068993
0.034128	-38.531223	803.448547	0.517367	1.090752	-1.227460
-6.632424	-39.248505	799.682373	0.577552	1.096642	-1.180766
-11.342155	-41.466988	799.098206	0.541557	1.136286	-1.199100
-8.351885	-39.823318	795.947388	0.462563	1.131262	-1.301643
-6.198694	-37.383202	796.666504	0.431482	1.153425	-1.312818
-2.431031	-34.090397	794.900024	0.295838	1.159103	-1.509211
-10.945089	-34.034294	794.406433	0.336829	1.173583	-1.440730
-20.743683	-32.051945	794.710205	0.293556	1.182514	-1.487053
-20.848616	-28.728355	791.043579	0.228417	1.159074	-1.606180
-24.344776	-27.843109	790.279785	0.186200	1.198525	-1.661109
-31.358107	-25.879894	788.573303	0.241587	1.173719	-1.629919
-32.358734	-22.745945	785.277344	0.062642	1.131990	-1.854401
-36.691372	-19.138924	787.022339	0.174079	1.124705	-1.758188
-34.758141	-18.637722	787.303711	0.175313	1.132367	-1.786817
-40.787403	-17.280289	787.277893	0.304201	1.103532	-1.670859
-45.185032	-17.305786	788.647827	0.386337	1.086109	-1.616216
-42.772682	-16.016182	789.963684	0.328956	1.043544	-1.676555
-43.020031	-15.908352	792.870300	0.420484	1.041278	-1.609910
-38.158516	-14.516987	794.914307	0.411330	1.018152	-1.575110
-38.927296	-18.356125	831.503723	0.507588	0.987168	-1.484385
					
-36.491009	-25.510956	843.794495	0.549961	0.995771	-1.448884
-33.777897	-23.736492	810.020386	0.470937	0.977989	-1.477583
-32.443947	-21.371918	808.038147	0.507811	0.935373	-1.406283
-34.013535	-22.895683	812.416748	0.559309	0.943395	-1.336977
-29.782993	-22.890953	814.647766	0.499236	0.970621	-1.393656
-25.323250	-25.552849	822.129578	0.498452	0.939084	-1.384969
-24.406233	-23.979813	818.851074	0.471253	0.952771	-1.343847
-11.256414	-32.924408	762.938965	0.000000	-0.000000	0.000000
-25.697155	-25.479309	824.667786	0.444393	0.972083	-1.336801
-24.339478	-23.087036	821.557739	0.371897	0.967350	-1.428329
-24.683172	-23.210587	821.284363	0.397387	1.006572	-1.380847
-23.526512	-21.588329	818.261475	0.376724	1.005726	-1.378447
-22.743729	-23.973801	817.990112	0.364714	1.047617	-1.416441
-26.489834	-21.125610	813.052124	0.357268	1.048158	-1.422746
-27.242796	-22.706425	811.271362	0.293092	1.080016	-1.462620
-26.951586	-25.338581	812.051086	0.226571	1.101621	-1.537822
-28.536772	-23.830727	810.993958	0.148331	1.098746	-1.635742
-28.309607	-26.327873	807.895569	0.109595	1.152275	-1.728750
-32.400551	-22.878952	802.724060	0.127518	1.146170	-1.717255
-40.756458	-20.772301	800.177185	0.229203	1.159427	-1.618484
-40.622265	-20.373705	795.895996	0.047927	1.179474	-1.831275
-46.145203	-17.652351	795.870300	0.091391	1.178733	-1.808611
-44.898277	-19.341137	795.580200	-0.016414	1.169448	-1.928835
-48.059425	-16.806004	795.335999	0.085867	1.161102	-1.858818
-46.563457	-14.579472	797.366577	0.158859	1.132191	-1.813377
-49.566231	-10.721687	798.908203	0.293818	1.064967	-1.708481
-56.395905	-19.462997	803.294800	0.298467	1.076741	-1.702864
-61.539963	-19.265945	803.848572	0.385679	1.039277	-1.604829
-62.608959	-23.419415	810.907288	0.368877	0.995076	-1.614405
-54.922386	-16.104576	810.314270	0.427810	0.938100	-1.504062
					
-49.789452	-17.088776	815.601074	0.440260	0.944767	-1.470609
-53.788174	-20.508808	818.892334	0.438542	0.951024	-1.445866
-51.483582	-17.847820	819.102173	0.378355	0.977644	-1.491547
-50.670486	-16.791798	818.270752	0.364681	0.958764	-1.487921
-50.537502	-18.311192	819.325623	0.348024	0.981829	-1.484368
-49.567375	-18.913990	820.519226	0.329186	1.009572	-1.472618
-43.214794	-16.819859	817.161743	0.271639	1.023717	-1.496508
-43.121559	-17.986698	819.659058	0.283803	1.036750	-1.465105
-38.419880	-20.941833	818.800842	0.162200	1.066205	-1.580126
-37.445000	-19.619583	814.748596	0.183063	1.090082	-1.571382
-35.201530	-20.634678	812.356750	0.136724	1.106737	-1.633143
-39.203026	-22.418243	811.619873	0.137703	1.114773	-1.627083
-38.848591	-21.688625	809.296204	0.117353	1.105206	-1.671799
-38.793560	-21.291901	806.941895	0.183601	1.122261	-1.638497
-40.998714	-21.082508	806.639709	0.272732	1.114649	-1.609933
-46.626972	-24.644840	806.236572	0.077744	1.102114	-1.807750
-48.903172	-22.308281	806.889893	0.147678	1.092746	-1.741486
-49.374989	-21.970245	810.292847	0.138946	1.077266	-1.795084
-53.978489	-21.854504	809.656372	0.193569	1.035229	-1.801816
-53.486073	-21.820000	812.033447	0.167719	1.044266	-1.848876
-54.140114	-19.988895	820.007385	0.259220	0.996769	-1.761744
-60.223663	-23.096279	823.331848	0.329723	1.004507	-1.719353
-53.955250	-19.029320	819.620483	0.320214	0.966244	-1.713339
					
-51.438995	-18.416801	828.630859	0.378134	0.924309	-1.677180
-53.947441	-15.339684	828.380188	0.403491	0.898707	-1.619671
					
					
-54.587967	-8.898323	826.458984	0.398421	0.859822	-1.587561
-51.111370	-11.233665	830.035278	0.250713	0.890684	-1.677680
-50.518192	-9.387173	827.931335	0.281677	0.888102	-1.637522
-48.298977	-10.544140	829.016357	0.209591	0.930452	-1.656894
-42.629936	-9.725574	826.423584	0.162977	0.960684	-1.666384
-38.956215	-9.319778	826.136108	0.161561	0.955104	-1.658120
-36.052986	-6.653008	821.522583	0.191788	0.962842	-1.605721
-33.324947	-7.601776	819.276245	0.126566	0.979599	-1.636913
-38.080006	-10.190800	819.253052	0.212218	1.023878	-1.557899
-27.653301	-4.527832	815.575867	0.260897	1.057667	-1.523944
-21.393282	-1.959942	810.097595	0.238162	1.044566	-1.552873
-25.989052	-4.879974	809.769470	0.345595	1.063646	-1.433412
-21.101501	-4.985367	805.213745	0.252854	1.074372	-1.526609
-19.879967	-3.013512	800.533630	0.327836	1.082041	-1.424694
-15.512074	1.164234	796.525513	0.405927	1.056802	-1.380380
-13.065886	2.078224	791.621948	0.416447	1.084134	-1.373535
-13.871496	4.791992	787.031677	0.449405	1.095517	-1.312218
-5.915204	4.076004	785.790222	0.490440	1.088666	-1.300315
-1.815342	3.912491	781.794617	0.475351	1.145226	-1.284814
-3.312473	6.875799	775.854492	0.599308	1.117320	-1.148690
2.689283	7.618822	775.542480	0.522244	1.137638	-1.211711
7.474833	9.828218	772.318359	0.622692	1.160159	-1.112523
11.289175	10.110714	770.717957	0.511083	1.173235	-1.196437
6.640072	3.970322	768.677917	0.736596	1.241719	-0.972094
5.419227	7.083048	767.501343	0.697429	1.235212	-0.990223
1.991854	11.334342	764.074402	0.818911	1.216425	-0.881032
4.838659	11.372622	763.110474	0.815872	1.255994	-0.875069
3.915215	10.464956	763.195435	0.857504	1.301448	-0.831216
-0.661673	13.301714	762.416382	0.934809	1.266184	-0.739508
0.136587	10.723402	763.103210	0.992614	1.295926	-0.676745
2.203030	10.208996	764.058411	0.956813	1.342339	-0.716138
-2.969019	10.862704	769.560730	0.987335	1.317601	-0.679557
-4.289482	9.459226	770.741943	1.046351	1.327254	-0.619474
-2.410877	10.776830	772.127197	0.982305	1.344468	-0.682670
-4.576060	11.242893	774.820801	1.018126	1.329419	-0.665729
-6.963625	10.004634	776.553101	1.053650	1.316323	-0.626220
-10.099190	13.243711	777.079590	1.004765	1.292566	-0.681315
-8.785780	13.083376	780.292786	1.063258	1.303009	-0.629826
-5.579262	11.831502	786.182800	0.996035	1.297972	-0.688406
-5.059368	13.846006	787.152649	0.954563	1.295996	-0.730175
-5.419101	9.020504	790.943237	0.979069	1.334781	-0.707622
-5.139208	11.902526	792.209534	0.991815	1.298528	-0.696302
-4.824957	11.564273	796.000366	1.036188	1.289450	-0.652820
-2.286016	14.377385	798.974854	0.978318	1.287608	-0.739678
-6.380850	13.078115	801.783386	1.066320	1.279704	-0.644730
-4.842110	15.607962	803.923462	0.982011	1.283668	-0.727993
-4.090136	13.772220	806.395996	1.020332	1.306532	-0.686607
-5.291080	13.016756	809.469971	1.067942	1.311706	-0.656016
-3.988831	12.264746	809.937439	0.963780	1.332576	-0.761701
-7.982790	13.420002	812.405823	0.986356	1.307138	-0.749841
-11.304022	15.383351	812.825439	1.099200	1.278383	-0.631674
-9.875639	14.063647	815.619080	1.061157	1.315955	-0.656040
-10.100466	12.088798	815.754944	1.026382	1.321556	-0.712341
-15.213074	13.741130	817.396118	1.058016	1.305135	-0.684775
-11.939516	14.209229	817.716553	0.969412	1.320395	-0.766462
-14.123627	15.634135	817.046082	1.000843	1.287127	-0.744647
-16.107550	15.030293	818.759644	1.104190	1.319079	-0.646536
-20.590982	14.648497	818.699158	1.144308	1.315398	-0.613307
-20.764788	12.154230	820.800903	1.352129	1.323005	-0.411375
-16.804031	14.204741	821.035095	1.276416	1.334997	-0.478177
-13.697611	18.539551	819.476196	1.087628	1.356645	-0.655317
-14.228712	15.815063	819.545654	1.184726	1.361609	-0.566902
-17.725456	18.274937	818.265381	1.134841	1.343765	-0.595422
-16.661747	15.190798	818.784973	1.245591	1.375555	-0.469005
-13.414575	19.107964	817.139221	1.190248	1.397011	-0.538533
-14.480450	25.916618	813.302917	1.322665	1.340690	-0.424721
-11.996943	27.707531	811.192932	1.507853	1.393818	-0.124745
-15.678288	29.762732	808.505005	1.395469	1.349789	-0.005705
					
					
-17.764709	37.004940	805.427979	1.415458	1.341351	0.009498
-7.993511	36.661774	804.469543	0.997553	1.402962	0.422344
-6.736680	39.222542	804.737671	1.068758	1.424013	0.365150
					
2.418228	33.972778	803.537720	-3.108472	1.404238	1.440448
-6.281314	32.939903	800.088379	0.480604	1.315172	0.960622
					
-9.538416	57.103447	800.776062	1.254535	1.350276	0.141537
					
					
-9.052967	65.617897	797.474915	1.265015	1.327382	0.128905
					
					
					
					
					
					
-1.445942	55.601532	791.414612	0.038350	1.232016	1.328788
					
					
-4.535515	60.566723	788.031494	0.101095	1.180774	1.300692
-4.187134	65.329132	788.287292	0.159518	1.187610	1.265314
-5.821945	67.567734	787.688110	0.178803	1.166800	1.267737
-6.459023	71.201736	787.541138	0.183542	1.161152	1.251501
-5.526611	73.130692	787.086792	0.114098	1.147250	1.291452
-6.265174	71.341400	785.412170	0.091162	1.125397	1.320442
-8.558681	87.924980	789.306030	0.233881	1.256176	1.176976
					
					
					
-18.359463	77.234482	786.398438	0.158352	1.123667	1.217048
					
					
					
					
					
					
					
					
-5.005441	78.145081	782.229004	0.106142	1.091774	1.342109
-6.942719	81.390335	781.235413	0.193501	1.090415	1.253792
					
4.369287	136.545822	739.458801	0.000000	-0.000000	0.000000
					
					
					
					
					
					
					
-5.390450	81.620392	777.539673	0.158621	1.071130	1.311044
-6.814738	81.671753	777.621826	0.178382	1.073390	1.304559
					
3.162949	135.258545	739.443604	0.000000	-0.000000	0.000000
-1.764467	76.793777	774.778870	0.137088	1.052679	1.383879
-33.343708	93.407661	772.596924	1.155385	1.000112	0.509740
					
					
-5.184402	75.336601	774.288757	0.136000	1.066032	1.354276
-3.241050	74.498016	774.406128	0.132650	1.069857	1.339525
-3.316646	71.112610	773.893921	0.119246	1.056502	1.342960
-4.264429	71.297775	773.654480	0.187046	1.051164	1.288720
