0.0271
0.0147
0.0154
0.0151
0.015
0.0166
0.0155
0.0262
0.0149
0.0151
0.0151
0.0152
0.0151
0.0158
0.0151
0.0155
0.0259
0.015
0.0152
0.0157
0.0252
0.0148
0.0153
0.0149
0.0312
0.0297
0.0153
0.015
0.0157
0.0154
0.0149
0.0157
0.0153
0.0149
0.0163
0.0159
0.0148
0.015
0.0164
0.0148
0.0153
0.0152
0.0188
0.015
0.0153
0.017
0.015
0.0154
0.015
0.0153
0.0152
0.0149
0.015
0.0154
0.0162
0.017
0.0154
0.0153
0.0305
0.0149
0.0159
0.0148
0.0164
0.015
0.0234
0.0181
0.0152
0.0154
0.0157
0.0153
0.0154
0.0153
0.0163
0.0153
0.0149
0.0156
0.015
0.0151
0.0147
0.0148
0.0153
0.0152
0.0152
0.0151
0.0152
0.0151
0.015
0.015
0.015
0.0154
0.0153
0.0163
0.0153
0.0151
0.0278
0.0151
0.0154
0.0153
0.0151
0.0157
0.0152
0.0154
0.0162
0.015
0.0152
0.0353
0.0149
0.0152
0.0154
0.0161
0.0152
0.1516
0.0147
0.0153
0.0151
0.0154
0.0151
0.0151
0.0168
0.0147
0.0149
0.016
0.0151
0.0203
0.0174
0.015
0.0151
0.0154
0.0147
0.018
0.0155
0.0151
0.0238
0.0152
0.0152
0.0149
0.0161
0.0155
0.0149
0.0156
0.0153
0.0261
0.0152
0.0153
0.0153
0.0153
0.0151
0.0153
0.0149
0.0148
0.0151
0.015
0.0157
0.0151
0.0152
0.0155
0.015
0.0198
0.0149
0.0157
0.0158
0.015
0.015
0.0152
0.0173
0.015
0.0152
0.0155
0.0151
0.015
0.0149
0.0153
0.0155
0.0151
0.0149
0.0153
0.0148
0.0154
0.015
0.0151
0.015
0.0155
0.0151
0.0223
0.0148
0.0154
0.0153
0.0149
0.0165
0.0151
0.0148
0.0184
0.0251
0.0155
0.0152
0.015
0.0155
0.0149
0.0164
0.019
0.0155
0.0151
0.0178
0.0152
0.0151
0.0152
0.015
0.0155
0.0151
0.0149
0.0153
0.0152
0.0151
0.0156
0.0155
0.0149
0.015
0.015
0.0181
0.0165
0.0155
0.0154
0.0152
0.0155
0.0151
0.0148
0.0148
0.0149
0.0173
0.0148
0.0048
0.0043
0.0066
0.0042
0.015
0.0044
0.0043
0.0041
0.0044
0.0045
0.005
0.0045
0.0154
0.0042
0.0043
0.0043
0.0045
0.0045
0.0046
0.008
0.0046
0.0049
0.0152
0.0148
0.0054
0.0042
0.0087
0.0039
0.0042
0.0191
0.004
0.0042
0.0041
0.0095
0.015
0.0042
0.0045
0.0151
0.0172
0.0149
0.0038
0.0039
0.005
0.0151
0.0148
0.015
0.0153
0.0154
0.0156
0.0153
0.0153
0.0154
0.0153
0.0211
0.0202
0.0153
0.0155
0.0148
0.015
0.0156
0.0151
0.015
0.0149
0.0159
0.015
0.0163
0.0148
0.0152
0.0149
0.0154
0.0205
0.0153
0.015
0.0193
0.0151
0.0149
0.0148
0.0153
0.0156
0.0151
0.015
0.0152
0.0154
0.0186
0.0152
0.0149
0.0153
0.015
0.015
0.0148
0.0157
0.0153
0.0149
0.0151
0.0152
0.0151
0.0152
0.0151
0.0164
0.0151
0.0198
0.0152
0.0289
0.0151
0.0154
0.0186
0.0152
0.015
0.0153
0.0151
0.015
0.015
0.0147
0.0149
0.0162
0.0148
0.0182
0.0153
0.0302
0.0152
0.022
0.0154
0.0161
0.0159
0.022
0.0153
0.0162
0.0147
0.0261
0.015
0.0162
0.0259
0.0184
0.0155
0.0155
0.0163
0.0152
0.0151
0.0151
0.0149
0.0156
0.0151
0.0147
0.0151
0.0154
0.0269
0.0151
0.0149
0.0151
0.0155
0.0147
0.015
0.0154
0.0156
0.0152
0.0292
0.0153
0.0151
0.0152
0.0154
0.0152
0.0206
0.0158
0.0156
0.0152
0.0168
0.0199
0.0163
0.036
0.0152
0.0155
0.0172
0.0157
0.0152
0.0151
0.0148
0.0196
0.0151
0.0149
0.0153
0.0199
0.0154
0.0156
0.0151
0.0155
0.015
0.0147
0.015
0.0149
0.0172
0.0169
0.0151
0.0153
0.015
0.0152
0.0153
0.015
0.0149
0.0154
0.0164
0.0152
0.0151
0.0156
0.0149
0.015
0.0261
0.0153
0.0147
0.0168
0.0152
0.0153
0.0149
0.0148
0.0153
0.0197
0.0256
0.0156
0.0158
0.0157
0.0155
0.0151
0.0154
0.0151
0.0151
0.0149
0.0185
0.0315
0.0158
0.0149
0.0153
0.0154
0.0198
0.0148
0.0155
0.0161
0.0156
0.0149
0.0154
0.0148
0.0149
0.0148
0.0151
0.0149
0.0166
0.0154
0.0154
0.0152
0.0151
0.0152
0.0153
0.0171
0.015
0.0154
0.0151
0.0155
0.0151
0.0148
0.0149
0.0154
0.015
0.0157
0.015
0.035
0.0148
0.015
0.0153
0.0324
0.0149
0.0157
0.0154
0.0152
0.0198
0.0156
0.0152
0.0193
0.0153
0.0153
0.0152
0.0152
0.0156
0.0151
0.0152
0.016
0.015
0.0148
0.0152
0.0198
0.0148
0.0148
0.0152
0.0149
0.015
0.0155
0.0198
0.015
0.0152
0.0151
0.025
0.0229
0.0158
0.0154
0.0156
0.0154
0.0177
0.016
0.0148
0.015
0.0174
0.0148
0.015
0.0149
0.0152
0.0151
0.0346
0.0153
0.0149
0.0152
0.015
0.015
0.0152
0.0356
0.0158
0.015
0.0195
0.0149
0.0149
0.0149
0.0152
0.0151
0.0151
0.0259
0.0154
0.0152
0.0151
0.015
0.0153
0.015
0.0153
0.0152
0.0195
0.0153
0.0255
0.0194
0.015
0.0153
0.0152
0.015
0.0153
0.0163
0.0147
0.0256
0.0152
0.0147
0.0153
0.0153
0.0151
0.0156
0.0152
0.0155
0.015
0.0155
0.0194
0.0257
0.015
0.0155
0.0174
0.0151
0.0153
0.0158
0.0157
0.0153
0.0152
0.015
0.015
0.0184
0.0161
0.0151
0.0297
0.015
0.0148
0.0168
0.0269
0.0155
0.0153
0.0151
0.0159
0.0148
0.0151
0.0151
0.0151
0.0152
0.0148
0.0151
0.015
0.0147
0.0149
0.0153
0.0151
0.0156
0.0149
0.0151
0.0152
0.018
0.0154
0.0154
0.0151
0.0152
0.0149
0.0149
0.0154
0.0165
0.0154
0.0154
0.0204
0.015
0.0157
0.0151
0.0157
0.0156
0.0154
0.015
0.015
0.0153
0.0153
0.015
0.0194
0.0148
0.0337
0.015
0.0151
0.0226
0.0153
0.0152
0.0151
0.0151
0.0158
0.0163
0.0153
0.0152
0.0151
0.0156
0.0151
0.0147
0.0156
0.0182
0.0151
0.0167
0.0147
0.0152
0.0164
0.015
0.0149
0.0148
0.0165
0.0149
0.0152
0.0162
0.0152
0.0156
0.0272
0.0149
0.015
0.0155
0.015
0.0189
0.0151
0.0154
0.015
0.037
0.026
0.0286
0.0196
0.0156
0.0152
0.0147
0.0155
0.0153
0.015
0.017
0.0149
0.0154
0.015
0.0152
0.0149
0.0194
0.017
0.015
0.0151
0.015
0.0152
0.0151
0.0255
0.0153
0.0156
0.0152
0.0152
0.0153
0.0199
0.0151
0.015
0.0149
0.0172
0.0151
0.0149
0.015
0.0152
0.0152
0.0163
0.0156
0.0152
0.0152
0.0149
0.0147
0.0257
0.0156
0.0151
0.0191
0.0152
0.0155
0.0152
0.0149
0.033
0.0151
0.0152
0.0153
0.0156
0.0152
0.0153
0.0163
0.015
0.0151
0.0149
0.0155
0.0209
0.0274
0.015
0.0235
0.0151
0.0149
0.027
0.0156
0.0172
0.0155
0.0283
0.0151
0.0239
0.0152
0.0152
0.019
0.0152
0.0153
0.0152
0.0153
0.0153
0.0152
0.0149
0.0152
0.015
0.0148
0.0149
0.0154
0.0152
0.0155
0.0154
0.0154
0.0154
0.0289
0.0154
0.0157
0.0151
0.0228
0.0152
0.0153
0.0152
0.0192
0.015
0.015
0.0249
0.0152
0.015
0.0151
0.0152
0.0153
0.0151
0.0154
0.0151
0.0154
0.0149
0.0149
0.0166
0.0152
0.0145
0.0167
0.0153
0.0152
0.0157
0.0151
0.0182
0.0149
0.015
0.0155
0.0152
0.0151
0.0195
0.015
0.0151
0.015
0.0149
0.0231
0.0152
0.0148
0.0198
0.0232
0.0152
0.0149
0.0151
0.0151
0.0152
0.0151
0.015
0.0154
0.0166
0.022
0.015
0.0151
0.0152
0.0357
0.0159
0.0148
0.015
0.015
0.0244
0.0208
0.0155
0.0206
0.0159
0.0154
0.0152
0.0156
0.0151
0.0248
0.0151
0.0149
0.0149
0.024
0.0159
0.0153
0.015
0.0246
0.0151
0.015
0.0154
0.0159
0.0154
0.0155
0.0149
0.0157
0.0153
0.0354
0.0287
0.0153
0.0156
0.016
0.0148
0.0155
0.017
0.0154
0.0165
0.0156
0.0155
0.0151
0.0155
0.0154
0.0153
0.0161
0.0148
0.015
0.0155
0.0153
0.0157
0.0159
0.0153
0.0148
0.038
0.0154
0.0151
0.0151
0.0149
0.015
0.0147
0.0149
0.0152
0.0153
0.0152
0.0153
0.0154
0.0154
0.0173
0.0152
0.0166
0.0151
0.0151
0.0202
0.0149
0.0153
0.0152
0.0149
0.0149
0.0149
0.0151
0.0165
0.0147
0.0192
0.0153
0.0154
0.0158
0.0169
0.0196
0.015
0.0154
0.0157
0.0153
0.0152
0.0176
0.0153
0.0156
0.0158
0.0154
0.0156
0.0156
0.015
0.0154
0.0149
0.0153
0.0167
0.0152
0.0151
0.015
0.0157
0.0152
0.0152
0.0151
0.0154
0.0198
0.025
0.0148
0.0147
0.0151
0.0152
0.0151
0.0151
0.0167
0.0156
0.0157
0.015
0.0174
0.0151
0.0164
0.0152
0.0152
0.0162
0.019
0.0152
0.0152
0.0164
0.0153
0.0157
0.0153
0.0158
0.0152
0.0155
0.015
0.0149
0.0153
0.0159
0.0192
0.0194
0.015
0.0168
0.0194
0.0172
0.015
0.0189
0.015
0.0154
0.0152
0.0149
0.0151
0.0148
0.0155
0.0151
0.0154
0.0154
0.0151
0.0152
0.019
0.0147
0.0154
0.016
0.0153
0.0149
0.0151
0.0163
0.0187
0.0149
0.0151
0.0148
0.0158
0.0151
0.0152
0.0153
0.0154
0.0151
0.0366
0.0164
0.0264
0.029
0.0152
0.0151
0.0304
0.0189
0.0149
0.022
0.015
0.0156
0.0149
0.0162
0.015
0.0153
0.0148
0.015
0.0154
0.022
0.0156
0.0302
0.0323
0.015
0.0277
0.015
0.0246
0.031
0.0159
0.0294
0.0325
0.0149
0.0152
0.0152
0.0319
0.0158
0.0156
0.015
0.0151
0.0179
0.0256
0.0154
0.0151
0.0149
0.0173
0.0248
0.0155
0.0197
0.0152
0.0295
0.0147
0.0158
0.0251
0.0152
0.0275
0.0152
0.0151
0.0164
0.0149
0.0315
0.0155
0.0149
0.0164
0.0156
0.0273
0.0172
0.0148
0.0153
0.015
0.0252
0.0161
0.0148
0.0149
0.0364
0.016
0.0332
0.0153
0.0308
0.0158
0.0294
0.0287
0.0155
0.0316
0.0166
0.0178
0.015
0.0151
0.0163
0.015
0.0195
0.0218
0.0151
0.0314
0.0151
0.0332
0.0291
0.0148
0.029
0.0156
0.0332
0.0294
0.0151
0.0152
0.015
0.0322
0.0323
0.0151
0.0261
0.0165
0.0195
0.0176
0.0151
0.0191
0.0323
0.0151
0.0153
0.0152
0.029
0.0151
0.0149
0.0164
0.0162
0.0182
0.0152
0.0149
0.0172
0.0149
0.0274
0.015
0.0152
0.0243
0.0154
0.0314
0.0166
0.0154
0.1075
0.0155
0.0253
0.015
0.0153
0.028
0.0163
0.0153
0.0195
0.015
0.0164
0.0151
0.0314
0.0206
0.015
0.0239
0.0149
0.0233
0.0244
0.0248
0.015
0.0243
0.0314
0.0256
0.015
0.0278
0.0153
0.0328
0.0177
0.0164
0.0217
0.0176
0.0311
0.0326
0.0146
0.0276
0.0289
0.0258
0.0305
0.015
0.0309
0.0148
0.0329
0.0346
0.0152
0.0167
0.0152
0.0182
0.0272
0.0147
0.0159
0.0253
0.0187
0.0278
0.0156
0.0327
0.015
0.0152
0.0158
0.015
0.0328
0.0149
0.015
0.0204
0.0152
0.0316
0.0151
0.0311
0.026
0.0151
0.0286
0.0195
0.0148
0.1285
0.0205
0.0322
0.0149
0.0152
0.0271
0.0153
0.0236
0.0149
0.0373
