390.03
9.8572
22.1308
28.6065
25.287
21.1902
14.9522
27.2015
35.3412
26.0142
19.279
23.2738
22.7519
30.0969
27.6255
27.857
20.7712
22.6618
27.6556
28.3882
24.8588
28.6915
20.727
22.9288
25.9393
17.7054
15.7823
15.7196
21.02
27.5615
20.3192
13.2802
27.8803
25.7749
19.2036
21.5689
24.621
19.9139
27.6494
21.0807
29.0362
21.4999
25.4892
23.6549
23.6793
20.6469
31.0508
21.1012
27.6417
23.7258
27.3401
21.7635
31.2219
17.2037
23.6322
23.405
25.9711
27.7197
20.0618
29.6852
23.1207
25.4558
23.2884
22.9014
9.1069
14.9597
23.9057
29.5086
22.9902
27.4212
24.655
14.8139
25.2718
22.5765
28.3538
26.5281
17.6234
25.1765
20.6219
21.9558
24.3226
23.8846
29.3649
28.4296
22.0284
25.4625
22.7963
32.5923
9.9251
29.5394
26.1705
12.6819
31.7427
19.7595
28.5127
20.656
23.5457
27.9041
32.3222
26.4167
22.8295
32.2933
18.3567
23.7349
23.042
29.4988
22.3
29.7602
30.4889
23.2513
30.6553
9.8905
35.4587
18.5178
27.2635
23.4896
27.3473
28.016
18.8932
29.256
32.8731
20.0088
23.6772
27.8442
29.1385
23.7861
9.0878
9.3566
26.8623
21.7194
22.6898
19.8834
22.7206
20.7075
24.4459
22.0298
26.6155
17.957
21.0426
29.5548
26.0307
36.3328
20.3856
22.6962
20.149
33.6676
19.7907
26.3392
21.8743
22.7621
25.9984
7.6224
19.2585
22.1099
24.4354
24.0047
25.3507
11.2542
12.4498
26.6564
23.0309
24.7171
25.8213
11.9504
32.6075
20.0091
24.2774
22.6248
18.842
28.5136
23.134
21.3171
26.8648
21.8232
24.3628
24.8598
25.5297
28.9566
19.1422
21.5643
20.6724
25.8161
9.0015
19.9132
20.1819
26.2602
21.7273
23.8205
24.4077
21.0685
21.6148
18.1021
30.3578
20.3259
22.8422
27.2349
28.5087
29.8602
15.9688
23.999
20.613
28.2496
20.6342
23.958
23.2981
28.3974
25.3802
24.5843
32.4346
27.0283
20.6036
23.0777
8.3374
7.1339
14.6683
21.801
27.2768
22.7224
26.7015
26.9518
20.0597
10.2723
27.3102
24.8319
21.4093
21.7613
27.7337
9.3655
23.7385
29.5475
21.8136
20.5993
23.4684
31.6767
23.6215
27.9817
26.5037
12.2012
27.7854
29.2322
28.3558
21.4496
23.3419
19.4118
26.8033
25.3444
30.4767
23.3355
28.8268
26.2588
15.6814
19.4502
32.8974
26.7231
22.2353
25.5121
15.3682
19.7978
24.8908
26.0467
22.1757
26.8114
28.5141
11.9664
25.8454
28.2001
23.1975
26.9173
20.7908
24.4737
18.7884
14.1688
26.8414
18.1433
36.6417
18.4853
25.9508
11.5181
26.4147
13.5231
26.0571
20.2283
25.6376
17.0423
22.9546
15.3334
17.508
31.4683
17.4987
15.6729
8.4171
26.8598
16.279
30.6782
22.7184
20.7712
19.2725
21.4483
15.3644
17.5448
28.8062
31.201
22.2054
18.2315
27.3294
17.7644
29.8735
23.706
21.8685
16.8774
10.1154
26.6511
24.6755
24.4794
22.63
14.991
16.3742
19.5879
17.3544
26.995
25.2746
21.9057
15.844
17.093
18.6855
25.4981
23.4267
15.6279
15.8323
15.9966
9.0947
30.7147
23.1462
21.4403
15.5249
19.1482
8.8211
24.4415
28.6962
17.7182
16.7358
15.3598
17.6646
25.7306
28.7906
20.9168
23.5822
21.2085
28.2602
22.8641
11.3201
32.8658
24.0642
24.9512
19.1961
33.6556
27.8625
30.6722
24.7699
23.577
18.3038
25.4704
26.4519
14.7119
23.1086
22.0478
24.974
8.983
22.8185
22.0864
24.0369
26.3229
22.7957
28.146
34.0747
22.0288
31.7845
19.1733
30.3286
21.3757
23.6434
33.197
25.3005
27.8195
21.2969
27.213
20.8606
22.0243
26.5
28.5978
7.4732
25.2742
21.0826
22.4084
28.0126
18.6542
24.9418
24.7077
20.543
29.0461
29.1909
20.745
11.9082
19.6815
14.5393
30.1031
13.8054
26.9624
18.646
25.4863
11.5189
28.7851
25.8673
22.601
28.6467
27.0623
18.6283
12.2713
26.2555
10.9097
17.9111
23.4183
20.9282
13.0042
8.1684
12.3002
32.3678
26.1972
22.9936
21.432
15.7021
21.0614
19.5861
32.0037
14.2739
27.9053
15.0734
19.7602
21.8375
26.2678
21.5599
16.0194
14.514
17.7109
26.2316
29.9647
22.0451
15.4134
20.4634
24.4451
7.4029
9.3541
17.3148
14.833
16.1358
16.5198
27.5641
10.2097
24.106
8.4942
10.3723
26.9707
16.0501
18.7773
20.8816
16.685
22.3369
23.9675
28.506
25.1079
19.518
12.1702
8.9298
12.5782
18.3975
15.5975
23.3944
34.5255
22.3636
18.1907
21.4125
24.0745
18.5312
23.0285
22.0866
24.9706
26.2028
22.3816
22.7319
20.4241
39.2021
24.0196
22.4408
25.9921
21.5798
29.7976
17.8983
24.3541
25.9739
18.3144
22.9331
9.9462
28.469
23.7074
12.7326
19.4211
13.8086
16.9503
14.3787
11.4465
8.7662
8.3998
14.7712
19.4182
25.0297
7.0288
12.1807
9.2969
8.0328
15.2352
9.0001
17.2817
9.358
28.343
13.5704
24.166
19.2397
9.0776
29.9781
25.0564
28.3091
19.8367
17.4519
19.5258
15.5471
21.6704
15.914
17.8132
15.8289
19.3041
26.2075
32.9808
25.7139
17.6505
17.9589
18.1159
28.2023
19.3581
19.0975
19.9038
15.621
18.2241
21.8132
11.5258
31.2985
19.0483
16.3866
17.2099
16.5779
25.8947
22.9725
19.2941
12.6319
17.6131
21.2017
29.4173
33.0318
9.3115
27.1172
31.4688
17.8535
19.7037
8.286
18.4102
25.199
22.7583
21.9946
25.7784
26.2465
22.3953
24.0489
23.7877
27.9345
24.5671
30.9739
19.7542
26.97
14.8288
29.7105
14.5129
10.8473
12.3231
30.1136
20.7839
26.1772
18.5203
29.853
22.755
19.4471
18.5551
19.9673
23.2186
26.0274
20.9039
20.848
17.4515
21.7971
8.5695
31.1951
31.5734
14.0029
18.4165
8.9578
18.1353
14.823
18.137
23.5323
9.9084
24.7635
19.0431
16.3047
30.012
30.2099
14.0397
19.2473
15.5815
16.272
22.0451
25.0103
21.9991
21.0888
21.9029
15.1248
18.7236
17.2257
20.775
15.7113
30.0763
19.0621
22.853
28.7229
25.386
21.5864
19.4518
17.05
19.4022
28.2566
23.4818
23.2527
18.7125
21.1547
25.8405
26.0902
23.4653
13.628
19.9604
29.8664
20.0809
31.5513
22.4274
19.7403
25.5347
23.9268
20.0201
25.8974
25.7463
23.3391
20.2086
34.9671
16.7198
26.0106
25.6513
28.5059
19.211
13.7181
19.6447
13.5297
24.0999
21.3002
22.0385
13.7776
23.2893
22.4475
17.4247
26.6623
28.0377
22.6203
9.1841
10.7307
14.4426
24.3271
32.1586
22.6758
11.5061
24.5187
20.2638
20.0557
32.7326
21.192
23.7191
19.9637
12.164
28.1104
31.9777
9.3881
17.389
20.5299
9.9296
26.7416
23.3148
24.8327
19.4308
12.758
29.7942
18.7919
20.2979
7.0139
21.3459
24.0445
16.1885
17.7146
61.7736
8.136
17.9961
21.8723
19.9083
10.5838
28.0529
32.9713
16.6708
20.5284
19.2427
30.7255
32.1987
8.4443
24.4752
24.0601
24.6561
17.1374
28.6389
22.4951
21.2907
25.93
27.6578
20.6683
27.7888
25.4646
9.792
26.2663
22.3516
24.4081
24.5929
24.6712
19.2966
25.879
20.8852
29.5148
21.8424
28.5602
30.2109
15.1828
18.5422
23.6064
20.0815
31.1489
19.0615
16.2261
11.8371
37.4694
19.3993
27.0944
14.5059
18.6475
19.2429
23.1199
15.3448
14.1856
23.0507
25.3553
28.1793
18.9891
14.4204
17.5408
18.3477
12.9186
25.6699
22.1044
19.0269
14.7774
20.7972
16.1295
29.8496
23.7809
26.1418
17.5909
15.8295
23.8688
21.1311
21.8118
16.5071
18.2174
14.3278
18.4035
20.5853
35.8415
22.5911
17.872
22.4458
21.006
12.7594
30.4207
17.9245
23.1837
16.1165
18.9292
22.0167
21.3348
20.8758
19.5191
22.464
9.4398
18.967
18.7548
29.0275
9.1998
25.2545
7.991
29.0319
8.4605
13.4697
8.724
8.6951
7.4964
10.0655
15.215
10.8623
8.8631
8.8639
10.2411
12.5417
19.4968
26.6389
32.8544
18.9542
10.0995
16.6641
14.926
7.3866
8.8462
7.8475
10.161
10.4141
10.8438
8.193
7.5067
10.9386
10.1262
7.8033
7.9596
8.4038
8.8434
10.1887
18.4635
7.9801
19.902
11.9313
25.7246
10.306
27.0293
28.032
20.1041
30.2146
28.9635
13.5691
17.9943
19.0585
14.9624
23.6385
24.5147
22.7262
17.6625
16.8587
19.114
18.9342
24.0385
21.677
16.5789
18.689
21.9414
21.4799
23.6785
13.6202
11.945
21.0212
18.3023
27.2064
33.3686
16.1995
14.8215
18.9824
20.3778
27.2527
27.517
14.5491
22.7972
15.7322
19.2737
17.3226
33.0414
24.8526
18.8761
11.1261
24.7543
17.8832
28.5045
25.5011
21.407
17.4541
10.1303
43.1423
12.4562
33.5299
19.2805
24.7532
20.3874
21.6007
27.0525
34.2934
8.4592
9.0648
21.9804
49.927
27.574
17.0972
20.492
23.9425
20.7272
28.725
21.8547
9.8015
35.36
10.3384
10.8161
47.0865
25.0563
26.2511
26.1522
21.7903
22.4514
12.904
26.6365
23.1699
40.1799
6.6024
10.3109
51.7635
21.2053
22.1625
14.9975
16.7715
16.9846
11.9755
26.6046
13.6516
10.5551
39.4641
7.408
31.107
26.6908
16.7172
26.0224
24.1765
18.6159
13.1247
17.4967
12.2194
26.2479
32.4309
17.4586
10.7002
9.317
16.7896
18.9423
20.8771
10.2834
26.3034
16.9635
17.1642
13.7004
28.7878
21.9604
13.0431
22.5303
14.4869
16.9277
21.0458
25.1636
10.3029
26.6504
17.0865
14.2954
29.7082
30.2034
20.0102
26.5035
20.4435
11.8982
24.3188
26.3275
21.1598
25.8048
20.2757
17.6847
14.2492
27.8628
25.4772
19.7349
9.789
27.3741
19.6286
22.2278
15.012
21.4416
16.3137
26.9785
10.6349
34.9202
13.775
24.6722
19.4102
13.9506
30.884
15.0789
30.3397
23.0452
23.6931
25.1611
15.7082
6.7962
24.1897
27.4508
21.131
18.8566
10.8307
28.7782
23.8793
28.9338
16.1236
19.9529
18.8432
26.2226
20.7657
26.4847
16.2345
29.4179
16.4067
16.5936
28.3332
30.9265
24.1836
20.3496
18.0288
14.6437
8.9594
32.5263
18.4479
21.2752
14.7977
15.3354
23.1847
23.7962
29.8626
20.9209
29.3669
22.4464
15.7452
18.6653
29.8658
27.5105
21.7244
14.4556
15.4001
20.2672
10.534
27.4212
18.5781
20.6254
20.3058
12.5647
25.9005
27.5085
17.7544
21.5311
19.5078
26.6469
20.1936
19.9249
20.6204
18.72
23.0744
21.4371
22.7292
17.4093
16.4961
26.6947
22.8179
27.7943
20.4034
24.2862
33.2437
22.0894
30.5434
17.6917
25.0985
24.6656
28.7521
25.557
16.9097
14.8643
6.9143
19.1962
21.194
17.4811
14.371
16.3449
16.8726
27.3184
17.5625
22.7386
23.1306
18.2504
14.4866
18.0558
31.6943
24.3567
7.0293
11.6591
23.1487
19.297
26.6535
24.2593
22.7404
18.2536
9.9761
28.003
26.4294
23.1266
23.8454
15.7571
18.7648
19.4719
25.9765
38.941
13.959
19.3502
14.8101
26.4337
17.8143
22.5469
30.5079
17.5503
15.211
20.3315
6.9072
25.3671
29.7331
17.7412
18.8475
17.717
13.3604
24.1261
21.9569
26.2697
27.2952
22.5477
25.1172
20.4391
20.6461
25.458
19.8872
25.7868
28.9806
19.8788
22.1503
24.3924
21.1644
22.5601
13.8396
21.9439
32.0239
17.231
12.0391
28.598
29.0297
23.5449
27.1567
26.9987
27.395
19.9752
23.0278
30.4261
22.5353
29.6159
17.1136
24.8878
18.1291
17.2455
29.5326
32.6233
18.6893
23.6606
16.5927
17.6557
7.888
21.8539
25.0012
22.7393
23.7362
23.4999
14.0424
31.0773
25.6778
16.5054
28.9973
17.8833
36.0662
19.2121
24.0074
17.9512
11.9301
29.4919
14.0822
11.1254
31.2633
31.8625
17.8402
19.1857
24.7993
20.6285
23.6859
30.6162
18.2335
15.4623
7.0472
32.8292
17.7159
24.2951
11.9462
29.7047
14.1301
23.7788
14.2465
29.3354
21.2269
18.7791
18.7285
16.8843
15.6551
28.0616
27.9623
8.8876
9.1169
16.8203
11.9738
29.8075
12.8989
8.4278
22.0803
22.8613
21.2885
29.5556
14.2822
19.5592
16.0762
26.7765
26.2574
19.0654
12.7774
31.0592
21.7313
21.7954
25.9421
21.5337
18.5495
27.5205
20.7929
29.4307
20.7522
21.5113
23.4078
21.7354
19.618
15.6504
20.1434
24.6348
28.0649
24.7073
25.9778
27.6055
19.8066
25.5973
24.5633
21.1079
23.9494
28.6186
27.0856
15.5895
27.7799
14.1803
34.7504
15.2091
24.7497
26.9104
16.6332
27.2712
12.2725
25.4688
18.665
17.1367
15.7062
9.5148
30.2866
29.0013
16.5803
39.7571
21.8856
17.9833
22.0641
29.8115
17.1816
15.3429
18.6152
18.6521
14.7015
26.8626
22.3618
12.9975
16.1352
11.118
7.8499
21.8373
17.0985
23.6986
8.1263
26.1359
17.1365
20.381
26.0383
18.9883
17.3898
11.4357
18.2136
15.6199
18.7641
25.6417
28.5679
16.0513
14.9877
22.3339
14.7431
8.038
24.6693
17.8469
9.4223
23.0631
7.0344
27.6666
25.7983
17.345
21.8715
22.852
21.1683
26.7093
23.8397
26.8368
22.307
26.1536
20.6152
23.0819
17.1345
18.42
30.1347
12.9584
25.5898
29.6928
15.1416
22.2696
24.3006
27.2077
22.7326
27.2256
34.1799
21.7141
21.1338
28.8932
26.1365
25.6966
23.3408
24.8236
24.2608
12.0789
22.3632
23.0024
21.7619
14.3509
19.5698
25.7689
21.4348
22.3828
25.0911
14.4589
24.3878
20.7679
21.0382
24.664
23.7709
24.8849
26.7429
31.001
25.4676
20.4726
24.7727
24.5344
12.9768
37.1704
16.1861
13.6589
20.6196
15.1378
34.5491
13.1714
28.9865
13.099
21.6919
13.9776
16.8265
17.2113
14.9349
19.8398
17.0174
20.1291
26.1717
30.4881
10.3491
23.1842
16.4638
17.7348
24.526
17.9859
16.4452
18.9531
16.3136
14.0914
32.1484
11.5501
16.1415
14.9023
17.1913
18.2362
20.1832
6.7396
7.1214
24.5982
7.7411
18.6751
19.6397
25.8103
18.9494
17.6179
17.2034
14.6016
16.0233
27.5346
39.6096
10.2624
19.8738
27.0741
18.8194
17.1696
17.1073
20.5384
12.8499
19.6051
9.4626
23.9143
19.5421
30.8215
22.2329
24.8577
52.7036
27.4085
26.9917
27.617
21.0402
25.7761
14.9875
36.9207
7.8752
10.6807
