165.2663
55.5793
44.4777
40.1001
38.3216
40.343
41.0952
38.343
40.5781
40.482
40.3613
39.7092
38.7152
41.1407
39.7322
40.7781
40.5047
42.3701
40.802
42.4985
39.9595
39.5536
41.144
41.3391
39.8699
43.3723
40.2246
39.1718
40.1342
39.7632
40.0473
39.2887
40.5747
40.2627
37.3112
41.8013
40.8975
40.3397
41.3702
38.9772
43.201
38.2599
49.8304
40.5385
41.0921
39.2696
38.9104
41.3796
39.9282
39.4797
39.568
39.513
39.4099
39.3024
41.2309
38.4967
42.1911
37.7243
42.9991
40.1353
37.6807
44.1308
41.0843
40.3631
40.5201
37.8202
39.5277
40.6482
61.1103
41.2802
42.3044
40.519
47.7538
40.1775
39.1484
38.8501
38.4052
37.7867
40.8949
43.5228
38.35
37.855
40.1941
43.0846
38.4834
40.8906
36.5581
39.6975
43.0358
39.5499
42.3032
38.2221
41.6428
38.9771
41.9421
38.1133
40.9634
37.6429
39.323
39.9622
38.8113
36.8901
44.2418
39.3027
36.8626
43.8889
36.892
38.582
39.7353
39.1232
37.6268
39.325
37.5947
38.7524
37.3145
41.6851
38.1774
46.2872
39.1676
36.9974
38.4631
39.9159
43.1971
42.7848
45.6494
39.9548
41.0714
41.2389
37.7598
44.6227
39.0974
36.5882
45.566
40.3256
37.6422
44.9358
39.6997
39.3973
39.4525
36.9446
38.0774
39.9215
38.4337
45.2298
38.5834
39.0585
38.7378
42.281
42.2407
42.3393
41.9845
39.0147
38.4836
37.7315
38.697
40.951
44.2359
36.666
40.9697
41.0213
41.6508
42.5721
40.6108
38.3649
40.5084
42.0654
38.7567
36.6332
38.82
37.4868
40.9242
39.4249
39.0756
41.3284
38.9088
38.2389
41.5931
40.4665
37.3503
43.7626
43.2996
42.9024
38.8557
38.9345
49.4302
40.6306
40.6914
43.8842
39.5747
45.7484
42.034
39.1047
37.4032
38.0867
42.2881
40.0541
40.6786
42.0824
41.4595
42.0927
40.4418
46.4695
37.626
40.0821
42.038
40.0732
40.0581
40.7248
39.5571
39.555
42.1952
45.6656
36.6443
38.1233
41.1289
37.0345
38.2231
38.7584
41.094
37.207
38.1008
40.2084
39.8833
40.1695
37.1326
38.722
40.0317
45.7354
41.7883
40.1642
38.7291
39.1853
39.7667
36.9444
41.2166
38.9911
40.2395
36.9839
37.4356
38.0483
46.9847
36.2435
39.8923
46.0784
39.1972
45.3989
43.5102
37.3744
38.2592
40.0415
41.532
41.6403
40.4158
36.3431
39.3366
37.5745
37.562
41.823
48.1683
44.5875
46.0853
41.0707
43.8203
45.6485
45.5707
41.2197
43.1972
45.7386
40.8955
38.3138
38.2059
49.3045
40.0416
43.086
47.5407
40.3269
41.7154
37.1783
41.1738
39.2893
37.031
44.6473
41.5288
47.4136
42.2435
42.8651
45.787
41.4632
37.1565
38.8103
43.4327
40.1654
37.7126
39.5055
39.0662
41.4547
41.7442
37.8499
39.5845
50.1708
43.6437
41.9966
39.127
43.0758
38.0559
36.5893
37.072
40.6104
41.0597
37.6041
42.7744
39.0298
42.6933
45.5931
38.6012
36.5412
42.0532
39.2391
40.1665
40.4226
39.6661
42.0174
38.796
41.1348
41.8185
38.3996
38.0603
38.7076
44.4944
38.1106
38.2966
38.0667
37.5642
39.7894
38.1787
44.1126
42.1363
42.547
38.7021
49.6103
40.2725
43.483
37.8423
37.5244
38.5193
40.0906
36.9345
37.3241
42.4724
42.0485
36.3786
38.8758
38.558
38.6935
39.3041
38.2895
37.1291
43.0082
43.0957
39.5075
36.651
44.3462
38.4479
41.6672
38.5738
38.3598
42.4836
38.1111
42.1837
40.4299
39.5165
36.1809
38.9098
39.0612
38.3773
37.0396
38.042
38.1244
37.3594
46.7436
39.3507
39.7355
41.553
37.3545
37.3093
42.6408
40.3181
38.4043
41.8351
38.232
37.0343
40.204
40.3207
41.7263
40.0612
38.7545
38.1326
36.0986
41.0428
39.037
37.6745
39.8267
38.2341
37.3775
41.8668
40.7195
38.9102
40.6434
41.8671
40.085
38.202
39.8646
41.1966
43.7929
40.1714
45.1565
49.0482
39.46
44.5315
46.6614
38.2446
40.2157
43.2532
44.208
41.2656
45.0381
49.68
50.6737
47.2823
44.3323
47.1463
39.6145
37.0353
42.1997
38.0593
36.5289
39.3882
38.7214
40.9831
38.6535
42.1164
39.3593
36.1828
38.0429
38.0985
37.7688
39.831
40.9377
43.7404
39.059
39.6315
38.4071
40.8401
42.1533
43.8124
38.7584
43.3879
38.0971
36.4171
46.7668
44.9137
45.219
52.8642
37.1154
38.6837
37.8538
37.7998
38.3097
43.4622
37.5798
40.031
42.7596
41.2398
38.9377
41.4268
40.2019
43.0541
39.9584
46.1948
41.0753
41.9076
37.0316
37.1124
38.8872
38.4316
41.2122
40.9017
41.7808
39.685
37.1818
37.5504
40.7109
36.275
38.5602
39.0533
39.3375
39.0671
41.0427
44.585
36.0361
44.6551
40.0954
37.9185
40.1803
40.057
39.6794
43.9132
39.9067
37.0586
40.0408
37.0372
43.5917
45.7361
46.5639
43.7895
37.8427
40.4852
40.3156
39.8225
39.6754
38.2832
37.2283
36.6729
39.651
43.2487
40.5863
44.4712
37.0397
39.7888
38.7
42.5608
46.5519
39.172
37.2648
37.6277
37.0756
39.0853
44.3979
39.2232
44.0105
51.7264
38.2112
44.7151
45.5314
44.2618
40.0768
39.1952
48.3404
39.0535
37.037
37.5429
46.2119
38.4359
38.8254
40.1418
37.5719
37.5264
37.5189
36.4055
40.5888
38.2785
43.407
44.704
38.0253
36.3583
39.363
38.3287
41.0521
41.085
36.4305
38.5081
37.1048
39.8708
38.3624
40.6158
43.872
36.5314
37.2193
41.2002
38.2454
37.9039
39.5527
35.7698
42.1573
39.5373
39.1568
40.5697
39.3912
41.2554
41.5835
47.9472
39.3889
40.8483
42.3664
39.5497
41.1177
39.0438
37.3279
38.5992
34.9527
38.6451
43.2893
41.1984
50.2091
41.1494
38.9589
41.8219
38.7211
44.7593
45.0304
44.4069
42.1776
39.298
40.3909
52.1079
47.4005
46.2335
34.4531
44.0854
45.8952
45.9999
45.5001
46.2405
35.0968
41.057
40.1446
36.7439
44.3224
37.089
44.1901
40.0379
37.2046
37.0566
39.5206
39.0343
42.0401
40.6799
45.5937
40.186
37.7561
38.1989
38.4662
39.0575
40.3151
38.0514
36.5623
37.9483
40.9138
56.4078
41.0669
37.0378
39.2064
37.5549
46.3679
45.1387
37.4474
42.3268
37.5512
37.5658
37.0862
36.5428
38.5431
43.5208
40.3615
36.3644
45.643
42.8091
46.1085
41.2681
38.0549
36.5498
37.6745
40.0606
36.6106
38.0399
46.5639
43.8174
53.4666
49.1477
45.1924
46.2825
46.6891
43.1751
43.0942
38.0954
51.6959
38.0449
42.1627
40.3952
38.1902
37.965
44.0626
42.074
39.8651
40.3085
38.6986
40.2427
38.7893
41.5975
42.7547
40.3998
38.3857
43.7349
39.6608
39.2122
41.1789
39.8387
51.7509
38.5355
36.7076
38.4186
39.926
44.4351
40.8846
42.9238
44.1552
45.0037
40.4851
37.2215
41.8475
41.1674
37.5654
38.4267
37.0223
37.6535
40.602
38.7916
45.947
39.0017
36.8879
38.6447
37.7452
40.1776
41.5639
39.1315
37.5369
37.5661
38.3126
37.8706
38.7082
37.0388
37.9088
38.659
42.3163
38.7437
41.7246
38.0615
37.839
41.7593
38.0426
37.536
41.0348
38.5631
37.565
37.5392
38.1419
36.8653
40.9409
41.0837
46.789
37.9231
40.1114
37.395
37.5334
39.5606
39.9653
39.6066
37.5514
42.0615
40.5699
40.5676
41.1463
38.355
48.8531
39.0368
36.8149
41.1214
38.5782
43.0916
36.6468
38.0468
36.5384
38.5066
38.6075
39.0384
39.1713
36.5499
40.1368
38.0402
40.5996
38.2459
36.687
41.5572
42.2176
42.7258
49.6765
42.0473
40.5686
38.9086
39.0217
42.6257
45.4191
44.8812
42.2086
51.1935
46.3998
41.2191
46.3337
36.4342
37.2614
40.531
39.285
37.007
38.9809
37.7845
39.4869
36.8506
39.1981
41.6481
40.368
38.469
41.0852
43.5367
37.8097
40.2088
37.464
37.8956
46.0503
36.0429
41.5925
40.6165
42.5352
40.0333
39.7638
46.3301
45.0874
41.63
39.7658
45.9416
45.2166
40.8948
40.3134
42.0451
38.041
39.046
41.6712
37.3642
38.4465
35.6946
38.8095
38.0934
41.0824
39.0755
37.0374
40.4807
39.7508
41.8125
38.9047
38.023
41.8991
41.2519
37.9564
39.5943
46.7941
45.7361
36.7337
39.2724
37.6453
42.5017
38.2155
41.92
41.2994
38.0395
36.2063
38.7991
37.9949
38.0477
38.0572
39.0612
41.7744
41.3522
41.0355
44.2097
46.3935
37.533
43.1849
37.5515
37.2604
41.0583
36.7271
39.188
38.1157
47.2196
39.4337
37.4467
46.418
40.6895
41.0857
37.7903
37.1059
36.8893
37.7417
36.566
36.8454
38.0873
37.7992
37.2297
36.8476
38.0424
39.4202
39.243
38.5282
43.0829
40.0458
48.3864
36.6619
37.5855
44.2844
41.0493
37.5258
43.7293
36.5355
40.4712
37.5297
39.4932
36.0561
37.6132
40.6489
38.0519
37.5529
39.2371
37.078
39.0805
37.0422
37.697
38.0616
36.8913
40.0785
38.2056
44.0823
39.7885
37.6247
38.9671
38.3376
43.2581
41.6845
38.6478
38.8351
39.9231
38.3064
39.9143
39.0467
38.1556
37.3192
37.3479
36.3128
41.9809
37.5377
40.3357
39.5822
41.9919
38.5533
37.7137
41.8097
39.0634
39.4191
43.3199
38.1306
40.3863
41.0757
53.2088
40.9925
39.2616
41.3379
43.2838
37.221
45.1328
41.3106
38.3191
35.9428
37.7506
38.5775
37.9866
38.5765
38.4035
42.8097
42.8314
37.3641
42.0939
41.9783
37.1437
41.968
39.9666
38.0492
43.9314
49.5557
36.3534
35.4635
38.8486
36.8833
42.3461
40.4969
40.5805
41.3467
36.7072
42.3364
44.7902
38.7128
38.1159
37.5574
38.4806
37.0369
45.0153
40.1319
39.5285
36.7553
38.036
37.6197
42.0439
38.1009
44.934
39.0779
40.5624
41.8011
40.937
40.68
42.6573
36.1064
38.7574
39.553
37.5033
43.0217
37.5993
38.6122
39.9427
38.5115
35.9078
38.5799
43.0855
39.0488
35.5855
40.4712
43.4905
38.7401
39.0455
37.6111
36.4208
38.0617
38.5822
43.7777
44.0749
36.5516
37.0608
38.2105
41.0562
39.6064
40.139
40.3803
39.3567
36.4535
43.103
40.2987
40.8346
39.994
36.679
39.2796
35.9161
36.6408
44.302
40.0868
43.1802
37.8806
38.0552
38.4364
42.9994
38.4191
39.0163
36.3153
35.6763
38.4747
38.458
43.1728
39.7954
38.9435
37.7126
39.3031
37.4157
41.6146
38.2956
41.4828
40.6885
40.8262
44.3759
37.7841
37.8683
38.7672
40.4482
38.3243
40.8826
40.5215
39.7998
35.5374
37.5756
40.0177
39.8889
38.36
38.6422
37.7738
37.9073
41.3718
39.1234
37.7115
37.4564
38.5516
38.2257
37.5522
38.8444
39.0119
37.5075
37.5327
37.048
38.5261
41.4825
41.797
38.1227
36.3991
39.5584
43.596
38.826
37.5884
37.432
36.7235
40.6417
42.1922
45.9893
39.0834
42.5279
38.8054
39.6686
38.2016
38.9522
39.1009
41.0283
37.6005
37.8912
45.0887
38.6693
39.7124
39.4301
39.2836
36.8915
39.4224
39.278
37.6696
37.4624
37.508
41.6869
41.2398
39.4531
43.8135
38.5952
40.3408
42.8473
39.3946
37.6497
37.1717
38.4243
41.5029
42.3834
37.1517
40.0065
37.8655
37.4046
39.309
36.1881
39.8145
36.5764
41.9591
37.6948
37.2135
38.8605
38.2115
38.4772
37.5482
40.8961
37.598
40.8049
38.4944
38.839
38.0456
40.5804
39.6071
40.4387
42.2542
37.0567
42.1734
43.8758
36.6971
37.6258
40.0944
41.9041
40.306
39.0533
42.023
39.0123
39.5373
39.8502
37.3219
39.6123
37.2887
40.9378
39.238
42.6793
40.4709
37.2104
39.1424
38.6444
40.842
38.1032
36.7079
39.3091
36.6405
38.0882
36.719
37.4692
39.5637
35.889
37.2168
38.0269
39.3987
38.411
39.2198
39.0317
39.2679
40.6411
41.1325
39.9892
44.5763
40.5539
38.2146
36.3908
39.9735
37.3849
41.4115
41.1878
37.9959
40.1284
41.094
36.8001
39.7488
37.6423
40.924
42.5224
43.2472
38.6171
36.2475
36.7835
36.7251
38.5787
37.6012
37.0737
