168.4192
19.539
29.5951
30.5614
30.0103
30.5784
29.5797
28.5876
45.2713
31.1795
28.8279
30.7429
29.6099
29.1613
29.792
30.3458
28.9591
28.438
29.662
29.6049
45.7965
30.1276
28.6603
30.9168
29.4213
28.8115
29.9342
30.3259
29.1389
30.3754
30.8257
27.7152
29.8538
45.2962
30.01
28.9201
30.3968
30.0057
27.7927
29.8175
29.9584
29.4657
30.9413
30.5651
32.5977
40.6174
29.4606
29.5017
29.6476
29.5328
29.0673
29.5665
30.4723
30.096
31.3113
30.9727
31.6734
32.4285
35.3576
28.5331
30.266
30.0841
31.6371
32.9783
29.8761
33.1233
31.2778
31.7771
23.7103
34.06
35.3157
30.8056
29.8347
30.5223
33.4401
32.0026
29.9298
31.9734
32.5242
29.4038
33.6648
29.7271
30.6407
32.3411
31.3356
31.1595
34.4497
28.2776
23.25
35.343
31.0924
33.6205
29.5444
29.8349
31.5358
31.0649
33.6265
30.6232
31.5322
33.3052
28.3204
32.8501
30.9782
32.0259
32.6059
31.4667
29.4241
33.9134
22.1833
34.8537
30.3406
30.8192
31.9707
33.5023
29.6504
31.4246
30.8829
31.5639
31.7266
33.9696
27.3022
31.8528
32.7964
31.8747
31.9731
30.8427
33.2382
29.4347
23.0145
34.3065
31.5277
32.2011
32.9909
31.3367
31.9373
30.741
31.2065
31.4483
30.7942
33.806
33.5655
27.4626
31.758
34.1006
28.7599
31.2213
30.6107
32.6347
25.7117
33.163
31.9183
30.9991
29.8068
35.0789
26.9441
31.8402
31.8975
31.7779
31.4123
33.7263
30.5368
30.2573
33.0933
29.7563
36.5764
26.8283
31.4581
30.6089
24.5602
35.8992
35.6799
25.849
33.5549
30.6022
31.4949
32.0146
31.4023
31.6877
35.1376
27.2216
31.3305
33.9842
30.1118
33.2828
27.5778
31.6588
30.2917
32.8005
24.0368
34.8734
31.3045
35.0898
28.0682
31.848
30.246
31.4556
31.9254
33.8127
33.2365
30.0147
31.9382
32.879
31.2183
30.7976
33.077
29.8022
31.6196
31.0463
24.6526
35.0836
35.5945
27.0358
32.1335
31.4539
32.5678
30.5465
32.1658
31.5124
32.1391
31.7902
32.2158
32.3618
30.5491
33.7031
29.0764
32.0982
31.0996
32.043
23.9796
36.0432
30.4502
33.6273
29.0126
32.3223
30.4571
32.5096
31.9963
32.6248
30.8886
30.912
32.2096
31.6073
33.6022
29.9604
31.3778
30.4947
29.6662
31.6281
23.6326
34.9271
34.4678
30.6241
32.539
28.4526
31.7406
31.3106
31.0836
30.4331
30.4815
34.3419
30.3799
32.1802
31.2532
35.0779
28.0963
30.0081
30.2872
32.6561
23.5994
36.7407
30.0481
33.8242
31.2514
31.9422
30.4498
33.154
29.1541
30.2989
32.6691
30.2469
37.1291
26.2221
32.5832
30.0773
34.1902
28.9153
30.5981
29.8776
24.7726
32.6538
33.4008
29.9975
32.7209
30.7429
31.7429
32.3971
32.6763
32.8187
29.8044
31.0195
32.2576
33.5456
29.7644
32.1126
30.2592
31.8858
32.4313
31.8505
24.4736
33.6824
31.2283
33.4185
31.1174
30.8391
32.4313
30.7165
31.8052
29.2496
38.498
22.9092
32.3848
32.8144
31.7927
30.2486
31.8296
31.8367
30.8487
32.1538
24.5086
33.943
30.9134
30.7067
35.7448
28.239
33.9924
33.4246
28.6307
30.4539
30.8651
33.5763
29.9753
32.7636
29.0936
32.2913
32.3461
31.6303
30.1185
26.3568
20.4451
37.1815
28.9161
31.9343
32.5603
30.9356
30.9262
34.0012
29.5791
31.2487
33.1735
28.6333
33.3546
29.667
33.3762
31.2417
30.9333
31.9149
31.2675
30.3121
23.9533
34.8114
33.037
30.1091
31.047
30.9742
33.2904
32.6286
28.7206
30.8066
31.1974
32.5055
31.238
33.0588
29.2494
31.1288
31.4775
34.0916
29.7286
28.8201
23.8439
36.1604
29.9844
33.6292
29.6827
30.0127
31.1351
31.3008
32.1189
31.9092
30.8941
31.3118
32.7313
29.8799
32.6865
32.0916
29.9056
31.9415
32.6682
30.9653
21.0488
34.9125
32.9646
31.3817
36.2268
25.2863
30.4282
29.2119
31.6384
32.3913
29.5631
32.5079
30.7118
31.7318
30.8117
34.0411
28.8294
32.1734
31.5111
34.8236
21.0775
34.1791
30.6901
31.8846
32.6653
33.7476
28.282
32.1681
31.6317
33.6198
32.6535
29.1566
32.8797
29.5644
31.1221
31.5869
31.5813
31.7888
32.0963
35.1485
19.5618
34.5599
36.116
27.6673
32.0865
35.153
29.8576
30.1166
31.5374
31.9193
31.4763
31.7857
32.3656
31.1474
30.8041
32.0053
31.7737
31.1036
31.1237
31.6079
24.0523
35.0745
31.5968
31.71
30.776
32.0962
31.261
32.2939
30.7886
33.228
33.9138
31.2859
30.5625
30.5789
32.5623
31.1504
30.947
33.2381
30.1081
32.2113
23.8644
35.6153
28.8154
31.8744
31.6398
31.2859
32.4198
31.7707
28.9755
32.4989
31.3303
31.583
32.0776
32.126
33.1372
30.4837
31.3967
30.5591
34.668
30.2504
23.3296
36.8374
33.0516
30.7218
29.5369
30.9167
34.3715
30.7277
31.261
31.6586
30.1356
33.1128
30.0873
32.5727
31.5857
31.5781
32.1049
31.6034
31.544
30.9274
24.5811
34.1374
33.191
30.0429
32.5915
31.8555
31.0356
30.5779
30.9926
32.2332
31.2565
33.5514
30.3825
31.6861
30.0609
32.574
32.9853
29.8464
32.0063
30.8539
23.6535
35.2741
31.5065
32.8908
30.4152
28.7792
30.0081
31.1584
31.8192
31.7898
35.4818
28.2798
31.6705
29.9153
31.3335
31.6072
31.2724
33.8504
30.0139
31.7163
22.469
35.1919
32.6892
29.9557
32.4477
31.1341
31.8693
31.5077
29.5785
38.7231
24.0944
31.8877
30.2456
31.4044
31.3209
30.979
31.2901
32.8196
31.5234
31.4314
23.2911
33.3249
31.97
32.7008
33.4461
31.795
29.2248
31.7254
33.0828
29.6286
38.5994
23.7234
30.9992
33.271
32.7648
28.7227
31.8256
32.6753
28.8786
30.8966
24.6268
33.8523
31.2297
31.5127
32.287
31.7574
31.683
31.5559
30.736
31.6181
30.3674
30.5972
32.7522
29.6979
31.8382
30.6998
34.2263
29.0504
31.9478
30.8856
23.9937
36.4086
30.3413
34.3936
30.0998
30.5603
33.1836
30.2398
36.7201
26.1433
32.7739
29.9855
31.8822
30.4274
32.0708
31.5978
29.9469
31.6051
29.3509
33.0973
22.9691
34.3811
31.9905
30.1021
31.7134
34.4013
28.1606
31.98
31.266
35.6367
27.8663
32.073
30.7105
31.6331
32.2354
27.3095
30.7449
32.162
33.024
31.2605
23.5535
34.0779
30.9541
34.0253
31.7746
29.8334
33.1557
29.3706
35.9086
26.8333
32.2536
31.3001
29.6462
31.5456
32.4922
31.2481
31.7514
30.5854
35.854
29.3548
26.8099
30.8593
31.2335
30.8919
31.8245
30.632
31.4522
38.9373
22.7953
32.8887
31.3901
30.2754
31.7512
31.9148
35.3508
27.6372
32.8798
30.9198
32.2425
30.0932
24.1079
35.5964
30.2096
29.8282
30.7964
32.6668
31.7699
31.5528
31.5049
31.6108
32.2643
32.1598
32.3924
30.8261
31.8265
33.0939
29.9182
32.2543
31.665
33.472
25.3482
30.4073
32.5198
30.875
31.666
34.412
29.7879
33.1435
35.7773
25.8474
31.5669
31.4262
31.1803
31.6991
33.5172
29.9011
31.3478
30.7629
32.9002
30.5027
23.0125
35.3426
29.6764
32.1725
32.681
29.5382
33.1394
30.2153
32.9388
30.954
31.0161
31.7652
33.3605
32.8135
34.3726
27.9109
26.3898
31.9227
30.3065
34.1505
24.1736
33.158
30.6919
31.224
31.4462
31.719
31.7948
36.3441
26.7387
31.9932
30.3189
31.9102
31.0827
30.8874
32.3969
29.3049
31.3548
30.3321
34.2662
30.0605
22.6143
36.1489
30.2704
31.9619
29.7529
30.9227
34.5898
28.131
33.3466
31.4013
31.643
31.1543
32.1248
34.6059
28.2696
32.1353
30.3108
32.6058
29.9209
35.9474
21.2424
33.8663
30.9596
32.8779
30.4989
35.6314
27.6252
34.2543
29.798
31.5249
31.7484
33.0776
30.7884
30.0456
31.7489
29.8782
31.8846
30.2353
33.3248
29.2109
19.1444
35.0791
31.1959
32.3728
32.1449
31.303
32.8133
29.4846
32.4777
29.7154
32.6872
30.0259
30.4092
31.0594
32.2815
32.4265
30.2388
35.0944
27.9036
32.1376
25.6258
35.421
31.5774
30.8031
31.5866
33.4957
29.7521
32.1837
31.0854
28.1639
32.2609
23.8697
30.8314
39.0314
20.7797
31.9898
34.6723
29.2578
33.093
29.8041
24.1661
37.2209
27.3461
32.2582
32.8081
30.5921
32.3459
30.3708
31.8895
31.2398
34.1558
32.4927
27.6578
30.4948
32.0253
32.0264
30.5004
32.4263
29.531
32.2587
24.2478
33.3978
31.6945
30.634
33.4257
32.9876
28.7985
32.5041
29.4196
32.1633
31.9913
31.9214
33.8161
29.4791
36.2062
26.0439
32.6368
29.7709
31.6711
31.1696
24.9996
34.7429
34.3978
28.4013
34.9807
29.6816
33.6672
29.9249
27.9321
30.6764
33.1583
33.2085
30.5137
29.9457
34.0107
28.1127
31.2245
32.6299
32.254
30.4048
23.3843
35.1038
30.7836
37.8598
26.0787
31.3575
31.1712
31.1592
31.6205
31.4581
31.0216
31.542
31.8412
31.1079
32.0384
32.1483
32.3472
30.3347
32.5834
30.0351
23.347
34.3158
31.7713
32.0978
32.9024
31.0636
32.8525
30.9456
30.2897
32.2583
33.3288
29.958
31.5714
32.1215
31.1801
33.8641
27.8577
33.8786
30.5646
30.6566
24.0655
34.3578
31.5714
36.5986
27.1519
32.5639
30.7388
30.9578
31.8125
32.0955
31.8714
29.8018
32.2437
30.5898
33.5811
29.7522
32.6971
29.5834
32.245
31.156
22.286
34.1507
33.8641
28.8383
33.1649
29.0041
32.2945
32.4104
30.7921
31.8369
31.3455
31.1892
31.2929
33.1429
30.9243
32.9446
28.363
32.1489
31.5136
31.5977
26.7363
31.2294
31.6571
32.6911
30.1856
32.4539
30.0749
30.2589
31.6511
32.0125
31.8847
31.2256
32.878
29.2458
31.9157
33.0243
31.2
31.0917
31.8089
32.1115
23.7282
35.1557
33.1408
29.4416
32.5468
29.6615
31.8302
32.3522
30.6347
31.181
32.825
32.6281
30.4914
33.3623
30.196
32.2526
30.3106
33.1114
30.5021
37.9942
18.4703
38.2845
28.5701
34.1285
29.1169
31.1043
35.3529
25.1312
30.704
31.1294
32.9231
31.4435
33.0115
29.5584
34.4662
29.3541
31.3465
31.988
31.9844
32.2156
23.0824
34.6161
32.9665
29.8228
34.6823
29.7296
30.2266
32.3615
31.9315
33.7481
30.8184
30.1271
32.7076
32.9208
31.1077
30.8197
30.6005
32.3181
31.3981
32.6726
23.9677
40.3982
25.2366
34.009
28.1909
31.196
32.0944
32.2488
30.3386
30.7662
32.5136
30.7973
32.4375
30.4825
31.7992
32.1104
33.1561
30.7292
29.9239
31.1797
23.6177
34.4002
32.5914
31.0991
32.1546
31.7314
31.6854
31.5805
30.3732
31.1623
32.7549
31.1393
35.5073
25.1659
31.3074
31.4561
30.7639
31.8274
30.4055
32.6058
24.9291
33.9372
30.8065
33.1427
29.6228
31.5947
29.7406
31.9504
32.13
30.9859
31.8816
31.2106
33.9434
29.2836
33.4311
30.2295
31.8407
32.3505
34.2241
28.8903
23.9296
35.578
31.9521
31.6094
30.5129
31.6661
31.6341
31.0568
32.708
29.5646
29.9692
34.0103
29.5669
31.1417
31.2482
31.888
31.2436
32.3829
31.6195
31.5379
24.915
33.8625
31.9994
29.7864
31.8022
30.7441
31.7956
31.98
29.4103
31.246
32.6022
30.6754
34.2928
30.1044
31.5781
32.5253
31.2398
33.5554
27.3149
31.074
23.8589
34.1689
31.9787
30.1344
33.3733
31.2734
31.2103
32.4244
31.3719
30.0692
31.1319
34.2068
28.8798
34.2386
30.2543
31.8407
30.8227
30.2627
31.5329
32.8153
24.3414
36.3511
29.7001
32.0803
31.9218
31.8947
31.3297
32.0605
32.0444
30.8904
33.1433
28.7211
32.2607
30.5966
33.1381
30.5515
30.9124
31.0476
32.4797
31.7961
24.4576
33.2968
34.5619
28.668
33.3867
29.9148
32.2562
32.8003
28.1262
32.0708
31.8537
32.7861
29.8018
32.446
30.3905
31.4174
31.8676
30.6943
31.3382
31.8526
23.1016
35.2312
30.5926
31.5325
29.7434
30.8046
33.1679
29.8606
35.3079
28.5778
33.0053
29.6681
32.4802
29.76
32.2962
31.1372
31.733
30.7311
31.9679
31.697
24.7745
34.5558
30.7577
32.8829
29.8883
31.9089
31.8346
32.2421
30.2356
33.143
30.31
34.1407
28.6164
33.3336
31.0257
30.2655
30.9995
32.1552
32.6823
30.2487
24.3719
35.6818
31.3806
31.4576
33.4774
30.703
31.3739
32.1358
31.9661
30.9308
33.0825
30.3144
32.653
30.9426
30.7681
32.1662
32.4509
29.8762
31.4751
32.5797
23.8644
33.8212
35.6306
27.0262
31.0145
33.4209
31.7427
28.5978
31.7058
36.1468
27.4867
32.9533
29.9712
31.7578
31.8641
32.5811
30.1939
32.732
32.2298
29.7662
26.2637
32.4746
33.1114
32.4658
28.9986
31.8719
32.4029
30.8554
32.5244
30.5897
33.3204
30.4198
33.9311
29.0255
30.3395
32.3638
31.8373
31.7661
31.5957
32.3435
25.7531
32.2083
29.8634
30.3696
31.472
31.4891
30.4005
33.7061
29.2516
34.9186
28.1575
31.5783
32.5861
30.8846
32.0951
32.9472
30.7313
32.5781
30.77
31.5707
23.2516
34.9734
32.5642
31.7788
30.3109
31.4141
31.9539
31.501
33.1096
29.0962
39.3434
24.705
34.7386
30.6563
31.1987
33.772
30.1144
34.8158
26.5616
30.8383
24.1768
34.5664
31.3321
30.3671
31.5695
32.2438
29.949
31.0726
30.3775
31.9134
31.7959
32.7676
32.0543
31.8136
31.0144
31.6525
30.6805
32.5358
29.8033
32.3137
25.0389
34.2661
32.0287
31.7408
32.2527
31.2892
31.7508
31.2023
33.0964
30.3268
33.052
30.1197
29.8579
30.4874
32.013
29.8633
31.8495
32.1177
31.9887
35.0528
25.9636
31.2169
32.9401
29.8735
32.4705
32.4361
30.0725
37.3492
25.5946
31.917
32.7485
31.419
25.9473
32.2684
34.5544
29.8455
29.7533
31.4009
31.8667
31.7827
24.0267
38.1726
26.6061
31.4678
31.4182
32.582
31.8787
30.9347
31.1636
32.7742
31.2823
31.3571
32.0612
32.195
31.9805
33.1737
29.2609
32.4766
31.3659
32.588
23.2193
33.7723
31.3535
31.2111
33.6477
30.454
31.8099
32.5842
29.8796
34.0874
29.1274
31.7505
32.3561
32.5129
34.2853
29.4571
33.1861
29.3892
30.8563
32.0036
25.009
34.8483
30.5449
31.3725
32.2694
39.8043
20.6025
31.6896
34.5715
30.3726
33.039
31.12
