206.621
43.4014
34.722
37.3392
41.2326
40.8945
34.0526
35.6867
33.036
33.0537
32.3331
34.5201
33.9036
33.3935
33.0721
33.5345
35.2399
36.6313
34.6832
37.2382
39.5833
38.9243
33.6064
33.0127
36.1723
33.2635
38.0712
33.6292
36.2044
36.9129
32.8186
34.809
33.9872
33.1264
34.0269
33.9288
34.2385
33.6265
32.9304
33.8727
33.9322
33.7708
32.9369
34.7607
32.2532
32.5779
33.0044
33.6602
33.3848
33.1873
44.8829
32.5159
35.5655
33.2884
33.5229
35.1074
32.7413
35.4495
33.3259
33.8298
32.9974
33.2566
33.5125
35.6483
35.7559
45.8365
32.4739
34.0059
34.2863
33.5537
34.2136
33.5238
33.5725
33.1036
32.5119
36.3292
34.0561
33.1287
32.995
40.1845
34.495
37.1557
33.4674
35.0732
32.8194
35.9086
32.1087
35.182
38.377
40.7001
36.2439
36.6721
34.7891
37.3536
34.2711
38.7137
36.8729
35.3752
36.3826
39.7171
33.2542
44.9691
34.6154
45.4776
35.6091
39.0462
35.2299
51.0212
37.1168
34.1179
35.1828
34.3102
44.3584
34.671
33.6772
40.3159
41.7156
36.4268
38.513
36.0556
32.1552
33.3796
33.39
34.9664
37.5764
33.0725
38.0736
35.0881
36.1527
34.3873
32.975
34.545
34.3362
33.1836
35.314
33.5808
33.1953
33.3817
33.8621
33.721
32.0767
33.4683
34.1175
34.2831
32.8997
34.9772
45.8944
36.802
37.0977
33.4875
32.5341
33.1555
35.1795
36.2481
37.7035
39.6287
35.5477
39.7185
38.4945
39.6708
40.3364
33.1771
34.9838
32.4129
36.8474
32.4297
35.7688
33.7051
35.0665
34.4578
33.7979
32.55
36.624
33.2254
33.3116
32.6804
36.7867
33.093
35.6536
33.0574
37.8937
35.0954
39.7057
33.6789
32.9106
40.6034
36.8572
36.4042
45.8997
34.0067
45.3926
36.8597
32.6619
36.492
33.9037
35.6616
33.9819
34.6224
33.7116
32.5968
33.155
36.4793
38.4234
33.5218
35.4263
32.9611
34.636
33.6912
39.9623
35.4211
38.3439
44.0161
37.6085
34.0455
32.8965
34.6826
33.799
32.92
38.8783
34.4486
33.2741
39.8186
33.6217
33.6692
32.9183
35.119
34.6099
32.9899
36.0328
32.7601
32.7993
34.3005
32.9396
33.4324
33.4106
32.6583
36.4268
35.8676
37.1596
33.8653
32.7165
38.3076
32.2839
33.3188
33.4827
35.5573
32.4499
34.1973
34.8084
34.0072
34.9506
34.7999
32.9994
34.7426
36.2802
37.4625
39.9677
35.13
35.2632
33.0717
35.0606
34.4413
34.7431
34.3793
36.1842
34.0374
31.8278
34.5756
36.835
33.8058
34.435
32.3921
33.1529
36.3955
36.2948
34.2034
33.0881
36.1134
32.285
33.4594
35.8668
34.2378
34.2895
35.036
34.2761
34.3957
40.4511
36.7972
33.3291
34.4274
32.836
33.62
33.2788
38.3778
40.6191
38.9561
32.2632
33.585
35.1467
32.9656
32.6676
32.8362
33.5431
33.4254
34.3024
34.7295
32.436
36.7342
41.6214
35.2995
35.9579
36.831
32.5747
38.9466
41.6109
32.3
34.6044
32.689
34.0022
39.0661
32.5309
33.8943
34.9146
36.2199
33.8104
37.0422
32.728
38.9852
33.2153
35.1738
32.4968
33.6361
34.8413
34.9268
33.4495
36.9233
34.7073
34.7264
36.4516
36.3366
33.3925
32.751
34.1964
33.256
36.8492
34.7266
32.8483
35.6567
33.3888
34.5629
33.2478
36.0725
32.0733
33.6536
32.3738
33.4611
32.6881
32.8901
34.957
33.4593
32.5048
33.6148
35.3705
34.2441
33.5356
31.9562
33.5002
35.4636
34.1242
37.9341
34.4931
36.2067
33.5771
42.0833
32.4802
36.5368
33.4419
32.6787
33.5484
45.3067
31.9159
34.7747
33.6518
34.4088
35.109
41.6069
45.5153
32.9931
34.1637
33.3967
36.3475
39.7918
33.1984
32.5453
55.324
49.4395
34.2097
33.9658
32.8037
32.4829
34.2921
34.2639
36.6015
32.3923
38.7898
33.2437
33.3099
32.7579
32.0463
34.4824
33.2276
32.4109
35.8262
39.4248
44.2436
32.1792
33.6783
32.3994
34.9719
34.5247
36.3411
32.3395
32.0663
34.1818
35.5314
35.5453
33.2512
38.152
32.9784
33.7794
35.145
33.949
32.3096
33.6715
33.8691
34.9393
33.4826
32.5876
33.0586
46.0207
37.7857
34.8942
33.8065
33.0207
34.6206
33.118
36.1289
35.7624
32.926
35.3621
33.2994
37.2675
35.3768
33.2476
32.3353
32.7408
39.2962
31.1091
32.7941
33.6059
40.0567
38.1791
44.6533
33.8377
35.3555
34.6265
33.9808
36.7872
37.0435
35.5733
34.0234
39.3978
40.6006
32.7545
34.7659
34.7332
34.5305
37.0404
36.4997
33.7531
33.6502
34.5225
34.0839
45.2802
34.2149
35.0593
33.3429
45.5257
33.0851
36.0829
34.7299
34.6328
32.8364
35.3314
35.3867
33.6807
33.527
32.992
37.126
32.782
36.6042
42.4131
37.5246
35.4304
35.4605
34.1281
34.1493
35.3489
33.1588
33.5617
40.5982
36.361
34.6031
37.6868
34.3188
37.6799
32.8148
33.2872
35.0972
34.2181
35.1863
31.9702
34.5128
34.7276
32.5282
31.8195
32.717
33.1435
37.1629
39.709
33.7052
33.4559
33.1094
36.2394
32.4456
35.7444
34.9474
32.508
33.2985
35.5911
34.1923
33.982
39.4511
35.3225
33.5754
37.8476
33.8529
37.0818
36.0348
38.7508
40.2184
36.167
35.4369
34.1863
33.7157
33.9039
44.4499
33.9951
35.7839
33.9846
34.3854
33.42
44.5533
32.7713
34.7138
35.4496
34.0728
34.7885
34.9356
34.6964
44.5763
33.5894
35.0339
37.4086
36.1199
33.3465
34.2939
35.3782
34.7909
38.053
39.0477
35.7901
37.9016
35.2539
31.6209
33.1311
34.6177
33.4043
33.3116
33.9709
45.6793
35.6675
31.5533
39.8278
32.8955
38.308
37.0488
34.0333
34.5448
35.124
34.7242
35.5866
34.8703
35.2702
32.3311
33.461
34.9436
33.0079
33.1039
34.0056
46.6744
32.7574
35.4887
34.6835
34.0166
32.4372
33.1204
35.4672
33.9506
35.0009
33.0281
32.2577
40.6578
32.2489
35.7221
36.9423
34.7141
34.1569
33.6428
33.303
32.6733
34.9462
32.5044
34.1826
31.885
34.4269
35.2122
34.5793
31.8796
34.6145
35.9636
32.609
31.9621
35.853
33.1715
33.6833
60.5227
35.6242
34.5188
36.724
32.394
37.2689
33.1528
36.1707
46.2719
38.8378
34.9762
34.3205
34.8331
33.3809
34.1928
45.1689
34.6828
31.8237
33.1623
34.0168
33.1214
31.8031
34.3937
37.649
35.5936
32.3016
37.8526
34.7463
35.3677
32.7886
38.2145
33.1449
37.3659
34.838
35.574
33.3291
34.593
32.7475
34.9335
33.0393
33.8182
31.6475
34.8028
35.5162
33.9862
32.0817
32.756
34.2157
35.2935
33.5537
35.5872
41.8524
32.932
37.7235
34.2119
34.7995
33.5973
39.4454
35.1679
32.4126
35.8975
35.7197
32.127
37.5914
31.6931
39.1525
31.6183
32.7781
34.4242
46.8239
35.2415
45.8851
34.0909
33.4931
36.2384
44.6562
34.9285
36.1919
34.7629
35.7122
35.9443
34.864
35.0221
33.5928
33.8615
33.6344
35.0323
34.3819
35.0621
36.9714
34.3441
33.3914
34.5936
35.5689
33.5515
32.6096
33.0831
33.4267
34.45
34.2422
40.809
31.5858
31.6309
36.2036
36.1824
32.7343
33.3938
35.5593
35.2066
41.0713
34.4325
33.1968
33.3177
37.6388
32.469
32.3882
32.8198
34.789
37.5455
32.4526
32.0672
41.3483
34.4998
34.9458
33.6616
33.5204
32.4153
33.4033
34.8359
35.1873
34.3848
34.0891
33.8776
33.9187
32.1357
37.0955
32.1882
32.8246
33.0139
34.3206
32.259
32.5666
39.4224
32.9843
33.6613
35.1866
34.0909
38.7788
34.7568
34.1677
34.9339
33.8375
34.4573
34.7504
37.4943
32.0559
35.1423
32.5893
32.4898
34.274
33.4837
33.6523
34.9309
35.786
32.769
38.1982
33.3542
32.5975
34.932
32.2845
36.4121
37.6426
33.5944
33.0263
33.6335
36.5667
37.1526
38.013
33.5437
35.1271
36.2721
34.6669
36.4206
31.3491
40.0923
35.2829
34.4216
33.9435
32.7006
34.2982
33.1971
39.6144
33.0094
36.5406
31.9343
33.1436
31.868
34.9742
34.3043
34.9979
32.4501
37.5747
33.1278
33.1485
32.2349
39.874
32.1858
36.7373
40.1667
36.0488
38.5175
33.0534
34.8743
31.9672
33.4021
35.6304
34.0728
33.5189
33.7381
38.5341
32.9358
32.7708
37.3346
35.2877
32.7053
31.6627
35.5867
37.6833
41.8412
35.7711
36.2908
34.0882
33.0177
35.7209
34.2213
32.2526
33.4013
48.448
32.3552
32.8446
45.4956
40.3175
33.4152
32.5674
35.5501
32.7838
34.5686
46.773
32.3572
35.858
37.9472
37.9116
33.0622
45.8568
34.2845
33.8021
32.9627
35.836
34.4402
35.786
33.9624
34.0082
37.8398
35.0745
31.6189
35.6616
33.139
32.5544
32.0254
32.2688
32.1479
33.04
35.2878
33.4118
32.9232
33.2465
32.7312
33.6661
31.9332
34.0959
31.6054
33.8598
35.2987
33.654
45.9002
35.6167
34.9691
32.8204
34.4811
33.2323
34.445
32.7267
38.4632
32.32
32.7278
37.5701
32.3596
33.0182
34.2812
33.174
34.8437
33.6098
33.8459
33.5484
34.7717
33.1417
35.3221
35.124
35.1384
35.4366
34.5665
33.5522
35.4741
33.9461
33.8002
34.8318
33.1827
36.895
41.9503
36.2255
34.3693
32.2523
33.0155
32.3146
32.4977
34.8858
33.3867
35.6873
32.9352
33.6912
32.4387
34.9403
35.1825
36.1311
33.7996
45.7088
34.8217
34.8553
38.1545
34.423
32.4282
34.9837
36.5003
35.831
41.1123
36.7057
34.2901
34.7075
33.6697
32.5578
34.0341
35.6168
32.4324
37.8689
34.5302
36.1953
33.7445
34.3087
31.1348
33.875
32.8521
34.4182
32.8636
32.2445
32.9398
33.253
31.5125
33.497
36.2286
38.5667
37.949
45.3205
34.4866
34.4049
35.8297
33.0438
32.0355
33.3364
35.3666
33.8446
34.0423
35.8788
45.8005
33.4925
36.8953
33.826
32.5166
31.274
31.1496
32.7256
32.4007
33.967
33.0041
33.2472
32.4163
45.7495
32.5609
32.2345
31.717
36.1714
36.0987
31.9725
34.5913
31.822
33.8377
36.7704
31.7775
33.0834
32.8372
34.8428
32.5455
32.6684
33.2421
31.8597
34.2707
31.4135
35.3215
32.4678
34.349
46.9615
35.9468
34.5905
33.108
46.5927
31.0567
34.1945
34.058
36.2933
33.9393
33.6969
36.5886
33.6701
33.7736
34.0966
34.8861
33.3224
32.4388
36.1115
32.3476
36.5333
36.7127
38.1489
32.3061
32.7467
30.896
32.8801
33.3831
38.2323
45.4837
45.5351
46.2213
35.8225
38.5922
38.4347
35.0292
34.1289
33.5847
34.1846
34.3503
35.5926
32.2595
34.8971
35.2416
36.8374
35.6981
42.321
33.2306
36.296
33.6913
33.5047
34.493
34.6842
34.7861
33.9341
31.4306
36.4574
36.0313
34.7752
37.3262
35.0885
32.5782
34.25
33.5602
33.1172
38.4238
32.734
33.3509
33.0337
32.659
32.2751
34.7356
31.9597
34.3686
33.875
34.052
35.4066
44.8746
32.6457
35.5423
35.7273
33.3524
36.1876
34.7053
33.7211
34.7897
36.969
34.8674
35.0856
33.5302
36.9027
32.396
33.0083
34.039
33.5129
34.9521
33.7644
31.8145
36.2724
35.3209
36.896
33.7586
32.7952
35.7855
35.2306
36.4989
35.8496
32.5352
34.9276
32.5951
34.3607
34.2671
33.6554
39.0159
32.7082
34.8873
32.5091
32.1868
36.6554
32.1532
33.0814
33.9233
34.2501
32.8462
35.3723
32.7371
32.388
33.8111
35.0136
32.594
35.8953
34.815
35.6581
34.6422
35.2465
34.2522
35.6202
34.416
33.9078
42.2908
33.3959
35.5712
34.4248
34.1378
33.4135
34.4581
32.048
35.1898
33.0625
35.3103
34.6493
36.7443
31.8728
32.3069
34.7746
34.4084
33.8772
32.2304
32.4267
39.1872
34.1205
36.3537
36.0072
43.176
35.9191
34.4645
32.7833
33.1027
39.5833
33.0078
33.1022
33.3602
35.0425
35.3277
38.2163
32.986
38.2312
38.6424
40.4199
35.3596
35.7466
38.1917
39.6486
40.9334
34.0514
37.2243
38.7932
37.5652
37.7133
35.6962
35.1922
40.833
35.8654
35.2142
33.854
40.0313
