44.6772575378418
38.99264335632324
25.284290313720703
35.526275634765625
34.78741645812988
30.001163482666016
35.645484924316406
31.528949737548828
30.630826950073242
32.17959403991699
37.50443458557129
30.066490173339844
35.512447357177734
35.84432601928711
32.622337341308594
38.82336616516113
35.78591346740723
38.97857666015625
31.48627281188965
34.89041328430176
37.279367446899414
35.83550453186035
34.9736213684082
41.246891021728516
39.17121887207031
39.76154327392578
45.44878005981445
36.80872917175293
31.853437423706055
36.20767593383789
33.588409423828125
36.05222702026367
42.783498764038086
45.43471336364746
36.17405891418457
39.1390323638916
33.25033187866211
34.81292724609375
36.12542152404785
37.894248962402344
32.10806846618652
32.19461441040039
35.92681884765625
33.384084701538086
32.044172286987305
32.04989433288574
32.47690200805664
34.50441360473633
37.134647369384766
34.44647789001465
31.744718551635742
31.871557235717773
33.8287353515625
39.07060623168945
33.07318687438965
32.213449478149414
35.33434867858887
31.99028968811035
38.51008415222168
33.64253044128418
34.53469276428223
31.735658645629883
31.98981285095215
35.66122055053711
33.52999687194824
31.523942947387695
32.96041488647461
34.097909927368164
32.22155570983887
31.80217742919922
39.6573543548584
37.058353424072266
33.07843208312988
31.065702438354492
38.39564323425293
40.10272026062012
38.03539276123047
31.34775161743164
32.93037414550781
34.099578857421875
37.178993225097656
33.01548957824707
32.05418586730957
35.37750244140625
35.23969650268555
38.14435005187988
35.073280334472656
33.25247764587402
31.404733657836914
34.63101387023926
36.96942329406738
32.65047073364258
31.43167495727539
29.507160186767578
35.52508354187012
39.8259162902832
33.16807746887207
31.918048858642578
31.830787658691406
35.10236740112305
33.724069595336914
37.92405128479004
39.940834045410156
36.25679016113281
40.18902778625488
40.41552543640137
30.393600463867188
33.159732818603516
40.033578872680664
37.46390342712402
40.07148742675781
32.952308654785156
33.188819885253906
35.97092628479004
36.36288642883301
39.09754753112793
34.91330146789551
36.482810974121094
31.77666664123535
32.990217208862305
32.80472755432129
34.79933738708496
36.41939163208008
32.93418884277344
32.30643272399902
40.261030197143555
39.78109359741211
37.5208854675293
32.4864387512207
34.867286682128906
32.91940689086914
31.64052963256836
31.087636947631836
34.441471099853516
41.58902168273926
32.607078552246094
43.66731643676758
34.800052642822266
31.603336334228516
32.44662284851074
35.056352615356445
36.95392608642578
31.942129135131836
36.01527214050293
34.64078903198242
36.6518497467041
36.460161209106445
33.125877380371094
42.192935943603516
37.50729560852051
36.09919548034668
31.59928321838379
37.17780113220215
33.88190269470215
32.00364112854004
38.422346115112305
35.75015068054199
34.26980972290039
37.23645210266113
31.979799270629883
32.448768615722656
34.05308723449707
36.08298301696777
31.602144241333008
31.580209732055664
32.955169677734375
34.81912612915039
38.49053382873535
36.376237869262695
35.54844856262207
35.018205642700195
38.23661804199219
31.985044479370117
32.14693069458008
34.1033935546875
36.171674728393555
34.99484062194824
35.253047943115234
30.00640869140625
37.76216506958008
32.079219818115234
32.84263610839844
44.179677963256836
36.37528419494629
32.10163116455078
32.51457214355469
32.81807899475098
34.00421142578125
38.84458541870117
35.16650199890137
31.807422637939453
37.526845932006836
31.18729591369629
34.02447700500488
36.104440689086914
38.32268714904785
33.12087059020996
37.94503211975098
38.75279426574707
31.368017196655273
37.26601600646973
38.92636299133301
34.415245056152344
36.017656326293945
32.03272819519043
40.37880897521973
34.73925590515137
32.099246978759766
38.83981704711914
29.41155433654785
33.83946418762207
32.59754180908203
37.457942962646484
33.82062911987305
40.04502296447754
30.110836029052734
33.095359802246094
34.90400314331055
36.99851036071777
40.241241455078125
29.38389778137207
33.75554084777832
36.234140396118164
31.792402267456055
37.78076171875
35.01296043395996
31.859874725341797
32.34696388244629
33.989906311035156
35.75897216796875
35.24374961853027
38.114309310913086
31.32486343383789
32.891035079956055
34.9423885345459
35.81738471984863
30.329465866088867
36.48948669433594
31.614065170288086
36.16070747375488
34.9118709564209
33.81681442260742
35.804033279418945
33.10871124267578
35.73966026306152
32.15456008911133
33.84995460510254
40.51709175109863
37.960052490234375
44.40021514892578
47.47891426086426
30.5635929107666
33.77723693847656
32.20677375793457
32.06443786621094
31.435489654541016
32.112836837768555
34.26933288574219
34.81101989746094
31.787872314453125
32.740116119384766
36.298274993896484
34.66176986694336
33.293962478637695
31.92734718322754
34.17539596557617
35.98594665527344
31.640291213989258
37.14251518249512
29.932022094726562
36.74578666687012
39.92438316345215
27.91881561279297
29.506683349609375
39.08228874206543
33.77103805541992
35.8731746673584
32.6693058013916
31.81910514831543
33.32352638244629
36.75031661987305
32.204389572143555
34.74068641662598
34.70730781555176
32.0277214050293
30.63368797302246
32.184600830078125
33.826351165771484
36.512136459350586
37.64629364013672
31.79788589477539
33.814191818237305
33.783674240112305
35.798072814941406
31.453371047973633
31.629085540771484
30.3347110748291
37.95337677001953
34.761667251586914
37.27865219116211
31.681537628173828
31.8450927734375
39.049386978149414
39.55578804016113
39.321184158325195
32.450199127197266
37.619829177856445
34.68728065490723
38.445472717285156
31.832218170166016
32.11355209350586
44.3727970123291
33.85758399963379
38.034915924072266
35.69841384887695
32.70530700683594
32.021284103393555
31.18300437927246
32.73630142211914
34.7743034362793
31.826496124267578
32.56630897521973
32.21416473388672
33.73599052429199
39.25824165344238
34.98673439025879
33.95676612854004
36.0560417175293
32.78708457946777
31.42261505126953
32.525062561035156
34.74712371826172
31.63313865661621
30.94339370727539
38.1319522857666
36.29732131958008
37.39023208618164
31.693696975708008
32.49812126159668
34.637451171875
36.72456741333008
32.56583213806152
32.652854919433594
32.501935958862305
35.63356399536133
33.861398696899414
28.728246688842773
32.58681297302246
31.59189224243164
34.06929969787598
36.228179931640625
31.54444694519043
32.254695892333984
33.66422653198242
36.328792572021484
35.03608703613281
35.58683395385742
37.75167465209961
36.827802658081055
31.888723373413086
32.60302543640137
33.59174728393555
36.40246391296387
32.172441482543945
33.13922882080078
35.06278991699219
37.611961364746094
31.587600708007812
37.10198402404785
33.80942344665527
35.408735275268555
31.89826011657715
31.775951385498047
31.4638614654541
34.10744667053223
32.367706298828125
34.926652908325195
37.31393814086914
31.665325164794922
36.002159118652344
31.838655471801758
33.240318298339844
35.54344177246094
32.08327293395996
31.481504440307617
32.489776611328125
37.448883056640625
37.17517852783203
39.342403411865234
33.205270767211914
33.84256362915039
40.33946990966797
32.047271728515625
31.430721282958984
32.407522201538086
34.87062454223633
35.49027442932129
34.95526313781738
37.51182556152344
35.9494686126709
37.94527053833008
39.40987586975098
29.703617095947266
32.06968307495117
34.44981575012207
32.35030174255371
37.885189056396484
37.467002868652344
34.20615196228027
35.55107116699219
32.012224197387695
31.403541564941406
39.58249092102051
39.79372978210449
31.9058895111084
38.96284103393555
31.894683837890625
36.15713119506836
36.96012496948242
38.637399673461914
36.218881607055664
31.78882598876953
31.82506561279297
32.96160697937012
34.590959548950195
36.97967529296875
39.452314376831055
33.196449279785156
37.76121139526367
34.09838676452637
32.97114372253418
32.3333740234375
32.51338005065918
32.31310844421387
36.70239448547363
29.902935028076172
31.55684471130371
32.071590423583984
40.22407531738281
35.33339500427246
32.112836837768555
32.77087211608887
34.63315963745117
36.05318069458008
32.71341323852539
37.90736198425293
34.32440757751465
35.43376922607422
32.41872787475586
36.52381896972656
31.398773193359375
38.43879699707031
31.72612190246582
37.79792785644531
34.81149673461914
32.71365165710449
38.40017318725586
34.53803062438965
34.81245040893555
34.52491760253906
36.57650947570801
31.773090362548828
33.32972526550293
35.396575927734375
37.92214393615723
31.6312313079834
37.322044372558594
34.27481651306152
36.91220283508301
34.39044952392578
34.62815284729004
31.553983688354492
32.42802619934082
34.563541412353516
32.00221061706543
33.88643264770508
37.676095962524414
34.23452377319336
39.68453407287598
33.14328193664551
37.630558013916016
33.58793258666992
32.267093658447266
31.568288803100586
36.91267967224121
34.665584564208984
36.606550216674805
31.7232608795166
31.791210174560547
38.38515281677246
35.80784797668457
36.61036491394043
29.84905242919922
28.496980667114258
32.241106033325195
31.87704086303711
38.21134567260742
33.623456954956055
36.13924980163574
32.64284133911133
31.926870346069336
35.73775291442871
33.277273178100586
31.815290451049805
33.620357513427734
36.07034683227539
32.2566032409668
32.1650505065918
31.72469139099121
34.19852256774902
35.8431339263916
37.5981330871582
38.75374794006348
34.54399108886719
30.402183532714844
33.54048728942871
34.453630447387695
36.80992126464844
38.20300102233887
30.505895614624023
33.68663787841797
35.128116607666016
40.200233459472656
27.153491973876953
31.981945037841797
31.79144859313965
33.55669975280762
35.843849182128906
34.63268280029297
32.61232376098633
32.16266632080078
33.86569023132324
36.47756576538086
35.462379455566406
34.21187400817871
29.469013214111328
32.08589553833008
32.24062919616699
33.80632400512695
32.567501068115234
31.750202178955078
30.324935913085938
33.539772033691406
36.59343719482422
36.15450859069824
37.16683387756348
35.13073921203613
33.28442573547363
32.55915641784668
32.042503356933594
32.221317291259766
33.553361892700195
35.530805587768555
37.66822814941406
32.08112716674805
31.931161880493164
34.6217155456543
34.50798988342285
33.33592414855957
34.84797477722168
31.67581558227539
32.99665451049805
32.6237678527832
34.087181091308594
39.02935981750488
34.48128700256348
32.74869918823242
38.47551345825195
32.62901306152344
32.79376029968262
38.82551193237305
36.83209419250488
39.636850357055664
36.34166717529297
37.652015686035156
33.3867073059082
37.42504119873047
32.07278251647949
34.897804260253906
38.70701789855957
31.55350685119629
33.80107879638672
35.89272499084473
38.11240196228027
32.29236602783203
34.36923027038574
35.34746170043945
32.5164794921875
38.03515434265137
35.575151443481445
31.891584396362305
31.792640686035156
37.297964096069336
33.601999282836914
32.32169151306152
36.07058525085449
37.053823471069336
32.01627731323242
34.90400314331055
36.80300712585449
40.77863693237305
34.98578071594238
32.305240631103516
33.76150131225586
33.51783752441406
35.96043586730957
38.6660099029541
40.7562255859375
33.777475357055664
35.83836555480957
31.73375129699707
42.995452880859375
35.05706787109375
35.87698936462402
31.34775161743164
32.34982490539551
37.02425956726074
36.15069389343262
33.60342979431152
36.29803657531738
38.244009017944336
36.2398624420166
40.3285026550293
39.56103324890137
37.09816932678223
39.00885581970215
40.415048599243164
34.440040588378906
36.73529624938965
32.17267990112305
32.594919204711914
34.66081619262695
36.556243896484375
38.4368896484375
38.52248191833496
42.181968688964844
42.71435737609863
29.857158660888672
35.81976890563965
32.05513954162598
36.54813766479492
39.36958312988281
32.41991996765137
37.3992919921875
37.519216537475586
36.75532341003418
39.0932559967041
34.80243682861328
36.08965873718262
32.51481056213379
32.30714797973633
37.16301918029785
34.64055061340332
36.418914794921875
42.80972480773926
34.94453430175781
36.58032417297363
38.75851631164551
42.436838150024414
32.83500671386719
34.75213050842285
37.1553897857666
39.83044624328613
31.92877769470215
34.65151786804199
39.363861083984375
37.44387626647949
37.48679161071777
36.901235580444336
31.766891479492188
33.01358222961426
33.779144287109375
35.8731746673584
38.0711555480957
39.98541831970215
31.958818435668945
34.05642509460449
34.992218017578125
31.93950653076172
34.78574752807617
36.86833381652832
38.90728950500488
32.98020362854004
32.60660171508789
34.38854217529297
36.14377975463867
38.060665130615234
38.54560852050781
41.555166244506836
29.934406280517578
34.262657165527344
36.26275062561035
32.042503356933594
31.80551528930664
37.6584529876709
35.256385803222656
31.372785568237305
30.65657615661621
36.65328025817871
30.27057647705078
31.807422637939453
31.308412551879883
32.70077705383301
31.877994537353516
37.668466567993164
38.83981704711914
31.312942504882812
33.49924087524414
37.378787994384766
35.51054000854492
36.20719909667969
31.839609146118164
37.38760948181152
33.15591812133789
35.48932075500488
38.58041763305664
32.294511795043945
33.204078674316406
35.18986701965332
43.74957084655762
31.218290328979492
34.957170486450195
32.68694877624512
34.627676010131836
36.510467529296875
37.75286674499512
32.11569786071777
31.507253646850586
34.10625457763672
35.430908203125
29.636621475219727
33.101558685302734
31.23760223388672
34.02066230773926
36.23819351196289
37.75215148925781
32.09877014160156
32.866716384887695
35.71939468383789
32.34505653381348
34.66606140136719
35.213470458984375
32.10854530334473
36.14044189453125
35.46309471130371
32.49692916870117
38.86818885803223
31.664371490478516
31.985998153686523
31.85296058654785
33.83493423461914
37.64700889587402
29.355525970458984
31.89992904663086
33.58125686645508
30.62891960144043
34.59882736206055
37.049293518066406
32.52148628234863
32.701969146728516
33.82420539855957
38.17391395568848
35.87055206298828
37.6129150390625
36.203622817993164
32.703399658203125
30.050277709960938
33.52761268615723
39.766550064086914
32.44781494140625
32.927751541137695
35.25900840759277
37.23597526550293
31.917333602905273
31.740665435791016
36.74769401550293
34.34944152832031
36.92746162414551
32.99760818481445
33.74195098876953
33.14638137817383
31.720399856567383
35.14552116394043
28.88202667236328
34.24382209777832
36.50236129760742
31.27598762512207
38.336992263793945
33.71620178222656
37.789106369018555
35.30740737915039
33.69736671447754
35.21394729614258
36.57817840576172
29.788732528686523
36.14091873168945
31.68344497680664
31.191110610961914
44.066429138183594
33.620595932006836
32.872676849365234
31.782150268554688
31.67891502380371
41.0916805267334
30.90047836303711
34.998416900634766
37.718772888183594
31.258106231689453
32.48453140258789
34.8970890045166
35.42375564575195
34.74545478820801
37.26673126220703
35.962820053100586
40.070295333862305
35.86602210998535
31.874656677246094
31.95929527282715
34.293413162231445
34.75475311279297
37.543296813964844
35.51030158996582
32.08041191101074
32.63592720031738
35.93873977661133
34.88874435424805
33.966779708862305
36.339759826660156
32.87482261657715
32.77587890625
32.95755386352539
41.77570343017578
30.152082443237305
33.18929672241211
34.982919692993164
35.51197052001953
34.41309928894043
36.44514083862305
31.955957412719727
32.384395599365234
33.677101135253906
35.18247604370117
38.25879096984863
33.982038497924805
39.8712158203125
36.41653060913086
31.54778480529785
38.23566436767578
31.920194625854492
32.06896781921387
34.093618392944336
36.986589431762695
32.0591926574707
33.56194496154785
32.4554443359375
35.50076484680176
28.49864959716797
34.1191291809082
31.667232513427734
32.12928771972656
31.382322311401367
34.32059288024902
36.446332931518555
32.590627670288086
32.08804130554199
34.44266319274902
35.065412521362305
34.295082092285156
36.951541900634766
32.160043716430664
31.91089630126953
32.900333404541016
36.444664001464844
31.667709350585938
35.33458709716797
33.44249725341797
38.428306579589844
33.60414505004883
33.644676208496094
34.63339805603027
32.60016441345215
31.97479248046875
31.0518741607666
34.009456634521484
36.252737045288086
31.882047653198242
32.55271911621094
31.791210174560547
32.70316123962402
32.38821029663086
32.61399269104004
36.80109977722168
33.593177795410156
32.73892402648926
39.80302810668945
33.53142738342285
33.9665412902832
34.668922424316406
37.0793342590332
34.90138053894043
35.400390625
32.88555145263672
36.67783737182617
34.17634963989258
36.4079475402832
38.50913047790527
31.788349151611328
37.58811950683594
35.878658294677734
35.5532169342041
36.74721717834473
32.91749954223633
34.22117233276367
35.956621170043945
32.726287841796875
31.990766525268555
38.03873062133789
34.93762016296387
37.73903846740723
37.16540336608887
32.90295600891113
32.20629692077637
35.4008674621582
31.878232955932617
39.73650932312012
32.0894718170166
34.882307052612305
32.06443786621094
31.90779685974121
38.38706016540527
35.97235679626465
37.84632682800293
34.72185134887695
32.36198425292969
31.2497615814209
34.073591232299805
31.49890899658203
32.416343688964844
41.36490821838379
36.536455154418945
36.52811050415039
31.676292419433594
31.841516494750977
36.45205497741699
37.63103485107422
31.662940979003906
32.50551223754883
33.73312950134277
36.73529624938965
32.45735168457031
37.253618240356445
38.19441795349121
36.98253631591797
32.21845626831055
35.2323055267334
30.063390731811523
31.219482421875
37.48011589050293
34.555673599243164
36.76033020019531
42.10853576660156
29.851198196411133
31.790733337402344
40.19761085510254
32.81760215759277
37.114620208740234
31.85558319091797
33.571481704711914
34.87086296081543
32.13667869567871
37.09077835083008
38.03682327270508
35.51912307739258
39.73031044006348
52.66880989074707
38.23661804199219
34.73162651062012
32.13381767272949
31.801700592041016
32.21893310546875
40.68589210510254
37.33515739440918
37.377119064331055
38.1169319152832
34.91377830505371
31.574249267578125
32.166242599487305
37.60480880737305
31.833410263061523
30.521154403686523
37.367820739746094
30.543088912963867
33.44464302062988
35.44497489929199
37.98937797546387
32.507896423339844
32.02652931213379
40.158987045288086
34.37066078186035
37.85395622253418
32.0286750793457
37.84537315368652
34.174203872680664
36.47637367248535
32.015323638916016
33.70785713195801
36.01217269897461
32.56535530090332
39.75415229797363
34.67535972595215
32.26161003112793
37.53495216369629
35.00509262084961
39.91389274597168
37.104129791259766
32.62734413146973
32.32216835021973
34.52491760253906
32.207489013671875
38.99049758911133
37.08195686340332
39.95537757873535
35.22133827209473
32.216787338256836
37.201881408691406
31.634092330932617
36.889076232910156
34.38162803649902
36.90004348754883
39.307594299316406
37.111759185791016
40.618896484375
29.60801124572754
36.85259819030762
39.414167404174805
31.775236129760742
37.85586357116699
40.25602340698242
32.726287841796875
35.21370887756348
31.94904327392578
41.2442684173584
33.80703926086426
36.99779510498047
36.168575286865234
37.24360466003418
40.19045829772949
37.42790222167969
34.77120399475098
37.43100166320801
33.17975997924805
31.230688095092773
34.13724899291992
40.01021385192871
35.880088806152344
31.930923461914062
31.99315071105957
34.84988212585449
36.968231201171875
32.828569412231445
33.42628479003906
32.737016677856445
34.68799591064453
37.43910789489746
38.126230239868164
36.09204292297363
31.83770179748535
31.908512115478516
34.423112869262695
42.11115837097168
32.668352127075195
31.42094612121582
32.533884048461914
34.754276275634766
32.14573860168457
38.39373588562012
33.585309982299805
31.943321228027344
34.15274620056152
35.44163703918457
37.37664222717285
32.08565711975098
32.361507415771484
33.65492820739746
35.518646240234375
36.789655685424805
36.42916679382324
29.746294021606445
31.67891502380371
32.797813415527344
44.16155815124512
35.58540344238281
31.70943260192871
34.36851501464844
32.74989128112793
36.74483299255371
38.12742233276367
35.53462028503418
32.15193748474121
32.80186653137207
35.202741622924805
32.24492073059082
31.89706802368164
32.55605697631836
34.45076942443848
36.61489486694336
38.09499740600586
32.152652740478516
42.36721992492676
31.906604766845703
32.74726867675781
39.46423530578613
32.010555267333984
31.590938568115234
37.64653205871582
35.03870964050293
35.019636154174805
32.181739807128906
35.04633903503418
37.33038902282715
33.90836715698242
36.457061767578125
31.912565231323242
31.931400299072266
33.89930725097656
36.30638122558594
39.46638107299805
34.07549858093262
32.75179862976074
31.846046447753906
36.637067794799805
29.956340789794922
30.623197555541992
33.263206481933594
40.23241996765137
31.792402267456055
30.978918075561523
35.87770462036133
29.735326766967773
36.420583724975586
32.58872032165527
34.14583206176758
30.551433563232422
38.00344467163086
30.59864044189453
33.71262550354004
36.08250617980957
32.19795227050781
34.3012809753418
34.38925743103027
36.93270683288574
31.352758407592773
33.07509422302246
35.9349250793457
37.82200813293457
35.20464897155762
32.18364715576172
31.896591186523438
39.6730899810791
29.607772827148438
32.34243392944336
32.71007537841797
38.6660099029541
41.66102409362793
31.075477600097656
32.13953971862793
33.223628997802734
35.75897216796875
34.64484214782715
41.075706481933594
39.63971138000488
36.71669960021973
32.02319145202637
41.1376953125
33.06078910827637
38.460731506347656
32.79566764831543
33.42247009277344
34.67202186584473
36.041975021362305
31.688213348388672
33.76030921936035
36.42702102661133
31.689882278442383
32.3491096496582
33.88714790344238
34.52444076538086
34.98697280883789
36.81492805480957
38.855552673339844
33.74195098876953
31.61334991455078
33.39862823486328
35.608768463134766
32.006263732910156
37.25576400756836
34.143686294555664
37.37640380859375
37.36519813537598
32.6998233795166
33.6451530456543
29.995203018188477
32.28259086608887
32.750844955444336
34.59596633911133
37.10365295410156
31.944751739501953
35.607099533081055
36.739349365234375
34.22832489013672
35.81738471984863
39.15691375732422
34.77835655212402
32.4094295501709
34.66916084289551
31.644344329833984
31.42833709716797
37.357330322265625
31.92424774169922
36.84687614440918
35.57991981506348
40.828704833984375
37.529706954956055
41.611433029174805
37.9338264465332
31.972646713256836
32.35316276550293
34.07096862792969
32.28640556335449
32.532453536987305
35.886526107788086
37.25123405456543
37.08815574645996
36.88859939575195
38.21730613708496
35.86626052856445
34.28792953491211
36.11111640930176
38.29360008239746
35.35604476928711
32.800912857055664
36.751508712768555
35.028934478759766
41.486263275146484
37.90569305419922
35.25424003601074
31.65912628173828
32.07993507385254
34.73973274230957
34.99102592468262
31.797170639038086
31.618356704711914
37.24551200866699
27.49490737915039
32.74226188659668
38.69891166687012
32.23848342895508
32.60493278503418
34.71660614013672
36.41009330749512
31.611919403076172
